 5.550000E-01 - Wavelength
 1.9110E-01 Slambda
 
 
 
   1     0.000000E+00     1.000000E-01     2.669756E-02     2.524200E-02     1.158296E-02     1.117743E-02     
   2     1.000000E-01     5.000000E-01     2.375145E-02     2.245717E-02     1.145107E-02     1.105272E-02     
   3     5.000000E-01     1.000000E+00     1.925976E-02     1.821011E-02     1.090695E-02     1.053371E-02     
   4     1.000000E+00     2.000000E+00     1.365006E-02     1.290584E-02     1.024909E-02     9.903895E-03     
   5     2.000000E+00     3.000000E+00     8.411034E-03     8.007151E-03     9.099894E-03     8.798234E-03     
   6     3.000000E+00     4.000000E+00     6.383237E-03     6.149078E-03     8.106205E-03     7.830111E-03     
   7     4.000000E+00     5.000000E+00     7.942091E-03     7.650730E-03     7.256601E-03     6.991320E-03     
   8     5.000000E+00     6.000000E+00     8.417947E-03     8.109054E-03     6.520159E-03     6.258995E-03     
   9     6.000000E+00     7.000000E+00     6.888957E-03     6.636180E-03     5.885991E-03     5.618273E-03     
  10     7.000000E+00     8.000000E+00     4.617764E-03     4.448325E-03     5.329804E-03     5.043146E-03     
  11     8.000000E+00     9.000000E+00     2.496106E-03     2.404511E-03     4.831375E-03     4.531999E-03     
  12     9.000000E+00     1.000000E+01     1.442087E-03     1.389249E-03     4.381471E-03     4.056886E-03     
  13     1.000000E+01     1.100000E+01     9.615938E-04     9.408415E-04     3.924671E-03     3.585825E-03     
  14     1.100000E+01     1.200000E+01     7.109719E-04     7.109719E-04     3.541346E-03     3.127710E-03     
  15     1.200000E+01     1.300000E+01     5.718453E-04     5.718453E-04     3.135298E-03     2.680123E-03     
  16     1.300000E+01     1.400000E+01     4.744333E-04     4.744333E-04     2.844356E-03     2.304556E-03     
  17     1.400000E+01     1.500000E+01     4.144848E-04     4.144848E-04     2.664881E-03     1.987869E-03     
  18     1.500000E+01     1.600000E+01     3.851427E-04     3.851427E-04     2.368425E-03     1.714741E-03     
  19     1.600000E+01     1.700000E+01     4.000471E-04     4.000471E-04     2.161280E-03     1.491508E-03     
  20     1.700000E+01     1.800000E+01     4.684640E-04     4.684640E-04     1.967159E-03     1.298395E-03     
  21     1.800000E+01     1.900000E+01     5.457954E-04     5.457954E-04     1.940731E-03     1.128281E-03     
  22     1.900000E+01     2.000000E+01     5.799960E-04     5.799960E-04     2.017907E-03     9.793862E-04     
  23     2.000000E+01     2.100000E+01     5.396878E-04     5.396878E-04     2.026805E-03     8.483788E-04     
  24     2.100000E+01     2.300000E+01     3.890200E-04     3.890200E-04     1.937874E-03     7.332057E-04     
  25     2.300000E+01     2.500000E+01     2.022202E-04     2.022202E-04     1.792061E-03     5.474071E-04     
  26     2.500000E+01     3.000000E+01     7.063998E-05     7.063998E-05     1.688346E-03     4.070711E-04     
  27     3.000000E+01     3.500000E+01     2.463931E-05     2.459634E-05     1.050652E-03     1.922076E-04     
  28     3.500000E+01     4.000000E+01     1.166827E-05     1.160785E-05     5.986936E-04     8.380617E-05     
  29     4.000000E+01     4.500000E+01     5.759830E-06     5.729906E-06     2.529932E-04     4.075828E-05     
  30     4.500000E+01     5.000000E+01     2.945956E-06     2.930685E-06     8.452297E-05     2.055222E-05     
  31     5.000000E+01     7.000000E+01     7.518004E-07     7.478957E-07     3.192689E-05     1.087158E-05     
  32     7.000000E+01     1.000000E+02     3.083643E-08     3.067567E-08     1.234761E-06     9.682065E-07     

1.000000E+00  9.994000E-01  9.976000E-01  9.945000E-01  9.903000E-01  9.848000E-01  9.781000E-01  9.613000E-01  9.397000E-01  9.135000E-01  8.829000E-01  8.480000E-01  8.090000E-01  7.660000E-01  6.428000E-01  5.000000E-01  3.420000E-01  1.736000E-01  0.000000E+00  -1.736000E-01  -3.420000E-01  -5.000000E-01  -5.736000E-01  -6.428000E-01  -7.071000E-01  -7.660000E-01  -8.192000E-01  -8.660000E-01  -9.063000E-01  -9.397000E-01  -9.659000E-01  -9.848000E-01  -9.962000E-01  -1.000000E+00  
1     1.439817E+02     1.881437E+01     9.690588E+00     7.141909E+00     5.914412E+00     5.120070E+00     4.518641E+00     3.603426E+00     2.904834E+00     2.348834E+00     1.901573E+00     1.542093E+00     1.252844E+00     1.020298E+00     6.197742E-01     3.875522E-01     2.514175E-01     1.713502E-01     1.234612E-01     9.510044E-02     7.965031E-02     7.283714E-02     7.194740E-02     7.262937E-02     7.487240E-02     7.878255E-02     8.445282E-02     9.187523E-02     1.004847E-01     1.079991E-01     1.125135E-01     1.180990E-01     1.328837E-01     1.421225E-01     
2     1.207420E+02     1.934354E+01     9.685038E+00     6.917578E+00     5.641827E+00     4.861382E+00     4.294005E+00     3.453358E+00     2.815569E+00     2.303216E+00     1.885533E+00     1.544840E+00     1.266955E+00     1.040632E+00     6.434813E-01     4.078206E-01     2.671086E-01     1.830814E-01     1.324614E-01     1.024115E-01     8.585467E-02     7.841767E-02     7.729785E-02     7.773220E-02     7.973960E-02     8.328483E-02     8.844896E-02     9.525047E-02     1.032793E-01     1.111105E-01     1.163866E-01     1.231581E-01     1.378259E-01     1.466994E-01     
3     9.422746E+01     1.994698E+01     9.678761E+00     6.661429E+00     5.330760E+00     4.566096E+00     4.037619E+00     3.282129E+00     2.713844E+00     2.251276E+00     1.867229E+00     1.547897E+00     1.282962E+00     1.063935E+00     6.705252E-01     4.309484E-01     2.850147E-01     1.964543E-01     1.427271E-01     1.107483E-01     9.293488E-02     8.478616E-02     8.340365E-02     8.355586E-02     8.529310E-02     8.842316E-02     9.300914E-02     9.910379E-02     1.064697E-01     1.146672E-01     1.208134E-01     1.289399E-01     1.434703E-01     1.519200E-01     
4     8.701030E+01     2.011147E+01     9.677034E+00     6.591730E+00     5.246074E+00     4.485654E+00     3.967856E+00     3.235538E+00     2.686160E+00     2.237153E+00     1.862212E+00     1.548713E+00     1.287336E+00     1.070188E+00     6.778924E-01     4.372424E-01     2.898917E-01     2.000943E-01     1.455259E-01     1.130223E-01     9.486212E-02     8.651967E-02     8.506510E-02     8.514033E-02     8.680463E-02     8.982130E-02     9.425036E-02     1.001506E-01     1.073319E-01     1.156284E-01     1.220125E-01     1.305138E-01     1.450052E-01     1.533365E-01     
5     4.637212E+01     1.259028E+01     7.258612E+00     5.606795E+00     4.815015E+00     4.308440E+00     3.919244E+00     3.292716E+00     2.772195E+00     2.325689E+00     1.943664E+00     1.620017E+00     1.348202E+00     1.121516E+00     7.107973E-01     4.583966E-01     3.039419E-01     2.098960E-01     1.529650E-01     1.193067E-01     1.006704E-01     9.212305E-02     9.065489E-02     9.067100E-02     9.214001E-02     9.479049E-02     9.856112E-02     1.032327E-01     1.085500E-01     1.143061E-01     1.193298E-01     1.265197E-01     1.378763E-01     1.443525E-01     
6     4.983809E+00     4.931872E+00     4.795677E+00     4.603661E+00     4.376120E+00     4.128022E+00     3.869742E+00     3.350910E+00     2.859746E+00     2.415841E+00     2.026721E+00     1.692726E+00     1.410184E+00     1.173755E+00     7.443191E-01     4.799359E-01     3.182556E-01     2.198613E-01     1.605562E-01     1.257132E-01     1.065791E-01     9.783018E-02     9.634745E-02     9.630346E-02     9.757420E-02     9.985153E-02     1.029538E-01     1.063762E-01     1.097991E-01     1.129553E-01     1.165903E-01     1.224488E-01     1.306220E-01     1.351943E-01     
7     4.983809E+00     4.931872E+00     4.795677E+00     4.603661E+00     4.376120E+00     4.128022E+00     3.869742E+00     3.350910E+00     2.859746E+00     2.415841E+00     2.026721E+00     1.692726E+00     1.410184E+00     1.173755E+00     7.443191E-01     4.799359E-01     3.182556E-01     2.198613E-01     1.605562E-01     1.257132E-01     1.065791E-01     9.783018E-02     9.634745E-02     9.630346E-02     9.757420E-02     9.985153E-02     1.029538E-01     1.063762E-01     1.097991E-01     1.129553E-01     1.165903E-01     1.224488E-01     1.306220E-01     1.351943E-01     
8     4.983809E+00     4.931872E+00     4.795677E+00     4.603661E+00     4.376120E+00     4.128022E+00     3.869742E+00     3.350910E+00     2.859746E+00     2.415841E+00     2.026721E+00     1.692726E+00     1.410184E+00     1.173755E+00     7.443191E-01     4.799359E-01     3.182556E-01     2.198613E-01     1.605562E-01     1.257132E-01     1.065791E-01     9.783018E-02     9.634745E-02     9.630346E-02     9.757420E-02     9.985153E-02     1.029538E-01     1.063762E-01     1.097991E-01     1.129553E-01     1.165903E-01     1.224488E-01     1.306220E-01     1.351943E-01     
9     4.983809E+00     4.931872E+00     4.795677E+00     4.603661E+00     4.376120E+00     4.128022E+00     3.869742E+00     3.350910E+00     2.859746E+00     2.415841E+00     2.026721E+00     1.692726E+00     1.410184E+00     1.173755E+00     7.443191E-01     4.799359E-01     3.182556E-01     2.198613E-01     1.605562E-01     1.257132E-01     1.065791E-01     9.783018E-02     9.634745E-02     9.630346E-02     9.757420E-02     9.985153E-02     1.029538E-01     1.063762E-01     1.097991E-01     1.129553E-01     1.165903E-01     1.224488E-01     1.306220E-01     1.351943E-01     
10     4.983809E+00     4.931872E+00     4.795677E+00     4.603661E+00     4.376120E+00     4.128022E+00     3.869742E+00     3.350910E+00     2.859746E+00     2.415841E+00     2.026721E+00     1.692726E+00     1.410184E+00     1.173755E+00     7.443191E-01     4.799359E-01     3.182556E-01     2.198613E-01     1.605562E-01     1.257132E-01     1.065791E-01     9.783018E-02     9.634745E-02     9.630346E-02     9.757420E-02     9.985153E-02     1.029538E-01     1.063762E-01     1.097991E-01     1.129553E-01     1.165903E-01     1.224488E-01     1.306220E-01     1.351943E-01     
11     4.983809E+00     4.931872E+00     4.795677E+00     4.603661E+00     4.376120E+00     4.128022E+00     3.869742E+00     3.350910E+00     2.859746E+00     2.415841E+00     2.026721E+00     1.692726E+00     1.410184E+00     1.173755E+00     7.443191E-01     4.799359E-01     3.182556E-01     2.198613E-01     1.605562E-01     1.257132E-01     1.065791E-01     9.783018E-02     9.634745E-02     9.630346E-02     9.757420E-02     9.985153E-02     1.029538E-01     1.063762E-01     1.097991E-01     1.129553E-01     1.165903E-01     1.224488E-01     1.306220E-01     1.351943E-01     
12     4.983809E+00     4.931872E+00     4.795677E+00     4.603661E+00     4.376120E+00     4.128022E+00     3.869742E+00     3.350910E+00     2.859746E+00     2.415841E+00     2.026721E+00     1.692726E+00     1.410184E+00     1.173755E+00     7.443191E-01     4.799359E-01     3.182556E-01     2.198613E-01     1.605562E-01     1.257132E-01     1.065791E-01     9.783018E-02     9.634745E-02     9.630346E-02     9.757420E-02     9.985153E-02     1.029538E-01     1.063762E-01     1.097991E-01     1.129553E-01     1.165903E-01     1.224488E-01     1.306220E-01     1.351943E-01     
13     6.123182E+00     6.027156E+00     5.799353E+00     5.496095E+00     5.153537E+00     4.793262E+00     4.430159E+00     3.730982E+00     3.100513E+00     2.554452E+00     2.093505E+00     1.711388E+00     1.398135E+00     1.143208E+00     6.987268E-01     4.382502E-01     2.848433E-01     1.940044E-01     1.402695E-01     1.090515E-01     9.204333E-02     8.435441E-02     8.309434E-02     8.320886E-02     8.457792E-02     8.693025E-02     9.011386E-02     9.372644E-02     9.725708E-02     1.002065E-01     1.027402E-01     1.065168E-01     1.130397E-01     1.172611E-01     
14     7.260254E+00     7.120335E+00     6.801116E+00     6.386813E+00     5.929428E+00     5.457265E+00     4.989421E+00     4.110284E+00     3.340705E+00     2.692683E+00     2.160198E+00     1.730144E+00     1.386182E+00     1.112661E+00     6.532296E-01     3.966497E-01     2.514977E-01     1.681859E-01     1.200207E-01     9.242139E-02     7.753455E-02     7.090634E-02     6.986704E-02     7.013999E-02     7.160931E-02     7.403567E-02     7.730350E-02     8.110420E-02     8.474334E-02     8.748397E-02     8.891899E-02     9.061180E-02     9.549352E-02     9.936832E-02     
15     7.260254E+00     7.120335E+00     6.801116E+00     6.386813E+00     5.929428E+00     5.457265E+00     4.989421E+00     4.110284E+00     3.340705E+00     2.692683E+00     2.160198E+00     1.730144E+00     1.386182E+00     1.112661E+00     6.532296E-01     3.966497E-01     2.514977E-01     1.681859E-01     1.200207E-01     9.242139E-02     7.753455E-02     7.090634E-02     6.986704E-02     7.013999E-02     7.160931E-02     7.403567E-02     7.730350E-02     8.110420E-02     8.474334E-02     8.748397E-02     8.891899E-02     9.061180E-02     9.549352E-02     9.936832E-02     
16     7.260254E+00     7.120335E+00     6.801116E+00     6.386813E+00     5.929428E+00     5.457265E+00     4.989421E+00     4.110284E+00     3.340705E+00     2.692683E+00     2.160198E+00     1.730144E+00     1.386182E+00     1.112661E+00     6.532296E-01     3.966497E-01     2.514977E-01     1.681859E-01     1.200207E-01     9.242139E-02     7.753455E-02     7.090634E-02     6.986704E-02     7.013999E-02     7.160931E-02     7.403567E-02     7.730350E-02     8.110420E-02     8.474334E-02     8.748397E-02     8.891899E-02     9.061180E-02     9.549352E-02     9.936832E-02     
17     7.260254E+00     7.120335E+00     6.801116E+00     6.386813E+00     5.929428E+00     5.457265E+00     4.989421E+00     4.110284E+00     3.340705E+00     2.692683E+00     2.160198E+00     1.730144E+00     1.386182E+00     1.112661E+00     6.532296E-01     3.966497E-01     2.514977E-01     1.681859E-01     1.200207E-01     9.242139E-02     7.753455E-02     7.090634E-02     6.986704E-02     7.013999E-02     7.160931E-02     7.403567E-02     7.730350E-02     8.110420E-02     8.474334E-02     8.748397E-02     8.891899E-02     9.061180E-02     9.549352E-02     9.936832E-02     
18     7.260254E+00     7.120335E+00     6.801116E+00     6.386813E+00     5.929428E+00     5.457265E+00     4.989421E+00     4.110284E+00     3.340705E+00     2.692683E+00     2.160198E+00     1.730144E+00     1.386182E+00     1.112661E+00     6.532296E-01     3.966497E-01     2.514977E-01     1.681859E-01     1.200207E-01     9.242139E-02     7.753455E-02     7.090634E-02     6.986704E-02     7.013999E-02     7.160931E-02     7.403567E-02     7.730350E-02     8.110420E-02     8.474334E-02     8.748397E-02     8.891899E-02     9.061180E-02     9.549352E-02     9.936832E-02     
19     7.260254E+00     7.120335E+00     6.801116E+00     6.386813E+00     5.929428E+00     5.457265E+00     4.989421E+00     4.110284E+00     3.340705E+00     2.692683E+00     2.160198E+00     1.730144E+00     1.386182E+00     1.112661E+00     6.532296E-01     3.966497E-01     2.514977E-01     1.681859E-01     1.200207E-01     9.242139E-02     7.753455E-02     7.090634E-02     6.986704E-02     7.013999E-02     7.160931E-02     7.403567E-02     7.730350E-02     8.110420E-02     8.474334E-02     8.748397E-02     8.891899E-02     9.061180E-02     9.549352E-02     9.936832E-02     
20     7.260254E+00     7.120335E+00     6.801116E+00     6.386813E+00     5.929428E+00     5.457265E+00     4.989421E+00     4.110284E+00     3.340705E+00     2.692683E+00     2.160198E+00     1.730144E+00     1.386182E+00     1.112661E+00     6.532296E-01     3.966497E-01     2.514977E-01     1.681859E-01     1.200207E-01     9.242139E-02     7.753455E-02     7.090634E-02     6.986704E-02     7.013999E-02     7.160931E-02     7.403567E-02     7.730350E-02     8.110420E-02     8.474334E-02     8.748397E-02     8.891899E-02     9.061180E-02     9.549352E-02     9.936832E-02     
21     7.260254E+00     7.120335E+00     6.801116E+00     6.386813E+00     5.929428E+00     5.457265E+00     4.989421E+00     4.110284E+00     3.340705E+00     2.692683E+00     2.160198E+00     1.730144E+00     1.386182E+00     1.112661E+00     6.532296E-01     3.966497E-01     2.514977E-01     1.681859E-01     1.200207E-01     9.242139E-02     7.753455E-02     7.090634E-02     6.986704E-02     7.013999E-02     7.160931E-02     7.403567E-02     7.730350E-02     8.110420E-02     8.474334E-02     8.748397E-02     8.891899E-02     9.061180E-02     9.549352E-02     9.936832E-02     
22     7.260254E+00     7.120335E+00     6.801116E+00     6.386813E+00     5.929428E+00     5.457265E+00     4.989421E+00     4.110284E+00     3.340705E+00     2.692683E+00     2.160198E+00     1.730144E+00     1.386182E+00     1.112661E+00     6.532296E-01     3.966497E-01     2.514977E-01     1.681859E-01     1.200207E-01     9.242139E-02     7.753455E-02     7.090634E-02     6.986704E-02     7.013999E-02     7.160931E-02     7.403567E-02     7.730350E-02     8.110420E-02     8.474334E-02     8.748397E-02     8.891899E-02     9.061180E-02     9.549352E-02     9.936832E-02     
23     7.260254E+00     7.120335E+00     6.801116E+00     6.386813E+00     5.929428E+00     5.457265E+00     4.989421E+00     4.110284E+00     3.340705E+00     2.692683E+00     2.160198E+00     1.730144E+00     1.386182E+00     1.112661E+00     6.532296E-01     3.966497E-01     2.514977E-01     1.681859E-01     1.200207E-01     9.242139E-02     7.753455E-02     7.090634E-02     6.986704E-02     7.013999E-02     7.160931E-02     7.403567E-02     7.730350E-02     8.110420E-02     8.474334E-02     8.748397E-02     8.891899E-02     9.061180E-02     9.549352E-02     9.936832E-02     
24     7.260254E+00     7.120335E+00     6.801116E+00     6.386813E+00     5.929428E+00     5.457265E+00     4.989421E+00     4.110284E+00     3.340705E+00     2.692683E+00     2.160198E+00     1.730144E+00     1.386182E+00     1.112661E+00     6.532296E-01     3.966497E-01     2.514977E-01     1.681859E-01     1.200207E-01     9.242139E-02     7.753455E-02     7.090634E-02     6.986704E-02     7.013999E-02     7.160931E-02     7.403567E-02     7.730350E-02     8.110420E-02     8.474334E-02     8.748397E-02     8.891899E-02     9.061180E-02     9.549352E-02     9.936832E-02     
25     7.260254E+00     7.120335E+00     6.801116E+00     6.386813E+00     5.929428E+00     5.457265E+00     4.989421E+00     4.110284E+00     3.340705E+00     2.692683E+00     2.160198E+00     1.730144E+00     1.386182E+00     1.112661E+00     6.532296E-01     3.966497E-01     2.514977E-01     1.681859E-01     1.200207E-01     9.242139E-02     7.753455E-02     7.090634E-02     6.986704E-02     7.013999E-02     7.160931E-02     7.403567E-02     7.730350E-02     8.110420E-02     8.474334E-02     8.748397E-02     8.891899E-02     9.061180E-02     9.549352E-02     9.936832E-02     
26     7.260254E+00     7.120335E+00     6.801116E+00     6.386813E+00     5.929428E+00     5.457265E+00     4.989421E+00     4.110284E+00     3.340705E+00     2.692683E+00     2.160198E+00     1.730144E+00     1.386182E+00     1.112661E+00     6.532296E-01     3.966497E-01     2.514977E-01     1.681859E-01     1.200207E-01     9.242139E-02     7.753455E-02     7.090634E-02     6.986704E-02     7.013999E-02     7.160931E-02     7.403567E-02     7.730350E-02     8.110420E-02     8.474334E-02     8.748397E-02     8.891899E-02     9.061180E-02     9.549352E-02     9.936832E-02     
27     5.161595E+01     2.237716E+01     1.311287E+01     9.283277E+00     7.238804E+00     5.958085E+00     5.064986E+00     3.847362E+00     3.011281E+00     2.385692E+00     1.904391E+00     1.528303E+00     1.229766E+00     9.929655E-01     5.917560E-01     3.655132E-01     2.342601E-01     1.584391E-01     1.133173E-01     8.691142E-02     7.178581E-02     6.539604E-02     6.479123E-02     6.602866E-02     6.905567E-02     7.483815E-02     8.353526E-02     9.767753E-02     1.165627E-01     1.421218E-01     1.548409E-01     1.618784E-01     1.859731E-01     2.035363E-01     
28     9.517069E+01     3.735882E+01     1.931037E+01     1.212738E+01     8.524732E+00     6.449971E+00     5.139199E+00     3.589306E+00     2.687791E+00     2.084205E+00     1.653161E+00     1.330113E+00     1.076282E+00     8.754028E-01     5.313869E-01     3.349251E-01     2.173271E-01     1.488565E-01     1.067460E-01     8.150103E-02     6.613994E-02     5.998554E-02     5.980633E-02     6.199038E-02     6.654923E-02     7.562763E-02     8.965646E-02     1.139543E-01     1.478021E-01     1.957768E-01     2.195736E-01     2.318708E-01     2.748302E-01     3.058366E-01     
29     9.517069E+01     3.735882E+01     1.931037E+01     1.212738E+01     8.524732E+00     6.449971E+00     5.139199E+00     3.589306E+00     2.687791E+00     2.084205E+00     1.653161E+00     1.330113E+00     1.076282E+00     8.754028E-01     5.313869E-01     3.349251E-01     2.173271E-01     1.488565E-01     1.067460E-01     8.150103E-02     6.613994E-02     5.998554E-02     5.980633E-02     6.199038E-02     6.654923E-02     7.562763E-02     8.965646E-02     1.139543E-01     1.478021E-01     1.957768E-01     2.195736E-01     2.318708E-01     2.748302E-01     3.058366E-01     
30     9.517069E+01     3.735882E+01     1.931037E+01     1.212738E+01     8.524732E+00     6.449971E+00     5.139199E+00     3.589306E+00     2.687791E+00     2.084205E+00     1.653161E+00     1.330113E+00     1.076282E+00     8.754028E-01     5.313869E-01     3.349251E-01     2.173271E-01     1.488565E-01     1.067460E-01     8.150103E-02     6.613994E-02     5.998554E-02     5.980633E-02     6.199038E-02     6.654923E-02     7.562763E-02     8.965646E-02     1.139543E-01     1.478021E-01     1.957768E-01     2.195736E-01     2.318708E-01     2.748302E-01     3.058366E-01     
31     9.517069E+01     3.735882E+01     1.931037E+01     1.212738E+01     8.524732E+00     6.449971E+00     5.139199E+00     3.589306E+00     2.687791E+00     2.084205E+00     1.653161E+00     1.330113E+00     1.076282E+00     8.754028E-01     5.313869E-01     3.349251E-01     2.173271E-01     1.488565E-01     1.067460E-01     8.150103E-02     6.613994E-02     5.998554E-02     5.980633E-02     6.199038E-02     6.654923E-02     7.562763E-02     8.965646E-02     1.139543E-01     1.478021E-01     1.957768E-01     2.195736E-01     2.318708E-01     2.748302E-01     3.058366E-01     
32     9.517069E+01     3.735882E+01     1.931037E+01     1.212738E+01     8.524732E+00     6.449971E+00     5.139199E+00     3.589306E+00     2.687791E+00     2.084205E+00     1.653161E+00     1.330113E+00     1.076282E+00     8.754028E-01     5.313869E-01     3.349251E-01     2.173271E-01     1.488565E-01     1.067460E-01     8.150103E-02     6.613994E-02     5.998554E-02     5.980633E-02     6.199038E-02     6.654923E-02     7.562763E-02     8.965646E-02     1.139543E-01     1.478021E-01     1.957768E-01     2.195736E-01     2.318708E-01     2.748302E-01     3.058366E-01     

1     0.000000E+00     4.958336E-02     7.561935E-02     1.012267E-01     1.289974E-01     1.591156E-01     1.912156E-01     2.597865E-01     3.299774E-01     3.986648E-01     4.636882E-01     5.237780E-01     5.783265E-01     6.271666E-01     7.282430E-01     8.001656E-01     8.506323E-01     8.862270E-01     9.118217E-01     9.308036E-01     9.455107E-01     9.575520E-01     9.628838E-01     9.678870E-01     9.726306E-01     9.771555E-01     9.814909E-01     9.856277E-01     9.894963E-01     9.929746E-01     9.958726E-01     9.980509E-01     9.994799E-01     1.000000E+00     
2     0.000000E+00     4.266775E-02     6.918183E-02     9.443512E-02     1.211440E-01     1.498266E-01     1.803139E-01     2.457185E-01     3.133280E-01     3.802562E-01     4.443325E-01     5.041977E-01     5.590655E-01     6.086505E-01     7.124419E-01     7.874935E-01     8.408093E-01     8.787097E-01     9.061046E-01     9.265005E-01     9.423451E-01     9.553254E-01     9.610530E-01     9.664119E-01     9.714821E-01     9.762838E-01     9.808472E-01     9.851524E-01     9.891493E-01     9.927266E-01     9.957141E-01     9.979721E-01     9.994604E-01     1.000000E+00     
3     0.000000E+00     3.477502E-02     6.183464E-02     8.668935E-02     1.121988E-01     1.392196E-01     1.678661E-01     2.296692E-01     2.943320E-01     3.592446E-01     4.222551E-01     4.818468E-01     5.370938E-01     5.875123E-01     6.944053E-01     7.730410E-01     8.296026E-01     8.701336E-01     8.995762E-01     9.215840E-01     9.387342E-01     9.527724E-01     9.589648E-01     9.647393E-01     9.701657E-01     9.752842E-01     9.801043E-01     9.846076E-01     9.887530E-01     9.924399E-01     9.955262E-01     9.978830E-01     9.994404E-01     1.000000E+00     
4     0.000000E+00     3.262676E-02     5.983512E-02     8.458129E-02     1.097596E-01     1.363256E-01     1.644773E-01     2.253003E-01     2.891624E-01     3.535218E-01     4.162363E-01     4.757592E-01     5.311061E-01     5.817633E-01     6.894982E-01     7.691137E-01     8.265462E-01     8.677996E-01     8.978055E-01     9.202485E-01     9.377544E-01     9.520802E-01     9.583912E-01     9.642839E-01     9.698094E-01     9.750163E-01     9.799064E-01     9.844592E-01     9.886441E-01     9.923604E-01     9.954767E-01     9.978631E-01     9.994309E-01     1.000000E+00     
5     0.000000E+00     1.795913E-02     3.608912E-02     5.565848E-02     7.782417E-02     1.027293E-01     1.301303E-01     1.910231E-01     2.564327E-01     3.230737E-01     3.883968E-01     4.505788E-01     5.085058E-01     5.615736E-01     6.744950E-01     7.579669E-01     8.181821E-01     8.614407E-01     8.929518E-01     9.165893E-01     9.351090E-01     9.503369E-01     9.570587E-01     9.633324E-01     9.692186E-01     9.747272E-01     9.798588E-01     9.845840E-01     9.888515E-01     9.925704E-01     9.956393E-01     9.979588E-01     9.994594E-01     1.000000E+00     
6     0.000000E+00     3.020138E-03     1.190458E-02     2.620246E-02     4.530188E-02     6.851921E-02     9.515217E-02     1.561172E-01     2.230951E-01     2.920679E-01     3.600312E-01     4.249322E-01     4.854888E-01     5.410088E-01     6.592172E-01     7.466165E-01     8.096748E-01     8.549698E-01     8.880059E-01     9.128587E-01     9.324120E-01     9.485626E-01     9.557053E-01     9.623703E-01     9.686071E-01     9.744179E-01     9.798112E-01     9.847084E-01     9.890685E-01     9.927900E-01     9.957926E-01     9.980548E-01     9.994977E-01     1.000000E+00     
7     0.000000E+00     3.020138E-03     1.190458E-02     2.620246E-02     4.530188E-02     6.851921E-02     9.515217E-02     1.561172E-01     2.230951E-01     2.920679E-01     3.600312E-01     4.249322E-01     4.854888E-01     5.410088E-01     6.592172E-01     7.466165E-01     8.096748E-01     8.549698E-01     8.880059E-01     9.128587E-01     9.324120E-01     9.485626E-01     9.557053E-01     9.623703E-01     9.686071E-01     9.744179E-01     9.798112E-01     9.847084E-01     9.890685E-01     9.927900E-01     9.957926E-01     9.980548E-01     9.994977E-01     1.000000E+00     
8     0.000000E+00     3.020138E-03     1.190458E-02     2.620246E-02     4.530188E-02     6.851921E-02     9.515217E-02     1.561172E-01     2.230951E-01     2.920679E-01     3.600312E-01     4.249322E-01     4.854888E-01     5.410088E-01     6.592172E-01     7.466165E-01     8.096748E-01     8.549698E-01     8.880059E-01     9.128587E-01     9.324120E-01     9.485626E-01     9.557053E-01     9.623703E-01     9.686071E-01     9.744179E-01     9.798112E-01     9.847084E-01     9.890685E-01     9.927900E-01     9.957926E-01     9.980548E-01     9.994977E-01     1.000000E+00     
9     0.000000E+00     3.020138E-03     1.190458E-02     2.620246E-02     4.530188E-02     6.851921E-02     9.515217E-02     1.561172E-01     2.230951E-01     2.920679E-01     3.600312E-01     4.249322E-01     4.854888E-01     5.410088E-01     6.592172E-01     7.466165E-01     8.096748E-01     8.549698E-01     8.880059E-01     9.128587E-01     9.324120E-01     9.485626E-01     9.557053E-01     9.623703E-01     9.686071E-01     9.744179E-01     9.798112E-01     9.847084E-01     9.890685E-01     9.927900E-01     9.957926E-01     9.980548E-01     9.994977E-01     1.000000E+00     
10     0.000000E+00     3.020138E-03     1.190458E-02     2.620246E-02     4.530188E-02     6.851921E-02     9.515217E-02     1.561172E-01     2.230951E-01     2.920679E-01     3.600312E-01     4.249322E-01     4.854888E-01     5.410088E-01     6.592172E-01     7.466165E-01     8.096748E-01     8.549698E-01     8.880059E-01     9.128587E-01     9.324120E-01     9.485626E-01     9.557053E-01     9.623703E-01     9.686071E-01     9.744179E-01     9.798112E-01     9.847084E-01     9.890685E-01     9.927900E-01     9.957926E-01     9.980548E-01     9.994977E-01     1.000000E+00     
11     0.000000E+00     3.020138E-03     1.190458E-02     2.620246E-02     4.530188E-02     6.851921E-02     9.515217E-02     1.561172E-01     2.230951E-01     2.920679E-01     3.600312E-01     4.249322E-01     4.854888E-01     5.410088E-01     6.592172E-01     7.466165E-01     8.096748E-01     8.549698E-01     8.880059E-01     9.128587E-01     9.324120E-01     9.485626E-01     9.557053E-01     9.623703E-01     9.686071E-01     9.744179E-01     9.798112E-01     9.847084E-01     9.890685E-01     9.927900E-01     9.957926E-01     9.980548E-01     9.994977E-01     1.000000E+00     
12     0.000000E+00     3.020138E-03     1.190458E-02     2.620246E-02     4.530188E-02     6.851921E-02     9.515217E-02     1.561172E-01     2.230951E-01     2.920679E-01     3.600312E-01     4.249322E-01     4.854888E-01     5.410088E-01     6.592172E-01     7.466165E-01     8.096748E-01     8.549698E-01     8.880059E-01     9.128587E-01     9.324120E-01     9.485626E-01     9.557053E-01     9.623703E-01     9.686071E-01     9.744179E-01     9.798112E-01     9.847084E-01     9.890685E-01     9.927900E-01     9.957926E-01     9.980548E-01     9.994977E-01     1.000000E+00     
13     0.000000E+00     3.700742E-03     1.450307E-02     3.168439E-02     5.433552E-02     8.149163E-02     1.122108E-01     1.811063E-01     2.547880E-01     3.287136E-01     3.998202E-01     4.662223E-01     5.269026E-01     5.815066E-01     6.950259E-01     7.761925E-01     8.333126E-01     8.736209E-01     9.026490E-01     9.242900E-01     9.412187E-01     9.551533E-01     9.613124E-01     9.670730E-01     9.724667E-01     9.775231E-01     9.822237E-01     9.865278E-01     9.903762E-01     9.936761E-01     9.963354E-01     9.983121E-01     9.995577E-01     1.000000E+00     
14     0.000000E+00     4.380001E-03     1.709577E-02     3.715577E-02     6.335094E-02     9.443909E-02     1.292286E-01     2.060570E-01     2.864140E-01     3.652919E-01     4.395324E-01     5.074173E-01     5.682301E-01     6.219281E-01     7.307584E-01     8.057115E-01     8.569025E-01     8.922343E-01     9.172630E-01     9.357023E-01     9.500161E-01     9.617442E-01     9.669196E-01     9.717669E-01     9.763263E-01     9.806190E-01     9.846357E-01     9.883476E-01     9.916838E-01     9.945620E-01     9.968782E-01     9.985696E-01     9.996268E-01     1.000000E+00     
15     0.000000E+00     4.380001E-03     1.709577E-02     3.715577E-02     6.335094E-02     9.443909E-02     1.292286E-01     2.060570E-01     2.864140E-01     3.652919E-01     4.395324E-01     5.074173E-01     5.682301E-01     6.219281E-01     7.307584E-01     8.057115E-01     8.569025E-01     8.922343E-01     9.172630E-01     9.357023E-01     9.500161E-01     9.617442E-01     9.669196E-01     9.717669E-01     9.763263E-01     9.806190E-01     9.846357E-01     9.883476E-01     9.916838E-01     9.945620E-01     9.968782E-01     9.985696E-01     9.996268E-01     1.000000E+00     
16     0.000000E+00     4.380001E-03     1.709577E-02     3.715577E-02     6.335094E-02     9.443909E-02     1.292286E-01     2.060570E-01     2.864140E-01     3.652919E-01     4.395324E-01     5.074173E-01     5.682301E-01     6.219281E-01     7.307584E-01     8.057115E-01     8.569025E-01     8.922343E-01     9.172630E-01     9.357023E-01     9.500161E-01     9.617442E-01     9.669196E-01     9.717669E-01     9.763263E-01     9.806190E-01     9.846357E-01     9.883476E-01     9.916838E-01     9.945620E-01     9.968782E-01     9.985696E-01     9.996268E-01     1.000000E+00     
17     0.000000E+00     4.380001E-03     1.709577E-02     3.715577E-02     6.335094E-02     9.443909E-02     1.292286E-01     2.060570E-01     2.864140E-01     3.652919E-01     4.395324E-01     5.074173E-01     5.682301E-01     6.219281E-01     7.307584E-01     8.057115E-01     8.569025E-01     8.922343E-01     9.172630E-01     9.357023E-01     9.500161E-01     9.617442E-01     9.669196E-01     9.717669E-01     9.763263E-01     9.806190E-01     9.846357E-01     9.883476E-01     9.916838E-01     9.945620E-01     9.968782E-01     9.985696E-01     9.996268E-01     1.000000E+00     
18     0.000000E+00     4.380001E-03     1.709577E-02     3.715577E-02     6.335094E-02     9.443909E-02     1.292286E-01     2.060570E-01     2.864140E-01     3.652919E-01     4.395324E-01     5.074173E-01     5.682301E-01     6.219281E-01     7.307584E-01     8.057115E-01     8.569025E-01     8.922343E-01     9.172630E-01     9.357023E-01     9.500161E-01     9.617442E-01     9.669196E-01     9.717669E-01     9.763263E-01     9.806190E-01     9.846357E-01     9.883476E-01     9.916838E-01     9.945620E-01     9.968782E-01     9.985696E-01     9.996268E-01     1.000000E+00     
19     0.000000E+00     4.380001E-03     1.709577E-02     3.715577E-02     6.335094E-02     9.443909E-02     1.292286E-01     2.060570E-01     2.864140E-01     3.652919E-01     4.395324E-01     5.074173E-01     5.682301E-01     6.219281E-01     7.307584E-01     8.057115E-01     8.569025E-01     8.922343E-01     9.172630E-01     9.357023E-01     9.500161E-01     9.617442E-01     9.669196E-01     9.717669E-01     9.763263E-01     9.806190E-01     9.846357E-01     9.883476E-01     9.916838E-01     9.945620E-01     9.968782E-01     9.985696E-01     9.996268E-01     1.000000E+00     
20     0.000000E+00     4.380001E-03     1.709577E-02     3.715577E-02     6.335094E-02     9.443909E-02     1.292286E-01     2.060570E-01     2.864140E-01     3.652919E-01     4.395324E-01     5.074173E-01     5.682301E-01     6.219281E-01     7.307584E-01     8.057115E-01     8.569025E-01     8.922343E-01     9.172630E-01     9.357023E-01     9.500161E-01     9.617442E-01     9.669196E-01     9.717669E-01     9.763263E-01     9.806190E-01     9.846357E-01     9.883476E-01     9.916838E-01     9.945620E-01     9.968782E-01     9.985696E-01     9.996268E-01     1.000000E+00     
21     0.000000E+00     4.380001E-03     1.709577E-02     3.715577E-02     6.335094E-02     9.443909E-02     1.292286E-01     2.060570E-01     2.864140E-01     3.652919E-01     4.395324E-01     5.074173E-01     5.682301E-01     6.219281E-01     7.307584E-01     8.057115E-01     8.569025E-01     8.922343E-01     9.172630E-01     9.357023E-01     9.500161E-01     9.617442E-01     9.669196E-01     9.717669E-01     9.763263E-01     9.806190E-01     9.846357E-01     9.883476E-01     9.916838E-01     9.945620E-01     9.968782E-01     9.985696E-01     9.996268E-01     1.000000E+00     
22     0.000000E+00     4.380001E-03     1.709577E-02     3.715577E-02     6.335094E-02     9.443909E-02     1.292286E-01     2.060570E-01     2.864140E-01     3.652919E-01     4.395324E-01     5.074173E-01     5.682301E-01     6.219281E-01     7.307584E-01     8.057115E-01     8.569025E-01     8.922343E-01     9.172630E-01     9.357023E-01     9.500161E-01     9.617442E-01     9.669196E-01     9.717669E-01     9.763263E-01     9.806190E-01     9.846357E-01     9.883476E-01     9.916838E-01     9.945620E-01     9.968782E-01     9.985696E-01     9.996268E-01     1.000000E+00     
23     0.000000E+00     4.380001E-03     1.709577E-02     3.715577E-02     6.335094E-02     9.443909E-02     1.292286E-01     2.060570E-01     2.864140E-01     3.652919E-01     4.395324E-01     5.074173E-01     5.682301E-01     6.219281E-01     7.307584E-01     8.057115E-01     8.569025E-01     8.922343E-01     9.172630E-01     9.357023E-01     9.500161E-01     9.617442E-01     9.669196E-01     9.717669E-01     9.763263E-01     9.806190E-01     9.846357E-01     9.883476E-01     9.916838E-01     9.945620E-01     9.968782E-01     9.985696E-01     9.996268E-01     1.000000E+00     
24     0.000000E+00     4.380001E-03     1.709577E-02     3.715577E-02     6.335094E-02     9.443909E-02     1.292286E-01     2.060570E-01     2.864140E-01     3.652919E-01     4.395324E-01     5.074173E-01     5.682301E-01     6.219281E-01     7.307584E-01     8.057115E-01     8.569025E-01     8.922343E-01     9.172630E-01     9.357023E-01     9.500161E-01     9.617442E-01     9.669196E-01     9.717669E-01     9.763263E-01     9.806190E-01     9.846357E-01     9.883476E-01     9.916838E-01     9.945620E-01     9.968782E-01     9.985696E-01     9.996268E-01     1.000000E+00     
25     0.000000E+00     4.380001E-03     1.709577E-02     3.715577E-02     6.335094E-02     9.443909E-02     1.292286E-01     2.060570E-01     2.864140E-01     3.652919E-01     4.395324E-01     5.074173E-01     5.682301E-01     6.219281E-01     7.307584E-01     8.057115E-01     8.569025E-01     8.922343E-01     9.172630E-01     9.357023E-01     9.500161E-01     9.617442E-01     9.669196E-01     9.717669E-01     9.763263E-01     9.806190E-01     9.846357E-01     9.883476E-01     9.916838E-01     9.945620E-01     9.968782E-01     9.985696E-01     9.996268E-01     1.000000E+00     
26     0.000000E+00     4.380001E-03     1.709577E-02     3.715577E-02     6.335094E-02     9.443909E-02     1.292286E-01     2.060570E-01     2.864140E-01     3.652919E-01     4.395324E-01     5.074173E-01     5.682301E-01     6.219281E-01     7.307584E-01     8.057115E-01     8.569025E-01     8.922343E-01     9.172630E-01     9.357023E-01     9.500161E-01     9.617442E-01     9.669196E-01     9.717669E-01     9.763263E-01     9.806190E-01     9.846357E-01     9.883476E-01     9.916838E-01     9.945620E-01     9.968782E-01     9.985696E-01     9.996268E-01     1.000000E+00     
27     0.000000E+00     2.253675E-02     5.495197E-02     8.901771E-02     1.241598E-01     1.601900E-01     1.968952E-01     2.721405E-01     3.461125E-01     4.166685E-01     4.823069E-01     5.422012E-01     5.960285E-01     6.437926E-01     7.414566E-01     8.097911E-01     8.571711E-01     8.902338E-01     9.138209E-01     9.312139E-01     9.445717E-01     9.554024E-01     9.601946E-01     9.647269E-01     9.690711E-01     9.733069E-01     9.775148E-01     9.817568E-01     9.860731E-01     9.903947E-01     9.942887E-01     9.972792E-01     9.992568E-01     1.000000E+00     
28     0.000000E+00     4.036595E-02     9.212537E-02     1.399448E-01     1.838763E-01     2.247583E-01     2.633468E-01     3.370412E-01     4.047421E-01     4.671285E-01     5.243085E-01     5.763647E-01     6.233280E-01     6.652595E-01     7.519605E-01     8.138078E-01     8.574279E-01     8.882529E-01     9.104474E-01     9.267956E-01     9.392271E-01     9.491912E-01     9.535895E-01     9.578089E-01     9.619375E-01     9.661360E-01     9.705256E-01     9.752967E-01     9.805635E-01     9.862992E-01     9.917498E-01     9.960096E-01     9.988973E-01     1.000000E+00     
29     0.000000E+00     4.036595E-02     9.212537E-02     1.399448E-01     1.838763E-01     2.247583E-01     2.633468E-01     3.370412E-01     4.047421E-01     4.671285E-01     5.243085E-01     5.763647E-01     6.233280E-01     6.652595E-01     7.519605E-01     8.138078E-01     8.574279E-01     8.882529E-01     9.104474E-01     9.267956E-01     9.392271E-01     9.491912E-01     9.535895E-01     9.578089E-01     9.619375E-01     9.661360E-01     9.705256E-01     9.752967E-01     9.805635E-01     9.862992E-01     9.917498E-01     9.960096E-01     9.988973E-01     1.000000E+00     
30     0.000000E+00     4.036595E-02     9.212537E-02     1.399448E-01     1.838763E-01     2.247583E-01     2.633468E-01     3.370412E-01     4.047421E-01     4.671285E-01     5.243085E-01     5.763647E-01     6.233280E-01     6.652595E-01     7.519605E-01     8.138078E-01     8.574279E-01     8.882529E-01     9.104474E-01     9.267956E-01     9.392271E-01     9.491912E-01     9.535895E-01     9.578089E-01     9.619375E-01     9.661360E-01     9.705256E-01     9.752967E-01     9.805635E-01     9.862992E-01     9.917498E-01     9.960096E-01     9.988973E-01     1.000000E+00     
31     0.000000E+00     4.036595E-02     9.212537E-02     1.399448E-01     1.838763E-01     2.247583E-01     2.633468E-01     3.370412E-01     4.047421E-01     4.671285E-01     5.243085E-01     5.763647E-01     6.233280E-01     6.652595E-01     7.519605E-01     8.138078E-01     8.574279E-01     8.882529E-01     9.104474E-01     9.267956E-01     9.392271E-01     9.491912E-01     9.535895E-01     9.578089E-01     9.619375E-01     9.661360E-01     9.705256E-01     9.752967E-01     9.805635E-01     9.862992E-01     9.917498E-01     9.960096E-01     9.988973E-01     1.000000E+00     
32     0.000000E+00     4.036595E-02     9.212537E-02     1.399448E-01     1.838763E-01     2.247583E-01     2.633468E-01     3.370412E-01     4.047421E-01     4.671285E-01     5.243085E-01     5.763647E-01     6.233280E-01     6.652595E-01     7.519605E-01     8.138078E-01     8.574279E-01     8.882529E-01     9.104474E-01     9.267956E-01     9.392271E-01     9.491912E-01     9.535895E-01     9.578089E-01     9.619375E-01     9.661360E-01     9.705256E-01     9.752967E-01     9.805635E-01     9.862992E-01     9.917498E-01     9.960096E-01     9.988973E-01     1.000000E+00     
