-8.415	39.349	4.7007E-02	3
-8.371	39.347	4.8342E-02	0
-8.326	39.345	3.5419E-02	3
-8.282	39.343	3.8211E-02	0
-8.879	39.349	4.1615E-02	3
-8.832	39.347	5.5524E-02	3
-8.784	39.346	7.3560E-02	3
-8.737	39.344	7.8300E-02	3
-8.691	39.342	8.8450E-02	3
-8.645	39.341	9.1767E-02	3
-8.600	39.339	8.4829E-02	3
-8.555	39.337	1.3214E-01	3
-8.509	39.336	1.3164E-01	3
-8.463	39.334	6.9532E-02	3
-8.417	39.332	3.8747E-02	3
-8.373	39.330	5.0647E-02	3
-8.328	39.329	5.1098E-02	3
-8.284	39.327	4.9733E-02	3
-8.562	39.349	1.1116E-01	3
-8.516	39.347	1.2731E-01	3
-8.470	39.345	7.8699E-02	3
-8.423	39.343	4.3579E-02	3
-8.379	39.341	4.4779E-02	2
-8.335	39.339	4.2733E-02	3
-8.291	39.337	3.8918E-02	3
-8.982	39.349	5.8549E-02	3
-8.934	39.347	6.6512E-02	1
-8.887	39.345	4.1365E-02	3
-8.840	39.343	5.6468E-02	1
-8.792	39.342	7.7100E-02	3
-8.744	39.340	7.6721E-02	1
-8.699	39.338	9.3815E-02	3
-8.653	39.336	1.1312E-01	0
-8.608	39.334	9.1715E-02	3
-8.563	39.332	1.3393E-01	2
-8.517	39.330	1.3067E-01	3
-8.472	39.328	9.7116E-02	0
-8.426	39.326	4.6955E-02	3
-8.381	39.324	6.3638E-02	0
-8.336	39.322	4.9638E-02	3
-8.292	39.320	6.2838E-02	0
-9.230	39.341	6.3829E-02	3
-9.180	39.339	7.9227E-02	3
-9.130	39.337	5.9211E-02	3
-9.081	39.336	5.8999E-02	3
-9.031	39.334	4.7574E-02	3
-8.983	39.332	4.8746E-02	3
-8.936	39.330	8.1143E-02	3
-8.888	39.328	5.3844E-02	3
-8.841	39.327	5.7447E-02	3
-8.793	39.325	9.3487E-02	3
-8.746	39.323	9.1619E-02	3
-8.700	39.321	9.0681E-02	3
-8.654	39.319	1.0414E-01	3
-8.609	39.317	1.1069E-01	3
-8.564	39.315	1.3252E-01	3
-8.518	39.314	1.2031E-01	3
-8.472	39.312	6.1932E-02	3
-8.427	39.310	6.9160E-02	3
-8.382	39.308	7.0322E-02	2
-8.337	39.306	5.8299E-02	3
-8.292	39.304	5.3098E-02	3
-9.231	39.324	1.1481E-01	0
-9.181	39.322	9.2912E-02	3
-9.130	39.320	7.5515E-02	1
-9.082	39.318	7.3695E-02	3
-9.033	39.317	8.9934E-02	0
-8.983	39.315	5.5847E-02	3
-8.936	39.313	8.7027E-02	0
-8.889	39.311	7.2146E-02	3
-8.841	39.310	8.2861E-02	0
-8.794	39.308	8.3979E-02	3
-8.747	39.306	1.1086E-01	0
-8.701	39.304	9.6434E-02	3
-8.655	39.302	1.0125E-01	1
-8.610	39.301	1.0679E-01	3
-8.565	39.299	1.2458E-01	2
-8.519	39.297	1.0385E-01	3
-8.472	39.295	4.6650E-02	2
-8.427	39.293	4.1333E-02	3
-8.382	39.291	6.9128E-02	0
-8.338	39.289	5.6213E-02	3
-8.293	39.288	6.3445E-02	0
-9.230	39.306	6.6554E-02	3
-9.182	39.305	8.3524E-02	3
-9.131	39.303	8.3158E-02	3
-9.082	39.301	8.5737E-02	3
-9.033	39.300	7.2026E-02	3
-8.984	39.298	5.1165E-02	3
-8.938	39.296	5.7834E-02	3
-8.890	39.294	7.0269E-02	3
-8.842	39.293	7.4462E-02	3
-8.795	39.291	8.2676E-02	3
-8.749	39.289	9.6623E-02	3
-8.702	39.287	9.1563E-02	3
-8.657	39.286	9.9737E-02	3
-8.611	39.284	1.1770E-01	3
-8.565	39.282	1.1927E-01	3
-8.519	39.280	7.9364E-02	3
-8.473	39.278	4.7695E-02	3
-8.427	39.277	5.0344E-02	3
-8.383	39.275	4.6748E-02	3
-8.339	39.273	5.6763E-02	3
-8.295	39.271	6.5617E-02	3
-8.251	39.269	5.3930E-02	3
-9.231	39.289	7.9962E-02	1
-9.182	39.288	9.1006E-02	3
-9.133	39.286	1.0713E-01	0
-9.083	39.284	8.9523E-02	3
-9.034	39.283	7.6859E-02	1
-8.985	39.281	4.7394E-02	3
-8.938	39.279	5.2898E-02	0
-8.891	39.278	5.9357E-02	3
-8.844	39.276	7.6743E-02	1
-8.797	39.274	8.5932E-02	3
-8.750	39.272	9.4722E-02	2
-8.703	39.271	9.5874E-02	3
-8.658	39.269	1.0388E-01	1
-8.612	39.267	1.2596E-01	3
-8.566	39.266	1.2188E-01	2
-8.520	39.264	7.0401E-02	3
-8.474	39.262	5.5194E-02	2
-8.428	39.260	6.3265E-02	3
-8.384	39.258	6.5283E-02	0
-8.340	39.257	6.1775E-02	3
-8.296	39.255	6.8248E-02	0
-8.252	39.253	6.0884E-02	3
-9.231	39.272	9.6184E-02	3
-9.183	39.270	9.6479E-02	3
-9.134	39.269	9.3760E-02	3
-9.085	39.267	8.7442E-02	3
-9.035	39.265	6.4498E-02	3
-8.987	39.264	3.8263E-02	3
-8.939	39.262	4.5977E-02	3
-8.892	39.261	6.8447E-02	3
-8.844	39.259	7.9637E-02	3
-8.798	39.257	7.8457E-02	3
-8.751	39.256	8.6939E-02	3
-8.704	39.254	1.1557E-01	3
-8.659	39.252	1.1730E-01	3
-8.613	39.251	1.2269E-01	3
-8.567	39.249	1.1354E-01	3
-8.520	39.247	7.1106E-02	3
-8.475	39.245	5.3965E-02	3
-8.430	39.244	6.1137E-02	3
-8.385	39.242	5.9927E-02	3
-8.341	39.240	5.9277E-02	3
-8.297	39.238	5.0733E-02	3
-8.254	39.237	5.9779E-02	3
-9.236	39.339	9.8758E-02	0
-9.187	39.337	8.2263E-02	3
-9.135	39.335	8.6229E-02	0
-9.087	39.333	6.0183E-02	3
-9.037	39.331	7.3504E-02	0
-8.989	39.329	5.4780E-02	3
-8.942	39.327	9.5294E-02	0
-8.894	39.324	6.8479E-02	3
-8.847	39.322	7.0782E-02	0
-8.799	39.320	8.9007E-02	3
-8.752	39.318	1.0918E-01	0
-8.706	39.316	9.2018E-02	3
-8.661	39.314	1.1915E-01	0
-8.615	39.312	1.0951E-01	3
-8.570	39.310	1.4608E-01	0
-8.524	39.308	1.2561E-01	3
-8.478	39.306	6.8728E-02	0
-8.432	39.303	5.6699E-02	3
-8.388	39.301	8.3385E-02	0
-8.343	39.299	6.7935E-02	3
-8.299	39.297	6.5300E-02	0
-8.255	39.295	5.0739E-02	3
-9.236	39.322	8.5154E-02	3
-9.187	39.320	9.8355E-02	3
-9.135	39.318	8.0833E-02	3
-9.087	39.316	7.6718E-02	3
-9.039	39.314	7.5526E-02	3
-8.990	39.312	5.5560E-02	3
-8.942	39.310	6.2208E-02	3
-8.895	39.308	6.9765E-02	3
-8.847	39.305	7.0884E-02	3
-8.800	39.303	8.3260E-02	3
-8.753	39.301	9.9288E-02	3
-8.707	39.299	9.7693E-02	3
-8.661	39.297	1.0144E-01	3
-8.616	39.295	1.0743E-01	3
-8.571	39.293	1.2436E-01	3
-8.525	39.291	9.9356E-02	3
-8.478	39.289	4.8478E-02	3
-8.433	39.287	3.9313E-02	3
-8.388	39.285	4.7360E-02	3
-8.344	39.283	5.1371E-02	3
-8.300	39.281	5.5326E-02	3
-8.256	39.279	5.2870E-02	3
-9.236	39.304	8.1770E-02	0
-9.188	39.302	8.1833E-02	3
-9.137	39.300	1.0429E-01	0
-9.088	39.298	8.9086E-02	3
-9.039	39.296	9.0840E-02	0
-8.990	39.294	5.2020E-02	3
-8.943	39.293	6.8615E-02	0
-8.896	39.291	7.6613E-02	3
-8.849	39.289	9.7264E-02	0
-8.801	39.287	8.4998E-02	3
-8.755	39.285	1.1800E-01	0
-8.708	39.283	9.9031E-02	3
-8.663	39.281	1.0214E-01	1
-8.617	39.279	1.1782E-01	3
-8.571	39.277	1.2762E-01	2
-8.526	39.275	8.0996E-02	3
-8.480	39.272	6.4584E-02	0
-8.434	39.270	6.0271E-02	3
-8.389	39.268	6.3240E-02	0
-8.345	39.266	5.8727E-02	3
-8.301	39.264	7.9233E-02	0
-8.257	39.262	5.8841E-02	3
-9.236	39.287	8.6044E-02	3
-9.188	39.285	9.3871E-02	3
-9.139	39.283	8.6989E-02	3
-9.089	39.281	8.9855E-02	3
-9.040	39.279	7.9269E-02	3
-8.991	39.277	4.9863E-02	3
-8.944	39.276	3.9712E-02	3
-8.897	39.274	5.1494E-02	3
-8.850	39.272	7.2738E-02	3
-8.803	39.270	8.1372E-02	3
-8.756	39.268	9.4009E-02	3
-8.709	39.266	1.0606E-01	3
-8.664	39.264	1.0675E-01	3
-8.618	39.262	1.3010E-01	3
-8.572	39.260	1.2466E-01	3
-8.526	39.258	7.7373E-02	3
-8.480	39.256	5.2735E-02	3
-8.435	39.254	5.9893E-02	3
-8.390	39.252	5.5527E-02	3
-8.347	39.250	5.9853E-02	3
-8.302	39.248	5.5901E-02	3
-8.259	39.246	6.0293E-02	3
-9.237	39.270	1.1487E-01	0
-9.189	39.268	9.6909E-02	3
-9.140	39.266	9.6725E-02	1
-9.090	39.264	8.6015E-02	3
-9.041	39.262	6.7556E-02	2
-8.992	39.260	3.8457E-02	3
-8.945	39.259	4.4337E-02	1
-8.898	39.257	6.6085E-02	3
-8.850	39.255	1.0175E-01	0
-8.803	39.253	8.0085E-02	3
-8.757	39.251	7.5009E-02	1
-8.710	39.249	1.0552E-01	3
-8.665	39.247	1.2555E-01	0
-8.619	39.245	1.1956E-01	3
-8.573	39.243	1.0458E-01	2
-8.526	39.241	6.5223E-02	3
-8.481	39.239	5.3797E-02	1
-8.436	39.237	6.2234E-02	3
-8.391	39.235	6.9912E-02	0
-8.347	39.234	5.9841E-02	3
-8.303	39.232	5.6577E-02	0
-8.260	39.230	5.9715E-02	3
-9.239	39.252	9.6577E-02	3
-9.190	39.251	9.6107E-02	3
-9.141	39.249	9.5944E-02	3
-9.091	39.247	8.6831E-02	3
-9.041	39.245	6.4222E-02	3
-8.993	39.243	5.1678E-02	3
-8.946	39.242	6.5441E-02	3
-8.898	39.240	7.3122E-02	3
-8.851	39.238	9.1850E-02	3
-8.804	39.236	7.6476E-02	3
-8.758	39.234	6.9946E-02	3
-8.711	39.232	9.1278E-02	3
-8.665	39.230	1.1036E-01	3
-8.620	39.229	1.2028E-01	3
-8.574	39.227	9.1891E-02	3
-8.528	39.225	6.6312E-02	3
-8.482	39.223	5.7249E-02	3
-8.437	39.221	6.3287E-02	3
-8.393	39.219	6.5516E-02	3
-8.348	39.217	5.7615E-02	3
-8.305	39.215	6.7520E-02	3
-8.261	39.213	6.1375E-02	3
-9.240	39.235	1.0774E-01	0
-9.190	39.233	6.6640E-02	3
-9.141	39.232	6.5605E-02	2
-9.092	39.230	8.1678E-02	3
-9.042	39.228	7.9551E-02	0
-8.994	39.226	6.8565E-02	3
-8.947	39.225	7.3070E-02	0
-8.900	39.223	7.0942E-02	3
-8.852	39.221	8.9322E-02	0
-8.805	39.219	7.0380E-02	3
-8.758	39.217	8.9798E-02	0
-8.713	39.216	8.5217E-02	3
-8.667	39.214	1.3387E-01	0
-8.621	39.212	1.4118E-01	3
-8.575	39.210	1.1570E-01	2
-8.528	39.208	7.1300E-02	3
-8.483	39.206	5.3798E-02	2
-8.438	39.204	6.2444E-02	3
-8.394	39.203	6.5846E-02	0
-8.350	39.201	5.8173E-02	3
-8.306	39.199	6.6802E-02	0
-8.261	39.197	5.4601E-02	3
-9.242	39.218	8.0521E-02	3
-9.191	39.216	5.3988E-02	3
-9.142	39.214	4.9461E-02	3
-9.093	39.213	7.5358E-02	3
-9.041	39.211	5.6575E-02	3
-8.994	39.209	6.1365E-02	3
-8.948	39.208	1.0609E-01	3
-8.900	39.206	8.8582E-02	3
-8.853	39.204	7.4307E-02	3
-8.806	39.202	5.7172E-02	3
-8.759	39.201	8.0420E-02	3
-8.714	39.199	1.0304E-01	3
-8.668	39.197	1.1879E-01	3
-8.621	39.195	1.3432E-01	3
-8.575	39.193	1.2994E-01	3
-8.529	39.192	1.0313E-01	3
-8.484	39.190	6.3732E-02	3
-8.440	39.188	6.9490E-02	3
-8.395	39.186	6.4740E-02	3
-8.351	39.184	6.2643E-02	3
-8.307	39.182	5.6569E-02	3
-8.262	39.181	6.3924E-02	3
-9.242	39.201	8.9351E-02	2
-9.192	39.199	6.5728E-02	3
-9.142	39.197	4.8013E-02	1
-9.092	39.196	7.6265E-02	3
-9.040	39.194	4.5677E-02	2
-8.995	39.192	4.7268E-02	3
-8.949	39.191	9.3884E-02	0
-8.901	39.189	6.6442E-02	3
-8.853	39.187	9.2693E-02	0
-8.806	39.185	8.2218E-02	3
-8.760	39.184	8.9106E-02	2
-8.715	39.182	1.1589E-01	3
-8.669	39.180	1.2510E-01	2
-8.622	39.179	1.2000E-01	3
-8.576	39.177	1.2463E-01	2
-8.530	39.175	8.8379E-02	3
-8.486	39.173	7.8071E-02	2
-8.440	39.171	5.5296E-02	3
-8.396	39.170	6.7235E-02	0
-8.351	39.168	5.7995E-02	3
-8.307	39.166	6.5017E-02	0
-8.263	39.164	6.9684E-02	3
-9.243	39.183	6.5445E-02	3
-9.193	39.182	5.9515E-02	3
-9.143	39.180	5.4194E-02	3
-9.090	39.178	7.2379E-02	3
-9.039	39.177	5.2881E-02	3
-8.997	39.175	4.9633E-02	3
-8.950	39.174	5.9916E-02	3
-8.902	39.172	7.2506E-02	3
-8.854	39.170	9.4088E-02	2
-8.808	39.169	1.0142E-01	3
-8.762	39.167	9.9718E-02	2
-8.716	39.165	1.3446E-01	3
-8.670	39.164	1.2901E-01	3
-8.623	39.162	1.1488E-01	3
-8.576	39.160	8.6025E-02	2
-8.532	39.158	1.1157E-01	3
-8.486	39.157	6.6153E-02	2
-8.441	39.155	4.8472E-02	3
-8.396	39.153	6.1342E-02	2
-8.352	39.151	5.9766E-02	3
-8.308	39.150	5.9157E-02	3
-8.265	39.148	6.6855E-02	3
-9.247	39.251	9.7039E-02	2
-9.197	39.248	9.4476E-02	3
-9.149	39.246	1.0523E-01	0
-9.099	39.244	8.9731E-02	3
-9.050	39.242	8.1571E-02	0
-9.001	39.240	5.6936E-02	3
-8.954	39.238	8.3204E-02	0
-8.906	39.236	6.8090E-02	3
-8.859	39.234	8.8946E-02	2
-8.812	39.232	7.5581E-02	3
-8.766	39.230	7.4863E-02	2
-8.720	39.228	8.4072E-02	3
-8.674	39.226	1.0935E-01	1
-8.628	39.224	1.2861E-01	3
-8.582	39.221	1.1883E-01	0
-8.536	39.219	7.4525E-02	3
-8.491	39.217	6.9041E-02	0
-8.446	39.215	6.3281E-02	3
-8.401	39.213	6.6491E-02	2
-8.357	39.211	5.7138E-02	3
-8.313	39.209	6.6779E-02	3
-8.269	39.206	5.8927E-02	3
-9.249	39.233	9.7729E-02	3
-9.198	39.231	7.0831E-02	3
-9.149	39.229	6.3746E-02	3
-9.100	39.227	7.6926E-02	3
-9.050	39.225	7.1180E-02	3
-9.001	39.223	6.2724E-02	3
-8.955	39.221	6.6468E-02	3
-8.908	39.219	6.7756E-02	3
-8.860	39.217	7.7586E-02	3
-8.813	39.215	6.4364E-02	3
-8.766	39.213	7.0194E-02	3
-8.721	39.211	8.4536E-02	3
-8.675	39.209	1.1128E-01	3
-8.629	39.207	1.4032E-01	3
-8.583	39.205	1.2906E-01	2
-8.536	39.203	9.5534E-02	3
-8.491	39.201	5.7064E-02	3
-8.447	39.198	6.4146E-02	3
-8.402	39.196	6.0334E-02	3
-8.358	39.194	5.9963E-02	3
-8.314	39.192	5.9045E-02	3
-8.270	39.190	5.5089E-02	3
-9.250	39.216	1.0087E-01	0
-9.199	39.214	5.6172E-02	3
-9.150	39.212	6.0805E-02	0
-9.101	39.210	7.4324E-02	3
-9.049	39.208	6.9628E-02	0
-9.002	39.206	5.3692E-02	3
-8.956	39.204	1.2259E-01	0
-8.908	39.202	1.0124E-01	3
-8.861	39.200	7.6794E-02	2
-8.813	39.198	6.3062E-02	3
-8.767	39.196	8.7109E-02	1
-8.722	39.194	1.0810E-01	3
-8.676	39.192	1.4242E-01	0
-8.630	39.190	1.2617E-01	3
-8.583	39.188	1.3004E-01	1
-8.537	39.186	1.0642E-01	3
-8.493	39.184	8.2337E-02	0
-8.448	39.182	7.2084E-02	3
-8.404	39.180	7.4921E-02	0
-8.359	39.178	6.4833E-02	3
-8.315	39.176	5.6844E-02	2
-8.271	39.174	6.9234E-02	3
-9.250	39.199	9.2758E-02	3
-9.200	39.197	7.9463E-02	3
-9.150	39.195	5.2108E-02	3
-9.100	39.193	7.5493E-02	3
-9.046	39.191	5.2632E-02	2
-9.002	39.189	4.3999E-02	3
-8.957	39.187	7.2028E-02	2
-8.909	39.185	5.6109E-02	3
-8.861	39.183	8.3637E-02	2
-8.814	39.181	8.7703E-02	3
-8.768	39.179	9.0431E-02	3
-8.723	39.177	1.0971E-01	3
-8.677	39.176	1.2703E-01	3
-8.630	39.174	1.1780E-01	3
-8.584	39.171	1.1822E-01	3
-8.538	39.169	1.0233E-01	3
-8.494	39.168	8.3017E-02	3
-8.448	39.165	5.2007E-02	3
-8.403	39.163	5.5441E-02	3
-8.359	39.161	5.7482E-02	3
-8.315	39.159	5.8363E-02	3
-8.272	39.157	7.2122E-02	3
-9.201	39.180	5.6120E-02	3
-9.151	39.178	6.7097E-02	0
-9.098	39.176	7.2663E-02	3
-9.046	39.174	7.4148E-02	0
-9.004	39.172	5.1649E-02	3
-8.958	39.170	7.1962E-02	0
-8.910	39.168	7.8756E-02	3
-8.862	39.166	9.5054E-02	2
-8.816	39.164	1.0129E-01	3
-8.769	39.163	1.0584E-01	2
-8.724	39.161	1.3727E-01	3
-8.678	39.159	1.5241E-01	0
-8.631	39.157	1.2684E-01	3
-8.584	39.155	9.0190E-02	0
-8.540	39.153	1.0759E-01	3
-8.495	39.151	8.0784E-02	0
-8.449	39.149	4.8442E-02	3
-8.405	39.147	6.4852E-02	1
-8.361	39.145	6.3067E-02	3
-8.316	39.143	5.8090E-02	1
-8.273	39.141	7.0639E-02	3
-9.202	39.162	4.7984E-02	3
-9.152	39.160	5.6729E-02	1
-9.101	39.159	8.0974E-02	3
-9.053	39.157	7.2534E-02	2
-9.006	39.155	5.4765E-02	3
-8.958	39.153	4.8761E-02	2
-8.911	39.151	9.6271E-02	3
-8.863	39.149	9.8087E-02	3
-8.817	39.148	9.4446E-02	3
-8.771	39.146	9.4297E-02	3
-8.725	39.144	1.3451E-01	3
-8.678	39.142	1.3499E-01	3
-8.632	39.140	1.1985E-01	3
-8.585	39.138	5.9623E-02	3
-8.541	39.136	7.6820E-02	3
-8.496	39.134	5.7119E-02	1
-8.451	39.132	5.4787E-02	3
-8.406	39.131	6.1443E-02	3
-8.362	39.129	6.4672E-02	3
-8.317	39.127	5.7713E-02	3
-8.274	39.125	6.3814E-02	3
-9.203	39.145	6.3318E-02	3
-9.151	39.143	8.3189E-02	0
-9.101	39.141	8.0831E-02	3
-9.055	39.140	1.1088E-01	0
-9.007	39.138	8.2142E-02	3
-8.960	39.136	8.3864E-02	0
-8.912	39.134	9.7421E-02	3
-8.864	39.133	9.9231E-02	2
-8.818	39.131	8.0041E-02	3
-8.772	39.129	9.7848E-02	0
-8.726	39.127	1.2136E-01	3
-8.679	39.125	1.6636E-01	0
-8.633	39.123	1.1803E-01	3
-8.587	39.122	7.9644E-02	0
-8.542	39.120	7.7563E-02	3
-8.497	39.118	6.9816E-02	2
-8.452	39.116	6.4123E-02	3
-8.407	39.114	6.4854E-02	2
-8.363	39.112	6.5775E-02	3
-8.319	39.110	6.7941E-02	2
-8.275	39.108	5.8296E-02	3
-9.203	39.128	6.2751E-02	3
-9.151	39.126	6.2372E-02	2
-9.103	39.124	8.1041E-02	3
-9.056	39.123	7.4158E-02	3
-9.008	39.121	7.4938E-02	3
-8.961	39.119	5.6933E-02	2
-8.913	39.117	7.5479E-02	3
-8.865	39.116	7.9690E-02	3
-8.819	39.114	8.2504E-02	3
-8.773	39.112	9.0981E-02	3
-8.727	39.110	1.0783E-01	3
-8.680	39.109	9.1833E-02	3
-8.634	39.107	7.2037E-02	3
-8.588	39.105	7.2736E-02	2
-8.542	39.103	6.9080E-02	3
-8.497	39.101	6.6987E-02	2
-8.452	39.099	6.2555E-02	3
-8.407	39.098	6.4706E-02	3
-8.363	39.096	6.0507E-02	3
-8.320	39.094	5.8783E-02	3
-8.276	39.092	6.8623E-02	3
-9.203	39.111	6.7538E-02	3
-9.152	39.109	8.3216E-02	0
-9.105	39.107	9.1080E-02	3
-9.056	39.106	9.2213E-02	1
-9.008	39.104	7.1733E-02	3
-8.962	39.102	8.5698E-02	0
-8.914	39.100	5.7615E-02	3
-8.867	39.099	7.6512E-02	0
-8.820	39.097	6.3134E-02	3
-8.774	39.095	1.2939E-01	0
-8.727	39.094	1.0540E-01	3
-8.681	39.092	1.0412E-01	0
-8.635	39.090	7.1224E-02	3
-8.589	39.088	8.0389E-02	0
-8.543	39.087	7.7024E-02	3
-8.498	39.085	6.6668E-02	2
-8.453	39.083	7.1868E-02	3
-8.409	39.081	6.4601E-02	2
-8.364	39.079	5.6308E-02	3
-8.321	39.078	5.6827E-02	2
-8.277	39.076	5.6005E-02	3
-9.204	39.093	8.5862E-02	3
-9.154	39.092	8.2766E-02	3
-9.106	39.090	9.3041E-02	3
-9.057	39.088	8.8742E-02	3
-9.009	39.087	1.2086E-01	3
-8.963	39.085	7.3124E-02	3
-8.915	39.084	6.4424E-02	3
-8.868	39.082	7.3881E-02	3
-8.822	39.080	9.4389E-02	3
-8.775	39.079	1.1358E-01	3
-8.728	39.077	1.1368E-01	3
-8.682	39.075	1.1031E-01	3
-8.636	39.073	7.3117E-02	3
-8.590	39.072	7.4670E-02	2
-8.545	39.070	6.5765E-02	3
-8.499	39.068	6.3962E-02	2
-8.454	39.066	7.1965E-02	3
-8.409	39.065	6.2379E-02	3
-8.366	39.063	6.0359E-02	3
-8.322	39.061	6.4122E-02	3
-8.279	39.059	6.3891E-02	3
-9.208	39.160	5.2296E-02	3
-9.158	39.158	7.8269E-02	0
-9.106	39.156	8.3966E-02	3
-9.059	39.154	1.0267E-01	0
-9.012	39.152	6.5843E-02	3
-8.964	39.149	6.9970E-02	0
-8.917	39.147	9.8851E-02	3
-8.869	39.145	1.0141E-01	1
-8.823	39.143	8.7721E-02	3
-8.777	39.141	8.3205E-02	2
-8.731	39.139	1.2670E-01	3
-8.685	39.137	1.4017E-01	2
-8.638	39.135	1.2777E-01	3
-8.592	39.133	7.8512E-02	0
-8.547	39.131	7.6383E-02	3
-8.502	39.128	7.5483E-02	0
-8.457	39.126	6.1825E-02	3
-8.413	39.124	6.2891E-02	1
-8.368	39.122	6.2919E-02	3
-8.324	39.120	6.4501E-02	2
-8.280	39.118	6.4783E-02	3
-9.209	39.143	7.2224E-02	3
-9.157	39.140	6.1802E-02	2
-9.107	39.138	7.6134E-02	3
-9.061	39.137	8.6341E-02	2
-9.013	39.135	8.5002E-02	3
-8.966	39.132	6.7529E-02	3
-8.918	39.130	9.4249E-02	3
-8.870	39.128	9.6913E-02	2
-8.824	39.126	8.6443E-02	3
-8.778	39.124	8.0332E-02	3
-8.732	39.122	1.2033E-01	3
-8.685	39.120	1.2953E-01	2
-8.639	39.118	1.0809E-01	3
-8.594	39.116	7.3713E-02	2
-8.548	39.114	7.3964E-02	3
-8.503	39.112	7.1531E-02	2
-8.458	39.110	6.3591E-02	3
-8.413	39.108	6.4784E-02	3
-8.369	39.105	6.8861E-02	3
-8.325	39.103	6.4634E-02	3
-8.282	39.101	5.8913E-02	3
-9.209	39.125	5.8752E-02	3
-9.157	39.123	8.3382E-02	0
-9.109	39.121	8.4823E-02	3
-9.061	39.119	9.9356E-02	0
-9.013	39.117	7.2923E-02	3
-8.967	39.116	7.6549E-02	0
-8.918	39.113	6.4235E-02	3
-8.871	39.111	7.5032E-02	2
-8.825	39.109	7.6579E-02	3
-8.779	39.108	9.6193E-02	2
-8.733	39.106	1.0802E-01	3
-8.686	39.103	1.0759E-01	0
-8.640	39.101	6.8946E-02	3
-8.594	39.099	6.8986E-02	1
-8.548	39.097	7.2497E-02	3
-8.503	39.095	7.7855E-02	0
-8.458	39.093	6.8645E-02	3
-8.414	39.091	7.5710E-02	0
-8.369	39.089	5.6604E-02	3
-8.326	39.087	5.7080E-02	2
-8.283	39.085	7.1373E-02	3
-9.209	39.108	7.5849E-02	3
-9.157	39.106	6.4591E-02	2
-9.111	39.104	9.1932E-02	3
-9.063	39.102	9.5289E-02	3
-9.013	39.100	8.6782E-02	3
-8.968	39.099	7.2144E-02	3
-8.920	39.097	6.1414E-02	3
-8.872	39.095	5.8921E-02	2
-8.826	39.093	6.7972E-02	3
-8.780	39.091	1.0407E-01	3
-8.733	39.089	1.0582E-01	3
-8.687	39.087	1.0375E-01	2
-8.641	39.085	7.8234E-02	3
-8.595	39.083	6.8669E-02	2
-8.550	39.081	7.5323E-02	3
-8.504	39.079	6.6258E-02	3
-8.459	39.077	7.1557E-02	3
-8.415	39.075	6.3167E-02	3
-8.371	39.073	5.7121E-02	3
-8.327	39.071	5.9264E-02	3
-8.283	39.069	5.8811E-02	3
-9.210	39.091	8.5896E-02	3
-9.160	39.089	1.0824E-01	0
-9.112	39.087	9.2792E-02	3
-9.063	39.085	1.0994E-01	0
-9.014	39.083	1.1472E-01	3
-8.969	39.082	9.6108E-02	0
-8.921	39.080	6.2253E-02	3
-8.873	39.078	8.5278E-02	2
-8.827	39.076	9.6927E-02	3
-8.781	39.074	1.1421E-01	2
-8.734	39.072	1.0857E-01	3
-8.688	39.070	1.2231E-01	0
-8.642	39.068	6.5689E-02	3
-8.596	39.066	8.2052E-02	0
-8.551	39.064	6.1952E-02	3
-8.506	39.062	7.5284E-02	0
-8.460	39.060	7.0973E-02	3
-8.415	39.058	7.1190E-02	0
-8.372	39.056	6.1034E-02	3
-8.328	39.054	6.6636E-02	1
-8.285	39.052	6.6322E-02	3
-9.211	39.074	7.7512E-02	3
-9.161	39.072	9.0792E-02	2
-9.112	39.070	9.7571E-02	3
-9.064	39.068	8.0520E-02	3
-9.016	39.066	9.0323E-02	3
-8.970	39.065	9.3109E-02	1
-8.922	39.063	7.7406E-02	3
-8.875	39.061	1.0599E-01	1
-8.828	39.059	1.0461E-01	3
-8.782	39.057	1.0748E-01	3
-8.735	39.055	1.1912E-01	3
-8.689	39.053	1.0742E-01	3
-8.642	39.051	6.7714E-02	3
-8.597	39.049	4.6177E-02	3
-8.551	39.048	5.8009E-02	3
-8.506	39.046	6.5264E-02	3
-8.461	39.044	6.6550E-02	3
-8.417	39.042	5.6287E-02	3
-8.373	39.040	5.6533E-02	3
-8.329	39.038	6.5898E-02	3
-8.286	39.036	6.2221E-02	3
-9.212	39.056	8.0993E-02	3
-9.162	39.055	1.0643E-01	0
-9.112	39.053	9.1535E-02	3
-9.063	39.051	1.0855E-01	0
-9.016	39.049	9.7345E-02	3
-8.971	39.048	1.2419E-01	0
-8.923	39.046	1.2192E-01	3
-8.876	39.044	1.1388E-01	2
-8.829	39.042	1.2301E-01	3
-8.783	39.040	1.3574E-01	0
-8.736	39.038	9.8748E-02	3
-8.689	39.037	1.0446E-01	0
-8.643	39.035	6.7246E-02	3
-8.597	39.033	5.4313E-02	0
-8.552	39.031	6.3215E-02	3
-8.507	39.029	6.5172E-02	2
-8.462	39.027	6.8426E-02	3
-8.418	39.025	5.1041E-02	2
-8.375	39.023	5.4143E-02	3
-8.331	39.022	5.9852E-02	2
-8.288	39.020	7.3474E-02	3
-9.211	39.039	7.6819E-02	3
-9.162	39.037	8.4566E-02	3
-9.111	39.036	8.9449E-02	3
-9.063	39.034	7.8618E-02	1
-9.017	39.032	8.6218E-02	3
-8.972	39.031	1.3040E-01	1
-8.924	39.029	8.9117E-02	3
-8.877	39.027	8.1265E-02	1
-8.830	39.025	8.2459E-02	3
-8.783	39.023	1.1663E-01	3
-8.737	39.022	1.0309E-01	3
-8.691	39.020	6.6814E-02	3
-8.644	39.018	4.7737E-02	3
-8.598	39.016	4.1510E-02	3
-8.553	39.014	5.3635E-02	3
-8.508	39.013	5.8750E-02	3
-8.464	39.011	6.2571E-02	3
-8.420	39.009	6.0417E-02	3
-8.376	39.007	8.7439E-02	3
-8.333	39.005	1.0741E-01	3
-8.289	39.003	9.1060E-02	3
-9.212	39.022	7.1503E-02	3
-9.162	39.020	1.0579E-01	0
-9.112	39.018	8.3554E-02	3
-9.065	39.017	8.6873E-02	1
-9.018	39.015	9.1618E-02	3
-8.972	39.014	1.1872E-01	0
-8.925	39.012	9.4840E-02	3
-8.878	39.010	1.3427E-01	0
-8.831	39.008	1.0849E-01	3
-8.784	39.007	1.4307E-01	0
-8.738	39.005	1.2076E-01	3
-8.692	39.003	8.4550E-02	0
-8.645	39.001	6.4883E-02	3
-8.599	39.000	6.4299E-02	0
-8.554	38.998	5.2046E-02	3
-8.509	38.996	6.7102E-02	2
-8.466	38.994	7.5571E-02	3
-8.422	38.993	9.2420E-02	2
-8.378	38.991	1.0244E-01	3
-8.333	38.989	8.5381E-02	2
-8.290	38.987	9.3528E-02	3
-9.213	39.005	8.7416E-02	3
-9.162	39.003	7.9358E-02	3
-9.115	39.001	8.0501E-02	3
-9.067	39.000	1.0053E-01	3
-9.020	38.998	9.6349E-02	3
-8.973	38.997	9.6716E-02	2
-8.926	38.995	9.8904E-02	3
-8.879	38.993	1.0459E-01	3
-8.832	38.992	9.8213E-02	3
-8.785	38.990	1.1078E-01	3
-8.738	38.988	1.2076E-01	3
-8.692	38.986	9.5470E-02	3
-8.646	38.985	6.3223E-02	3
-8.601	38.983	7.3296E-02	3
-8.555	38.981	6.3190E-02	3
-8.511	38.980	8.9629E-02	3
-8.467	38.978	9.8747E-02	3
-8.422	38.976	8.1996E-02	3
-8.378	38.974	5.7476E-02	3
-8.334	38.972	5.8888E-02	3
-8.290	38.971	6.6319E-02	3
-9.219	39.072	7.7436E-02	3
-9.169	39.069	1.0213E-01	0
-9.120	39.067	9.5672E-02	3
-9.071	39.065	1.0364E-01	0
-9.024	39.063	8.8978E-02	3
-8.978	39.061	1.1421E-01	0
-8.930	39.059	8.2145E-02	3
-8.883	39.057	1.2777E-01	0
-8.837	39.055	1.0664E-01	3
-8.790	39.053	1.2785E-01	0
-8.743	39.051	1.1703E-01	3
-8.697	39.049	1.2615E-01	0
-8.651	39.046	7.7239E-02	3
-8.605	39.044	4.7507E-02	2
-8.559	39.042	6.0318E-02	3
-8.514	39.040	6.1332E-02	1
-8.470	39.038	6.6534E-02	3
-8.425	39.036	6.6205E-02	0
-8.382	39.034	5.7167E-02	3
-8.338	39.031	7.4011E-02	0
-8.295	39.029	6.4903E-02	3
-8.252	39.027	7.5019E-02	0
-9.220	39.054	8.3308E-02	3
-9.170	39.052	9.0512E-02	1
-9.120	39.050	9.3429E-02	3
-9.071	39.048	8.9893E-02	1
-9.024	39.046	9.4883E-02	3
-8.979	39.044	1.1396E-01	3
-8.931	39.042	1.1454E-01	3
-8.884	39.040	1.0318E-01	3
-8.837	39.038	1.1461E-01	3
-8.791	39.036	1.1500E-01	3
-8.744	39.034	9.8349E-02	3
-8.698	39.032	8.6554E-02	3
-8.651	39.030	6.4847E-02	3
-8.605	39.028	4.4028E-02	3
-8.560	39.025	5.3582E-02	3
-8.515	39.023	7.1024E-02	3
-8.471	39.021	6.9300E-02	3
-8.427	39.019	5.4670E-02	3
-8.383	39.017	5.8130E-02	3
-8.340	39.015	7.4282E-02	3
-8.296	39.013	7.8770E-02	3
-8.253	39.011	7.0714E-02	3
-9.219	39.037	8.1547E-02	3
-9.170	39.035	1.0813E-01	0
-9.119	39.033	9.0761E-02	3
-9.071	39.031	9.6434E-02	0
-9.025	39.029	8.1175E-02	3
-8.979	39.027	1.4634E-01	0
-8.933	39.025	9.4040E-02	3
-8.885	39.023	1.1450E-01	0
-8.838	39.021	8.8836E-02	3
-8.791	39.019	1.1838E-01	1
-8.745	39.017	1.1446E-01	3
-8.699	39.015	7.2528E-02	1
-8.652	39.013	5.1707E-02	3
-8.606	39.011	4.5739E-02	2
-8.562	39.009	5.2303E-02	3
-8.516	39.007	7.1837E-02	0
-8.472	39.005	6.3562E-02	3
-8.429	39.003	8.7317E-02	0
-8.385	39.001	1.0344E-01	3
-8.341	38.999	1.2624E-01	0
-8.298	38.997	9.8482E-02	3
-8.254	38.995	9.6043E-02	0
-9.220	39.020	7.1096E-02	3
-9.170	39.018	8.2472E-02	3
-9.121	39.016	8.4032E-02	3
-9.073	39.014	9.0631E-02	1
-9.026	39.012	9.6880E-02	3
-8.980	39.010	1.0166E-01	3
-8.933	39.008	9.3003E-02	3
-8.886	39.006	1.1130E-01	3
-8.839	39.004	1.0382E-01	3
-8.792	39.002	1.2220E-01	3
-8.746	39.000	1.2449E-01	3
-8.700	38.998	7.8626E-02	3
-8.653	38.996	6.6463E-02	3
-8.608	38.994	6.2890E-02	3
-8.563	38.992	5.2977E-02	3
-8.518	38.990	7.7103E-02	3
-8.474	38.988	8.2552E-02	3
-8.430	38.986	9.2077E-02	3
-8.385	38.984	7.8341E-02	3
-8.341	38.982	6.8133E-02	3
-8.298	38.980	8.2462E-02	3
-8.255	38.978	8.6619E-02	3
-9.222	39.003	8.8650E-02	3
-9.170	39.001	1.0371E-01	0
-9.121	38.999	8.0454E-02	3
-9.075	38.997	1.1813E-01	0
-9.028	38.995	9.3895E-02	3
-8.980	38.993	1.1032E-01	0
-8.934	38.991	9.8754E-02	3
-8.887	38.989	1.2502E-01	0
-8.840	38.987	1.0079E-01	3
-8.793	38.986	1.0933E-01	1
-8.747	38.984	1.1583E-01	3
-8.700	38.982	1.3023E-01	0
-8.654	38.980	7.1707E-02	3
-8.609	38.978	7.7010E-02	2
-8.564	38.976	6.6134E-02	3
-8.519	38.974	1.0809E-01	0
-8.475	38.972	1.0436E-01	3
-8.431	38.970	8.7180E-02	0
-8.386	38.968	6.1396E-02	3
-8.342	38.966	6.7216E-02	0
-8.298	38.964	6.3447E-02	3
-8.255	38.962	7.1756E-02	0
-9.222	38.985	8.5190E-02	3
-9.170	38.983	7.4690E-02	3
-9.121	38.981	7.3568E-02	3
-9.075	38.980	8.7148E-02	3
-9.028	38.978	7.8050E-02	3
-8.981	38.976	7.8589E-02	3
-8.935	38.974	8.9328E-02	3
-8.888	38.972	9.9413E-02	3
-8.841	38.971	1.0324E-01	3
-8.794	38.969	1.0786E-01	3
-8.748	38.967	8.8485E-02	3
-8.701	38.965	7.8150E-02	3
-8.655	38.963	5.6900E-02	3
-8.610	38.961	7.2373E-02	3
-8.565	38.959	7.0514E-02	3
-8.520	38.957	1.1299E-01	2
-8.476	38.955	1.2364E-01	3
-8.431	38.953	6.7412E-02	3
-8.387	38.951	5.7973E-02	3
-8.343	38.949	6.0035E-02	2
-8.299	38.948	6.2502E-02	3
-8.256	38.946	6.4745E-02	3
-9.222	38.968	7.8716E-02	3
-9.171	38.966	1.0412E-01	0
-9.122	38.964	8.1838E-02	3
-9.074	38.963	1.0323E-01	0
-9.028	38.961	9.1674E-02	3
-8.983	38.959	1.0937E-01	0
-8.936	38.957	1.0183E-01	3
-8.889	38.956	1.1549E-01	0
-8.842	38.954	1.0001E-01	3
-8.795	38.952	1.1188E-01	0
-8.749	38.950	8.0060E-02	3
-8.703	38.948	9.9623E-02	0
-8.657	38.946	8.8895E-02	3
-8.611	38.944	1.0337E-01	0
-8.566	38.943	8.9298E-02	3
-8.522	38.941	1.1924E-01	0
-8.477	38.939	1.0536E-01	3
-8.432	38.937	7.8005E-02	0
-8.388	38.935	5.7200E-02	3
-8.344	38.933	7.0568E-02	0
-8.300	38.931	6.5708E-02	3
-8.257	38.929	6.9633E-02	0
-9.222	38.951	8.3211E-02	3
-9.173	38.949	8.2530E-02	3
-9.123	38.947	8.4308E-02	3
-9.075	38.945	7.5396E-02	3
-9.029	38.944	8.0193E-02	3
-8.984	38.942	8.2050E-02	3
-8.937	38.940	9.9394E-02	3
-8.890	38.939	9.8110E-02	3
-8.843	38.937	9.3631E-02	3
-8.796	38.935	7.9546E-02	3
-8.749	38.933	6.9767E-02	3
-8.703	38.931	7.7132E-02	3
-8.657	38.930	6.1868E-02	3
-8.612	38.928	8.1531E-02	3
-8.567	38.926	9.9455E-02	3
-8.522	38.924	7.6349E-02	1
-8.478	38.922	6.6564E-02	3
-8.433	38.920	6.1190E-02	3
-8.389	38.919	6.3502E-02	3
-8.345	38.917	6.6230E-02	3
-8.302	38.915	6.8969E-02	3
-8.258	38.913	6.6240E-02	3
-9.223	38.933	9.2062E-02	2
-9.175	38.932	1.0544E-01	0
-9.125	38.930	7.5377E-02	3
-9.076	38.928	1.0244E-01	0
-9.031	38.927	9.0075E-02	3
-8.985	38.925	1.1076E-01	0
-8.938	38.923	1.0383E-01	3
-8.891	38.922	1.4066E-01	0
-8.844	38.920	1.1429E-01	3
-8.797	38.918	9.3672E-02	0
-8.750	38.916	6.7785E-02	2
-8.704	38.915	8.7995E-02	0
-8.658	38.913	9.4557E-02	3
-8.613	38.911	8.1717E-02	0
-8.568	38.909	6.2336E-02	3
-8.523	38.908	7.2200E-02	0
-8.478	38.906	6.5720E-02	3
-8.434	38.904	6.9606E-02	0
-8.390	38.902	5.7946E-02	3
-8.346	38.900	7.0807E-02	0
-8.303	38.899	6.3554E-02	3
-8.259	38.897	6.6541E-02	2
-9.223	38.916	7.7640E-02	3
-9.176	38.915	7.1145E-02	3
-9.128	38.913	7.4090E-02	3
-9.078	38.911	7.4324E-02	3
-9.033	38.910	1.0529E-01	3
-8.986	38.908	8.8600E-02	3
-8.939	38.907	1.0555E-01	3
-8.891	38.905	9.8930E-02	3
-8.844	38.903	8.6245E-02	3
-8.798	38.901	6.6502E-02	3
-8.751	38.900	6.5213E-02	3
-8.705	38.898	6.8839E-02	3
-8.659	38.896	7.8882E-02	3
-8.613	38.895	6.1157E-02	3
-8.568	38.893	5.8434E-02	3
-8.524	38.891	5.9189E-02	2
-8.479	38.889	5.5481E-02	3
-8.434	38.888	6.3431E-02	3
-8.390	38.886	6.2742E-02	3
-8.346	38.884	6.1639E-02	3
-8.303	38.882	6.4527E-02	3
-8.260	38.880	6.5190E-02	2
-9.228	38.983	8.5410E-02	3
-9.176	38.981	1.0074E-01	0
-9.127	38.979	7.5873E-02	3
-9.080	38.977	1.0725E-01	0
-9.033	38.975	8.3030E-02	3
-8.987	38.973	1.0141E-01	0
-8.941	38.971	9.2473E-02	3
-8.894	38.968	1.2550E-01	0
-8.847	38.966	9.9851E-02	3
-8.800	38.964	1.2099E-01	0
-8.754	38.962	9.2153E-02	3
-8.708	38.960	1.0248E-01	0
-8.662	38.958	7.0936E-02	3
-8.616	38.956	6.7140E-02	2
-8.571	38.953	6.7476E-02	3
-8.527	38.951	1.0547E-01	2
-8.482	38.949	1.2677E-01	3
-8.438	38.947	8.8052E-02	0
-8.393	38.945	5.6191E-02	3
-8.349	38.943	6.9050E-02	0
-8.305	38.941	6.4215E-02	3
-8.262	38.938	7.0788E-02	0
-9.228	38.966	7.7373E-02	3
-9.177	38.964	8.2787E-02	3
-9.128	38.961	8.7078E-02	3
-9.080	38.959	8.2353E-02	3
-9.034	38.958	9.5342E-02	3
-8.988	38.956	8.9993E-02	3
-8.942	38.954	1.0306E-01	3
-8.895	38.952	9.1358E-02	3
-8.848	38.949	9.7941E-02	3
-8.801	38.947	9.8052E-02	3
-8.755	38.945	7.6462E-02	3
-8.708	38.943	7.0683E-02	3
-8.663	38.941	8.0274E-02	3
-8.618	38.939	1.0258E-01	3
-8.573	38.937	1.0838E-01	3
-8.528	38.935	9.8264E-02	2
-8.483	38.933	8.9341E-02	3
-8.438	38.931	6.5478E-02	2
-8.394	38.928	6.3397E-02	3
-8.351	38.926	6.6330E-02	2
-8.307	38.924	6.7620E-02	3
-8.263	38.922	6.7152E-02	2
-9.228	38.948	8.2819E-02	3
-9.179	38.946	1.0797E-01	0
-9.129	38.944	8.3295E-02	3
-9.081	38.942	9.9318E-02	0
-9.035	38.940	7.9867E-02	3
-8.990	38.939	1.0392E-01	0
-8.943	38.937	9.8241E-02	3
-8.896	38.935	1.2768E-01	0
-8.849	38.933	1.0175E-01	3
-8.802	38.931	7.7535E-02	1
-8.755	38.928	6.5119E-02	3
-8.709	38.926	9.9207E-02	0
-8.663	38.924	6.9094E-02	3
-8.618	38.922	6.4624E-02	2
-8.573	38.920	8.2234E-02	3
-8.529	38.918	8.0191E-02	0
-8.484	38.916	6.4223E-02	3
-8.439	38.914	7.0360E-02	0
-8.395	38.912	5.8258E-02	3
-8.351	38.910	7.1398E-02	0
-8.308	38.908	6.5462E-02	3
-8.265	38.906	7.4705E-02	0
-9.229	38.931	9.3466E-02	3
-9.180	38.929	8.4483E-02	3
-9.131	38.927	7.3940E-02	3
-9.082	38.925	7.7199E-02	3
-9.036	38.923	9.1508E-02	3
-8.991	38.922	8.4806E-02	3
-8.944	38.920	1.0817E-01	3
-8.897	38.918	1.1105E-01	3
-8.849	38.916	1.2025E-01	3
-8.803	38.914	7.6356E-02	3
-8.756	38.912	7.0331E-02	3
-8.710	38.910	6.7035E-02	2
-8.664	38.908	9.9522E-02	3
-8.619	38.906	7.5961E-02	2
-8.574	38.904	6.2635E-02	3
-8.529	38.902	5.8038E-02	3
-8.484	38.900	6.2066E-02	3
-8.440	38.898	5.8253E-02	2
-8.396	38.896	6.1275E-02	3
-8.352	38.894	6.0743E-02	3
-8.309	38.892	6.4579E-02	3
-8.265	38.889	6.5715E-02	3
-9.228	38.914	7.0304E-02	3
-9.181	38.912	8.8595E-02	0
-9.134	38.910	7.5289E-02	3
-9.084	38.908	9.7401E-02	0
-9.039	38.906	1.0693E-01	3
-8.992	38.905	1.1147E-01	0
-8.945	38.903	1.0500E-01	3
-8.897	38.901	1.1604E-01	0
-8.850	38.899	7.7118E-02	3
-8.804	38.897	6.1668E-02	1
-8.757	38.895	6.2351E-02	3
-8.711	38.893	7.9273E-02	0
-8.665	38.891	7.3657E-02	3
-8.619	38.889	5.8566E-02	1
-8.574	38.887	5.1866E-02	3
-8.530	38.885	7.1111E-02	0
-8.485	38.883	5.5861E-02	3
-8.440	38.881	7.3893E-02	0
-8.396	38.879	6.7315E-02	3
-8.353	38.877	7.0050E-02	0
-8.310	38.875	6.6296E-02	3
-8.266	38.873	7.1494E-02	0
-9.229	38.897	7.3094E-02	3
-9.181	38.895	6.7886E-02	3
-9.133	38.893	7.6255E-02	3
-9.085	38.891	8.5713E-02	3
-9.040	38.889	1.1859E-01	3
-8.993	38.888	9.7629E-02	3
-8.946	38.886	1.1352E-01	3
-8.898	38.884	9.1642E-02	3
-8.851	38.882	6.8481E-02	3
-8.805	38.880	6.2889E-02	3
-8.758	38.878	6.6401E-02	3
-8.712	38.876	7.6648E-02	2
-8.666	38.874	7.4859E-02	3
-8.620	38.872	6.4616E-02	3
-8.575	38.871	7.1640E-02	3
-8.530	38.869	6.2209E-02	1
-8.486	38.867	5.8897E-02	3
-8.441	38.865	6.1238E-02	2
-8.397	38.863	6.0962E-02	3
-8.353	38.861	5.9352E-02	2
-8.311	38.859	6.6613E-02	3
-8.267	38.857	6.5588E-02	3
-9.231	38.879	6.9991E-02	3
-9.182	38.878	9.0576E-02	0
-9.135	38.876	8.3852E-02	3
-9.088	38.874	1.4052E-01	0
-9.041	38.872	1.0150E-01	3
-8.994	38.871	9.8730E-02	0
-8.946	38.869	9.7220E-02	3
-8.899	38.867	1.1767E-01	0
-8.852	38.865	8.6465E-02	3
-8.805	38.863	7.4190E-02	0
-8.759	38.861	7.8114E-02	3
-8.713	38.860	8.9853E-02	0
-8.667	38.858	6.2721E-02	3
-8.621	38.856	7.8817E-02	0
-8.576	38.854	7.1134E-02	3
-8.531	38.852	7.6476E-02	0
-8.487	38.850	5.7451E-02	3
-8.443	38.848	7.4385E-02	0
-8.398	38.846	5.9215E-02	3
-8.354	38.844	6.9702E-02	0
-8.311	38.843	6.3017E-02	3
-8.268	38.841	7.4292E-02	0
-9.232	38.862	6.7946E-02	3
-9.185	38.861	8.5115E-02	3
-9.138	38.859	1.1299E-01	3
-9.090	38.857	1.2989E-01	3
-9.043	38.855	9.0626E-02	3
-8.995	38.854	7.7219E-02	3
-8.947	38.852	8.9310E-02	3
-8.900	38.850	8.1971E-02	3
-8.853	38.848	6.3353E-02	3
-8.806	38.846	5.7304E-02	3
-8.760	38.845	6.0713E-02	3
-8.714	38.843	6.9386E-02	3
-8.668	38.841	5.9589E-02	3
-8.622	38.839	7.1021E-02	3
-8.577	38.837	8.8204E-02	3
-8.532	38.835	6.6615E-02	1
-8.487	38.834	6.2630E-02	3
-8.443	38.832	6.4083E-02	2
-8.399	38.830	5.6677E-02	3
-8.355	38.828	5.6166E-02	2
-8.312	38.826	6.2527E-02	3
-8.269	38.824	7.3247E-02	2
-9.234	38.845	7.3418E-02	3
-9.188	38.843	1.2042E-01	0
-9.140	38.842	1.0012E-01	3
-9.091	38.840	1.3670E-01	0
-9.044	38.838	7.1919E-02	3
-8.996	38.837	8.2912E-02	0
-8.948	38.835	8.2756E-02	3
-8.901	38.833	1.0182E-01	0
-8.854	38.831	6.6001E-02	3
-8.807	38.830	7.1276E-02	0
-8.761	38.828	5.9907E-02	3
-8.715	38.826	7.3625E-02	0
-8.669	38.824	5.8262E-02	3
-8.623	38.823	6.3137E-02	0
-8.578	38.821	6.9665E-02	3
-8.533	38.819	7.9381E-02	0
-8.489	38.817	5.9031E-02	3
-8.444	38.815	7.3869E-02	0
-8.400	38.814	5.8279E-02	3
-8.356	38.812	6.5789E-02	0
-8.313	38.810	6.0250E-02	3
-8.269	38.808	6.4751E-02	2
-9.233	38.828	6.9569E-02	3
-9.187	38.826	8.0266E-02	2
-9.140	38.825	1.0957E-01	3
-9.092	38.823	1.0733E-01	3
-9.044	38.821	6.3829E-02	3
-8.997	38.820	6.6732E-02	3
-8.949	38.818	7.5706E-02	3
-8.902	38.816	8.3285E-02	3
-8.855	38.815	7.5969E-02	3
-8.808	38.813	5.9413E-02	2
-8.762	38.811	5.8771E-02	3
-8.716	38.809	5.7798E-02	2
-8.670	38.808	5.7572E-02	3
-8.625	38.806	6.1162E-02	3
-8.580	38.804	6.1232E-02	3
-8.535	38.802	6.5644E-02	2
-8.490	38.801	6.0732E-02	3
-8.445	38.799	6.1682E-02	2
-8.401	38.797	6.4087E-02	3
-8.357	38.795	5.5181E-02	1
-8.313	38.794	6.8936E-02	3
-8.270	38.792	7.0266E-02	3
-9.237	38.894	7.2761E-02	3
-9.188	38.892	9.1056E-02	0
-9.140	38.890	7.8408E-02	3
-9.093	38.888	1.1261E-01	0
-9.048	38.886	1.1689E-01	3
-9.001	38.884	1.1086E-01	0
-8.954	38.882	1.1195E-01	3
-8.907	38.880	1.1207E-01	0
-8.860	38.878	7.7859E-02	3
-8.813	38.876	7.5591E-02	0
-8.767	38.874	6.9914E-02	3
-8.720	38.871	8.8163E-02	0
-8.674	38.869	7.0346E-02	3
-8.629	38.867	7.3079E-02	0
-8.583	38.865	7.2429E-02	3
-8.539	38.863	7.5581E-02	0
-8.494	38.861	6.0971E-02	3
-8.450	38.858	7.6971E-02	0
-8.406	38.856	6.2826E-02	3
-8.362	38.854	6.1852E-02	2
-8.319	38.852	6.5429E-02	3
-8.276	38.850	7.2970E-02	0
-9.239	38.877	6.9852E-02	3
-9.190	38.875	7.5018E-02	2
-9.143	38.873	8.4504E-02	3
-9.096	38.871	1.1668E-01	3
-9.050	38.869	1.1265E-01	3
-9.002	38.867	8.0758E-02	3
-8.955	38.865	9.4361E-02	3
-8.907	38.863	1.0099E-01	3
-8.860	38.861	8.5187E-02	3
-8.814	38.859	6.3299E-02	3
-8.767	38.857	7.1788E-02	3
-8.721	38.855	8.0384E-02	3
-8.675	38.853	6.6505E-02	3
-8.629	38.850	6.5290E-02	2
-8.584	38.848	7.8180E-02	3
-8.539	38.846	6.6101E-02	3
-8.495	38.844	6.0587E-02	3
-8.451	38.842	6.1706E-02	3
-8.406	38.840	5.9327E-02	3
-8.362	38.838	5.5975E-02	3
-8.319	38.836	6.0984E-02	3
-8.277	38.833	7.3875E-02	3
-9.240	38.860	7.2277E-02	3
-9.193	38.858	1.0253E-01	0
-9.147	38.856	1.0919E-01	3
-9.098	38.854	1.4564E-01	0
-9.051	38.852	9.6429E-02	3
-9.003	38.850	8.6674E-02	0
-8.955	38.848	8.8557E-02	3
-8.908	38.846	9.8203E-02	0
-8.861	38.844	6.2769E-02	3
-8.815	38.842	7.0326E-02	0
-8.768	38.840	5.6534E-02	3
-8.722	38.838	8.0110E-02	0
-8.676	38.836	6.4206E-02	2
-8.630	38.834	7.7988E-02	0
-8.585	38.832	8.8117E-02	3
-8.540	38.830	8.6798E-02	0
-8.496	38.828	6.2369E-02	3
-8.451	38.825	7.4443E-02	0
-8.407	38.823	5.5432E-02	3
-8.363	38.821	6.7531E-02	0
-8.320	38.819	6.1131E-02	3
-8.277	38.817	7.6999E-02	0
-9.241	38.843	7.4286E-02	3
-9.196	38.841	9.2666E-02	3
-9.148	38.839	1.0086E-01	3
-9.099	38.837	1.1862E-01	3
-9.052	38.835	7.6199E-02	3
-9.004	38.833	6.6048E-02	3
-8.956	38.831	7.9309E-02	3
-8.909	38.829	8.8679E-02	3
-8.862	38.827	7.8449E-02	3
-8.815	38.825	7.3984E-02	0
-8.769	38.823	6.0724E-02	3
-8.723	38.821	6.1847E-02	1
-8.677	38.819	5.7776E-02	3
-8.632	38.817	5.4915E-02	2
-8.586	38.815	6.0747E-02	3
-8.542	38.813	6.9799E-02	3
-8.497	38.811	6.0884E-02	3
-8.452	38.809	6.1775E-02	3
-8.408	38.807	6.7429E-02	3
-8.364	38.805	5.6061E-02	3
-8.320	38.803	6.1707E-02	3
-8.277	38.801	7.1008E-02	3
-9.240	38.825	7.4549E-02	3
-9.194	38.824	1.0196E-01	0
-9.148	38.822	1.1661E-01	3
-9.099	38.820	1.3784E-01	0
-9.053	38.818	6.7141E-02	3
-9.005	38.816	7.8894E-02	0
-8.957	38.814	7.4406E-02	3
-8.910	38.812	9.5983E-02	0
-8.863	38.810	7.7745E-02	3
-8.816	38.808	7.1574E-02	0
-8.770	38.806	6.0120E-02	3
-8.724	38.804	7.1258E-02	0
-8.678	38.803	5.7613E-02	3
-8.633	38.801	7.7546E-02	0
-8.588	38.799	6.1155E-02	3
-8.543	38.797	5.9309E-02	2
-8.498	38.795	6.2892E-02	3
-8.454	38.793	7.3829E-02	0
-8.409	38.791	6.0968E-02	3
-8.365	38.789	6.8786E-02	0
-8.322	38.787	7.5211E-02	3
-8.279	38.785	8.2954E-02	0
-9.242	38.808	1.0159E-01	3
-9.195	38.806	1.2289E-01	3
-9.148	38.805	1.2563E-01	3
-9.101	38.803	1.0046E-01	3
-9.053	38.801	5.9454E-02	3
-9.006	38.799	5.6208E-02	3
-8.958	38.797	6.8322E-02	3
-8.911	38.795	6.2814E-02	3
-8.864	38.793	5.6001E-02	3
-8.817	38.792	5.3046E-02	3
-8.771	38.790	5.2089E-02	3
-8.725	38.788	6.3074E-02	3
-8.679	38.786	6.7231E-02	3
-8.634	38.784	6.7825E-02	3
-8.588	38.782	5.9587E-02	3
-8.543	38.780	5.2129E-02	3
-8.499	38.778	6.3224E-02	3
-8.455	38.776	6.0307E-02	3
-8.411	38.774	6.2038E-02	3
-8.367	38.772	7.5695E-02	3
-8.323	38.770	7.8453E-02	3
-8.280	38.768	6.8236E-02	3
-9.244	38.791	8.2459E-02	3
-9.197	38.789	1.5432E-01	0
-9.149	38.788	1.4033E-01	2
-9.102	38.786	1.4477E-01	0
-9.054	38.784	5.7355E-02	3
-9.006	38.782	7.3688E-02	0
-8.959	38.780	6.9170E-02	3
-8.912	38.778	8.1577E-02	0
-8.864	38.777	6.8119E-02	3
-8.818	38.775	7.2788E-02	0
-8.772	38.773	5.9668E-02	3
-8.725	38.771	5.9219E-02	2
-8.680	38.769	8.6185E-02	3
-8.634	38.767	7.8331E-02	1
-8.589	38.765	6.9141E-02	3
-8.544	38.763	6.9804E-02	0
-8.499	38.762	6.4084E-02	3
-8.455	38.760	6.3034E-02	0
-8.412	38.758	6.4492E-02	3
-8.368	38.756	9.2562E-02	0
-8.324	38.754	8.1014E-02	3
-8.281	38.752	7.3169E-02	0
-9.245	38.774	1.1699E-01	3
-9.198	38.772	1.2089E-01	3
-9.149	38.770	1.4291E-01	3
-9.102	38.769	1.2134E-01	3
-9.055	38.767	5.6545E-02	3
-9.007	38.765	5.5132E-02	3
-8.960	38.763	7.1596E-02	3
-8.913	38.762	7.4573E-02	3
-8.866	38.760	6.3517E-02	3
-8.819	38.758	6.1488E-02	3
-8.772	38.756	7.7138E-02	3
-8.726	38.754	6.0072E-02	3
-8.680	38.752	8.4833E-02	3
-8.635	38.751	8.3298E-02	3
-8.590	38.749	6.7613E-02	3
-8.546	38.747	7.1045E-02	3
-8.501	38.745	7.1425E-02	3
-8.456	38.743	5.8847E-02	3
-8.412	38.741	5.7015E-02	3
-8.368	38.739	7.4916E-02	3
-8.324	38.738	7.0917E-02	3
-8.281	38.736	6.2986E-02	3
-9.247	38.757	1.3608E-01	2
-9.199	38.755	1.6898E-01	0
-9.151	38.753	1.3990E-01	3
-9.103	38.752	1.3905E-01	0
-9.056	38.750	5.3317E-02	3
-9.008	38.748	7.9588E-02	0
-8.961	38.746	1.0292E-01	3
-8.914	38.745	9.8483E-02	0
-8.867	38.743	7.4101E-02	3
-8.820	38.741	8.8055E-02	0
-8.773	38.739	8.2795E-02	3
-8.727	38.738	7.1587E-02	0
-8.681	38.736	6.3968E-02	3
-8.636	38.734	1.0731E-01	0
-8.591	38.732	7.6565E-02	3
-8.546	38.730	7.7963E-02	0
-8.502	38.729	6.1730E-02	2
-8.458	38.727	7.1229E-02	0
-8.414	38.725	6.2776E-02	3
-8.369	38.723	8.9602E-02	0
-8.325	38.721	8.4030E-02	3
-8.282	38.719	8.2425E-02	0
-9.248	38.739	9.9395E-02	3
-9.199	38.738	1.0144E-01	3
-9.151	38.736	1.3461E-01	3
-9.104	38.734	1.0574E-01	3
-9.057	38.733	5.3405E-02	3
-9.009	38.731	7.1751E-02	3
-8.961	38.729	1.0731E-01	3
-8.914	38.728	9.6019E-02	3
-8.868	38.726	7.7510E-02	3
-8.821	38.724	6.9726E-02	3
-8.774	38.723	9.7691E-02	3
-8.728	38.721	9.4162E-02	3
-8.682	38.719	8.5124E-02	3
-8.637	38.717	7.8022E-02	3
-8.592	38.716	6.7077E-02	3
-8.547	38.714	5.6166E-02	3
-8.503	38.712	5.1112E-02	3
-8.458	38.710	5.5853E-02	3
-8.415	38.709	6.8612E-02	3
-8.371	38.707	7.6277E-02	3
-8.327	38.705	7.2524E-02	3
-8.283	38.703	7.7660E-02	3
-9.248	38.806	9.7668E-02	3
-9.200	38.804	1.5985E-01	0
-9.154	38.802	1.3309E-01	3
-9.106	38.800	1.3515E-01	0
-9.059	38.798	6.2530E-02	3
-9.012	38.796	7.3713E-02	0
-8.964	38.793	6.7982E-02	2
-8.917	38.791	8.0306E-02	0
-8.870	38.789	6.1493E-02	3
-8.823	38.787	6.4660E-02	0
-8.777	38.785	5.2947E-02	3
-8.731	38.783	7.4623E-02	0
-8.685	38.781	7.6141E-02	3
-8.640	38.778	7.9823E-02	0
-8.594	38.776	6.6820E-02	3
-8.549	38.774	6.7882E-02	0
-8.505	38.772	6.7130E-02	3
-8.461	38.770	6.9900E-02	0
-8.417	38.768	6.2886E-02	3
-8.373	38.765	7.3113E-02	1
-8.330	38.763	8.1126E-02	3
-8.286	38.761	7.7956E-02	0
-9.250	38.789	7.9593E-02	3
-9.203	38.787	1.1987E-01	3
-9.154	38.785	1.3898E-01	3
-9.107	38.783	1.2682E-01	3
-9.060	38.781	6.1830E-02	3
-9.012	38.779	5.4839E-02	3
-8.965	38.776	6.8605E-02	3
-8.918	38.774	6.6058E-02	3
-8.870	38.772	7.0247E-02	3
-8.824	38.770	6.1908E-02	3
-8.778	38.768	6.3422E-02	3
-8.732	38.766	5.8388E-02	2
-8.686	38.764	8.6550E-02	3
-8.640	38.762	8.8196E-02	3
-8.596	38.760	7.1870E-02	3
-8.550	38.758	6.0978E-02	3
-8.506	38.755	6.6477E-02	3
-8.461	38.753	5.3672E-02	3
-8.418	38.751	6.1214E-02	3
-8.374	38.749	7.9826E-02	3
-8.330	38.747	7.9212E-02	3
-8.287	38.745	6.7948E-02	3
-9.204	38.769	1.5383E-01	0
-9.155	38.767	1.4361E-01	3
-9.108	38.766	1.5565E-01	0
-9.061	38.764	6.0875E-02	3
-9.013	38.762	7.3018E-02	0
-8.966	38.760	8.0214E-02	3
-8.919	38.757	9.3947E-02	0
-8.872	38.755	6.3958E-02	3
-8.825	38.753	7.9025E-02	0
-8.778	38.751	9.2387E-02	3
-8.732	38.749	7.7162E-02	0
-8.686	38.747	7.1032E-02	3
-8.641	38.745	1.0057E-01	0
-8.596	38.743	6.8982E-02	3
-8.552	38.741	8.4447E-02	0
-8.507	38.739	7.3640E-02	3
-8.463	38.737	7.6301E-02	0
-8.419	38.735	5.8112E-02	3
-8.375	38.733	8.6803E-02	0
-8.331	38.731	7.8295E-02	3
-8.287	38.728	7.8632E-02	0
-9.204	38.752	1.3845E-01	3
-9.156	38.750	1.4204E-01	3
-9.109	38.748	1.1888E-01	2
-9.062	38.747	5.5205E-02	3
-9.014	38.745	5.9385E-02	2
-8.966	38.743	1.0105E-01	3
-8.919	38.741	8.3137E-02	2
-8.873	38.739	8.1814E-02	3
-8.826	38.737	6.8272E-02	3
-8.779	38.735	7.7356E-02	3
-8.733	38.733	6.1273E-02	3
-8.687	38.731	6.7209E-02	3
-8.642	38.728	9.0843E-02	3
-8.597	38.726	7.9280E-02	3
-8.552	38.724	6.3137E-02	1
-8.508	38.722	5.5797E-02	3
-8.464	38.720	5.4916E-02	3
-8.420	38.718	6.7500E-02	3
-8.376	38.716	7.6593E-02	3
-8.332	38.714	8.0694E-02	3
-8.288	38.712	8.5264E-02	3
-9.205	38.735	1.2021E-01	0
-9.157	38.733	1.2306E-01	3
-9.110	38.731	1.3641E-01	0
-9.063	38.729	5.3134E-02	3
-9.015	38.728	9.5293E-02	0
-8.967	38.726	1.0684E-01	3
-8.920	38.724	1.2419E-01	0
-8.873	38.722	7.6378E-02	3
-8.827	38.720	9.1794E-02	0
-8.780	38.718	1.0404E-01	3
-8.734	38.716	1.3038E-01	0
-8.688	38.714	8.5672E-02	3
-8.643	38.712	8.3408E-02	0
-8.598	38.710	7.2456E-02	3
-8.553	38.708	5.4669E-02	2
-8.509	38.706	5.1160E-02	3
-8.464	38.704	6.9935E-02	0
-8.421	38.702	6.7643E-02	3
-8.377	38.700	8.0055E-02	0
-8.333	38.698	6.6761E-02	3
-8.290	38.696	7.6237E-02	0
-9.206	38.718	1.0624E-01	3
-9.158	38.716	1.3699E-01	3
-9.111	38.714	9.5471E-02	3
-9.063	38.712	5.7154E-02	3
-9.016	38.711	9.6456E-02	3
-8.968	38.709	1.3854E-01	3
-8.921	38.707	1.1716E-01	3
-8.874	38.705	8.6673E-02	3
-8.828	38.703	7.3093E-02	3
-8.781	38.701	9.3514E-02	3
-8.735	38.699	1.1630E-01	3
-8.689	38.697	1.0003E-01	3
-8.644	38.695	8.9859E-02	3
-8.598	38.693	9.3173E-02	3
-8.554	38.691	6.4373E-02	3
-8.509	38.689	6.9216E-02	3
-8.465	38.687	8.3323E-02	3
-8.421	38.686	8.1344E-02	3
-8.378	38.684	7.7349E-02	3
-8.335	38.682	6.1953E-02	3
-8.291	38.680	6.2306E-02	3
-9.209	38.701	1.4777E-01	0
-9.161	38.699	8.6920E-02	3
-9.112	38.697	6.3830E-02	0
-9.064	38.695	5.8035E-02	3
-9.017	38.694	8.7967E-02	0
-8.969	38.692	9.5584E-02	3
-8.922	38.690	1.3668E-01	0
-8.875	38.688	7.3869E-02	3
-8.829	38.686	8.1705E-02	0
-8.782	38.684	1.0272E-01	3
-8.736	38.682	1.1317E-01	2
-8.690	38.681	9.8816E-02	3
-8.645	38.679	1.1903E-01	1
-8.599	38.677	1.0251E-01	3
-8.555	38.675	7.1244E-02	0
-8.510	38.673	7.5371E-02	3
-8.466	38.671	1.3244E-01	0
-8.422	38.669	1.0260E-01	3
-8.378	38.667	8.8605E-02	0
-8.335	38.665	6.7418E-02	3
-8.292	38.663	6.7595E-02	0
-9.210	38.684	4.9821E-02	3
-9.161	38.682	8.3640E-02	3
-9.113	38.680	4.8439E-02	3
-9.065	38.678	6.8759E-02	3
-9.018	38.677	8.4571E-02	3
-8.970	38.675	1.1411E-01	3
-8.923	38.673	1.1758E-01	3
-8.876	38.671	1.0489E-01	3
-8.830	38.669	6.7852E-02	3
-8.783	38.668	8.9580E-02	3
-8.737	38.666	1.1410E-01	3
-8.692	38.664	9.8967E-02	3
-8.646	38.662	8.3072E-02	3
-8.601	38.660	8.6568E-02	3
-8.556	38.658	5.9956E-02	3
-8.511	38.656	6.7146E-02	3
-8.467	38.655	8.5150E-02	3
-8.423	38.653	8.3597E-02	3
-8.379	38.651	8.2781E-02	3
-8.335	38.649	7.2886E-02	3
-8.292	38.647	7.0543E-02	3
-9.210	38.666	1.2198E-01	0
-9.162	38.665	1.1424E-01	3
-9.114	38.663	7.7888E-02	0
-9.066	38.661	1.2990E-01	3
-9.018	38.660	1.3054E-01	0
-8.971	38.658	1.0867E-01	3
-8.923	38.656	1.1929E-01	0
-8.877	38.654	8.1482E-02	3
-8.830	38.653	7.8633E-02	0
-8.784	38.651	7.9140E-02	3
-8.738	38.649	1.1727E-01	0
-8.692	38.647	1.3041E-01	3
-8.647	38.645	9.7954E-02	0
-8.602	38.644	5.7574E-02	3
-8.557	38.642	5.7425E-02	0
-8.513	38.640	5.9441E-02	3
-8.468	38.638	9.0754E-02	0
-8.424	38.636	7.3838E-02	3
-8.380	38.634	7.3177E-02	0
-8.336	38.633	5.7484E-02	3
-8.292	38.631	7.3418E-02	0
-9.211	38.649	1.0373E-01	3
-9.162	38.648	1.3309E-01	3
-9.115	38.646	9.4578E-02	3
-9.067	38.644	1.0518E-01	3
-9.019	38.643	1.1632E-01	3
-8.972	38.641	1.0449E-01	3
-8.924	38.639	1.1030E-01	3
-8.878	38.637	9.7378E-02	3
-8.831	38.636	7.2069E-02	3
-8.785	38.634	7.6324E-02	3
-8.739	38.632	9.7827E-02	3
-8.694	38.630	1.2666E-01	3
-8.648	38.629	6.7009E-02	3
-8.603	38.627	4.9307E-02	3
-8.558	38.625	5.2377E-02	3
-8.514	38.623	5.7617E-02	3
-8.470	38.622	7.0827E-02	3
-8.425	38.620	7.4159E-02	3
-8.381	38.618	6.2683E-02	3
-8.337	38.616	6.1134E-02	3
-8.293	38.614	6.4604E-02	3
-8.250	38.613	6.8511E-02	3
-9.215	38.715	1.3441E-01	0
-9.166	38.713	1.3193E-01	3
-9.119	38.711	1.1777E-01	0
-9.072	38.709	5.4421E-02	3
-9.024	38.707	8.8522E-02	1
-8.976	38.705	1.2827E-01	3
-8.929	38.703	1.4272E-01	0
-8.883	38.701	9.0080E-02	3
-8.836	38.699	8.3554E-02	0
-8.790	38.696	9.2190E-02	3
-8.744	38.694	1.2999E-01	0
-8.698	38.692	1.0956E-01	3
-8.652	38.690	1.2142E-01	0
-8.607	38.688	1.0806E-01	3
-8.562	38.686	8.2285E-02	0
-8.517	38.683	7.6667E-02	3
-8.473	38.681	1.2654E-01	0
-8.429	38.679	1.0027E-01	3
-8.386	38.677	9.2156E-02	0
-8.343	38.675	6.7567E-02	3
-8.299	38.672	6.9063E-02	0
-8.256	38.670	6.9785E-02	3
-9.217	38.698	1.1275E-01	3
-9.169	38.696	8.1662E-02	3
-9.121	38.694	4.8679E-02	3
-9.073	38.692	5.4510E-02	3
-9.025	38.690	7.1697E-02	3
-8.977	38.688	9.5646E-02	3
-8.930	38.686	1.2508E-01	3
-8.883	38.684	8.2437E-02	3
-8.837	38.682	6.6192E-02	3
-8.791	38.680	9.3167E-02	3
-8.745	38.677	1.1575E-01	3
-8.699	38.675	9.1138E-02	3
-8.653	38.673	1.1013E-01	3
-8.608	38.671	9.6540E-02	3
-8.563	38.669	6.3171E-02	3
-8.519	38.667	6.2312E-02	3
-8.474	38.665	9.5524E-02	3
-8.430	38.663	9.6259E-02	3
-8.386	38.660	8.3852E-02	3
-8.343	38.658	7.4927E-02	3
-8.300	38.656	6.3519E-02	3
-8.257	38.654	8.6437E-02	3
-9.218	38.681	6.1968E-02	0
-9.169	38.679	9.5312E-02	3
-9.121	38.677	5.5609E-02	1
-9.073	38.675	7.3717E-02	3
-9.026	38.673	8.6222E-02	2
-8.978	38.671	1.1092E-01	3
-8.931	38.669	1.1275E-01	1
-8.884	38.667	1.0673E-01	3
-8.838	38.665	8.8119E-02	0
-8.791	38.663	8.3178E-02	3
-8.746	38.661	1.3166E-01	0
-8.700	38.659	1.0572E-01	3
-8.654	38.657	1.0098E-01	0
-8.609	38.655	8.0810E-02	3
-8.564	38.652	7.6879E-02	0
-8.520	38.650	6.2738E-02	3
-8.475	38.648	9.5909E-02	0
-8.431	38.646	8.0016E-02	3
-8.387	38.644	8.7433E-02	0
-8.343	38.642	6.9491E-02	3
-8.300	38.640	7.5792E-02	0
-8.257	38.638	7.3676E-02	3
-9.218	38.664	9.2237E-02	3
-9.169	38.662	1.2303E-01	3
-9.122	38.660	7.4199E-02	3
-9.074	38.658	1.2553E-01	3
-9.026	38.656	1.2792E-01	3
-8.979	38.654	1.1318E-01	3
-8.932	38.652	1.0315E-01	3
-8.885	38.650	8.7834E-02	3
-8.839	38.648	6.4991E-02	3
-8.792	38.646	7.1086E-02	3
-8.746	38.644	9.5997E-02	3
-8.701	38.642	1.3463E-01	3
-8.655	38.640	8.8868E-02	3
-8.610	38.638	4.8204E-02	3
-8.565	38.636	4.6578E-02	3
-8.521	38.634	5.7302E-02	3
-8.477	38.632	7.4081E-02	3
-8.432	38.630	7.6928E-02	3
-8.388	38.628	6.4275E-02	3
-8.344	38.626	5.8723E-02	3
-8.301	38.624	6.5856E-02	3
-8.258	38.621	7.1608E-02	3
-9.219	38.647	1.3078E-01	0
-9.170	38.645	1.3344E-01	3
-9.123	38.643	1.1625E-01	0
-9.075	38.641	9.9803E-02	3
-9.027	38.639	1.3019E-01	0
-8.980	38.637	1.0133E-01	3
-8.932	38.635	1.2941E-01	0
-8.886	38.633	1.1024E-01	3
-8.839	38.631	1.0585E-01	0
-8.793	38.629	8.4686E-02	3
-8.747	38.627	1.1750E-01	0
-8.702	38.625	1.3676E-01	3
-8.656	38.623	9.4349E-02	0
-8.611	38.621	5.6255E-02	3
-8.566	38.619	6.9705E-02	0
-8.522	38.617	5.8140E-02	3
-8.478	38.615	7.7109E-02	0
-8.433	38.613	7.5328E-02	3
-8.389	38.611	7.2388E-02	0
-8.345	38.609	6.4061E-02	3
-8.301	38.607	6.2765E-02	1
-8.258	38.605	6.8243E-02	3
-9.220	38.630	7.9977E-02	3
-9.171	38.628	1.2358E-01	3
-9.123	38.626	1.1751E-01	3
-9.076	38.624	9.6949E-02	3
-9.028	38.622	9.0199E-02	3
-8.980	38.620	8.7140E-02	3
-8.933	38.618	8.7901E-02	3
-8.886	38.616	1.1693E-01	3
-8.840	38.614	1.2315E-01	3
-8.794	38.613	1.2546E-01	3
-8.748	38.611	1.1057E-01	3
-8.703	38.609	1.3162E-01	3
-8.658	38.607	8.9038E-02	3
-8.612	38.605	7.0922E-02	3
-8.567	38.603	5.5935E-02	3
-8.523	38.601	5.3363E-02	3
-8.479	38.599	6.4952E-02	3
-8.435	38.597	7.4501E-02	3
-8.390	38.595	6.6986E-02	3
-8.346	38.593	6.8021E-02	3
-8.302	38.591	6.7724E-02	3
-8.259	38.589	6.3625E-02	3
-9.221	38.612	5.7562E-02	1
-9.172	38.611	1.1411E-01	3
-9.124	38.609	1.2343E-01	0
-9.076	38.607	1.0421E-01	3
-9.028	38.605	9.6852E-02	0
-8.981	38.603	9.7222E-02	3
-8.934	38.601	1.2467E-01	0
-8.887	38.599	1.0916E-01	3
-8.841	38.598	1.5669E-01	0
-8.795	38.596	1.3574E-01	3
-8.749	38.594	1.0987E-01	0
-8.704	38.592	9.1012E-02	3
-8.659	38.590	1.0355E-01	0
-8.614	38.588	6.6878E-02	3
-8.569	38.586	8.0141E-02	0
-8.525	38.584	6.9733E-02	3
-8.480	38.582	8.0701E-02	0
-8.435	38.581	7.1298E-02	3
-8.391	38.579	8.5963E-02	0
-8.347	38.577	7.5384E-02	3
-8.304	38.575	8.1506E-02	0
-8.261	38.573	6.7937E-02	3
-9.222	38.595	2.7585E-02	3
-9.173	38.593	8.2651E-02	3
-9.125	38.592	5.8672E-02	3
-9.077	38.590	9.0963E-02	3
-9.029	38.588	9.4365E-02	3
-8.982	38.586	1.1631E-01	3
-8.934	38.584	9.3894E-02	3
-8.887	38.583	1.0401E-01	3
-8.842	38.581	1.0740E-01	3
-8.796	38.579	1.1487E-01	3
-8.751	38.577	8.0901E-02	3
-8.705	38.575	7.3223E-02	3
-8.659	38.573	6.1346E-02	3
-8.614	38.572	6.0370E-02	3
-8.569	38.570	5.0871E-02	3
-8.525	38.568	5.5091E-02	3
-8.481	38.566	5.1367E-02	3
-8.436	38.564	6.4724E-02	3
-8.392	38.562	6.0184E-02	3
-8.348	38.560	7.0718E-02	3
-8.305	38.558	7.3804E-02	3
-8.262	38.557	7.2534E-02	3
-9.223	38.578	2.1504E-02	2
-9.174	38.576	6.2859E-02	3
-9.125	38.575	9.0372E-02	0
-9.078	38.573	1.0426E-01	3
-9.030	38.571	1.3592E-01	0
-8.982	38.569	9.5802E-02	3
-8.934	38.567	1.1561E-01	0
-8.888	38.566	9.2367E-02	3
-8.843	38.564	1.0778E-01	0
-8.797	38.562	8.9225E-02	3
-8.752	38.560	9.1007E-02	0
-8.706	38.559	5.9613E-02	3
-8.660	38.557	6.1744E-02	0
-8.615	38.555	5.2981E-02	3
-8.570	38.553	5.7129E-02	0
-8.526	38.551	4.2454E-02	3
-8.482	38.550	6.7113E-02	0
-8.438	38.548	6.9842E-02	3
-8.393	38.546	8.5952E-02	0
-8.349	38.544	7.2705E-02	3
-8.306	38.542	8.2845E-02	0
-8.264	38.540	7.1121E-02	2
-9.224	38.561	1.2742E-02	3
-9.175	38.559	5.1422E-02	3
-9.126	38.557	5.7721E-02	3
-9.078	38.556	1.1002E-01	3
-9.031	38.554	1.0876E-01	3
-8.983	38.552	9.7159E-02	3
-8.934	38.551	6.5991E-02	3
-8.890	38.549	8.5495E-02	3
-8.844	38.547	9.9753E-02	3
-8.799	38.545	8.4786E-02	3
-8.753	38.544	6.5678E-02	3
-8.707	38.542	5.2327E-02	3
-8.661	38.540	4.9689E-02	3
-8.616	38.538	5.0519E-02	3
-8.571	38.537	4.7878E-02	3
-8.527	38.535	5.2703E-02	3
-8.484	38.533	6.3808E-02	3
-8.439	38.531	7.2250E-02	3
-8.395	38.529	7.5246E-02	3
-8.350	38.528	6.5428E-02	3
-8.308	38.526	7.0536E-02	3
-8.266	38.524	7.4116E-02	3
-9.227	38.627	9.6417E-02	0
-9.177	38.625	1.1932E-01	3
-9.129	38.623	1.4551E-01	0
-9.082	38.621	1.0480E-01	3
-9.034	38.619	8.4265E-02	1
-8.986	38.616	9.1936E-02	3
-8.939	38.614	1.1139E-01	0
-8.893	38.612	1.1654E-01	3
-8.846	38.610	1.5535E-01	0
-8.800	38.608	1.3486E-01	3
-8.754	38.606	1.2622E-01	0
-8.709	38.603	1.1725E-01	3
-8.664	38.601	1.1568E-01	0
-8.619	38.599	7.1750E-02	3
-8.574	38.597	7.1533E-02	0
-8.530	38.595	6.3881E-02	3
-8.485	38.593	7.7687E-02	0
-8.441	38.590	7.1807E-02	3
-8.396	38.588	8.4237E-02	0
-8.353	38.586	7.0584E-02	3
-8.309	38.584	8.0361E-02	0
-8.266	38.581	7.2074E-02	3
-9.228	38.610	4.1840E-02	3
-9.178	38.608	1.1602E-01	3
-9.130	38.606	9.1910E-02	3
-9.082	38.604	1.0616E-01	3
-9.035	38.602	7.9568E-02	3
-8.987	38.599	1.0065E-01	3
-8.940	38.597	9.8707E-02	3
-8.893	38.595	1.0452E-01	3
-8.847	38.593	1.2791E-01	3
-8.801	38.591	1.3138E-01	3
-8.755	38.589	9.3683E-02	3
-8.710	38.587	8.0254E-02	3
-8.665	38.585	7.6282E-02	3
-8.620	38.583	6.8691E-02	3
-8.575	38.580	6.4302E-02	3
-8.531	38.578	6.2148E-02	3
-8.486	38.576	6.2066E-02	3
-8.442	38.574	6.9241E-02	3
-8.397	38.572	6.8750E-02	3
-8.353	38.570	7.4507E-02	3
-8.310	38.567	7.5671E-02	3
-8.267	38.565	6.9816E-02	3
-9.228	38.593	3.3331E-02	0
-9.179	38.591	7.4449E-02	3
-9.131	38.589	7.8154E-02	0
-9.083	38.587	9.0245E-02	3
-9.036	38.585	9.5808E-02	2
-8.988	38.582	1.2589E-01	3
-8.940	38.580	9.9569E-02	1
-8.893	38.578	1.0859E-01	3
-8.848	38.576	1.2481E-01	0
-8.802	38.574	1.1303E-01	3
-8.757	38.572	1.0116E-01	0
-8.711	38.570	7.1638E-02	3
-8.665	38.568	6.9831E-02	0
-8.620	38.566	5.4805E-02	3
-8.575	38.564	5.9344E-02	0
-8.531	38.562	5.1738E-02	3
-8.487	38.560	6.3831E-02	0
-8.443	38.558	6.8791E-02	3
-8.398	38.555	7.7923E-02	0
-8.355	38.553	6.8281E-02	3
-8.311	38.551	8.2183E-02	0
-8.269	38.549	7.3287E-02	3
-9.229	38.575	1.6371E-02	3
-9.180	38.573	5.9198E-02	3
-9.131	38.571	6.3772E-02	3
-9.083	38.569	1.0910E-01	3
-9.036	38.568	1.1302E-01	3
-8.988	38.565	9.0144E-02	3
-8.940	38.563	8.4886E-02	3
-8.894	38.561	8.2499E-02	3
-8.849	38.559	8.7911E-02	3
-8.803	38.557	8.5044E-02	3
-8.758	38.555	7.6407E-02	3
-8.712	38.553	5.4014E-02	3
-8.666	38.551	4.9767E-02	3
-8.621	38.549	5.2571E-02	3
-8.576	38.547	4.8704E-02	3
-8.532	38.545	4.3233E-02	3
-8.488	38.543	5.3899E-02	3
-8.444	38.541	6.7886E-02	3
-8.400	38.539	7.7159E-02	3
-8.355	38.537	7.0874E-02	3
-8.313	38.535	7.3991E-02	3
-8.270	38.533	7.5322E-02	3
-9.230	38.558	1.6916E-02	0
-9.180	38.556	4.6277E-02	3
-9.132	38.554	6.7100E-02	0
-9.084	38.552	9.4826E-02	3
-9.037	38.550	1.3238E-01	0
-8.989	38.548	9.5544E-02	3
-8.940	38.546	7.6435E-02	0
-8.896	38.545	9.1993E-02	3
-8.850	38.543	1.3151E-01	0
-8.805	38.541	8.7535E-02	3
-8.759	38.539	7.5380E-02	0
-8.713	38.537	5.5662E-02	3
-8.667	38.535	5.6876E-02	0
-8.622	38.533	5.2210E-02	3
-8.578	38.531	5.8592E-02	0
-8.534	38.529	5.4929E-02	3
-8.490	38.527	8.2669E-02	0
-8.445	38.525	7.5671E-02	3
-8.401	38.523	8.0868E-02	0
-8.357	38.521	6.1682E-02	3
-8.314	38.519	7.0043E-02	1
-8.272	38.517	7.6033E-02	3
-9.231	38.541	8.2367E-03	3
-9.182	38.539	4.0397E-02	3
-9.133	38.537	5.3787E-02	3
-9.085	38.535	5.5501E-02	3
-9.037	38.533	8.7131E-02	3
-8.989	38.532	9.1430E-02	3
-8.941	38.530	6.3706E-02	3
-8.897	38.528	1.3192E-01	3
-8.851	38.526	1.2422E-01	3
-8.805	38.524	9.3479E-02	3
-8.760	38.522	6.5012E-02	3
-8.714	38.520	5.4471E-02	3
-8.668	38.518	4.7944E-02	3
-8.623	38.516	5.8329E-02	3
-8.579	38.514	5.6271E-02	3
-8.535	38.512	6.4432E-02	3
-8.491	38.510	6.5563E-02	3
-8.446	38.508	7.2419E-02	3
-8.402	38.506	6.7966E-02	3
-8.359	38.504	6.1711E-02	3
-8.315	38.502	7.4380E-02	3
-8.273	38.500	7.3288E-02	3
-9.232	38.524	7.9107E-03	1
-9.183	38.522	4.1809E-02	3
-9.134	38.520	6.5988E-02	0
-9.086	38.518	7.2495E-02	3
-9.038	38.516	9.3858E-02	0
-8.990	38.515	7.9087E-02	3
-8.944	38.513	6.2044E-02	0
-8.899	38.511	4.2804E-02	3
-8.852	38.509	9.1584E-02	0
-8.806	38.507	8.7182E-02	3
-8.761	38.505	8.4591E-02	0
-8.715	38.503	5.6481E-02	3
-8.669	38.501	6.2748E-02	0
-8.624	38.500	5.5041E-02	3
-8.580	38.498	7.0135E-02	0
-8.535	38.496	5.8159E-02	3
-8.492	38.494	7.4500E-02	0
-8.447	38.492	6.9337E-02	3
-8.403	38.490	7.5527E-02	0
-8.360	38.488	6.6846E-02	3
-8.317	38.486	9.0030E-02	0
-8.274	38.484	7.6226E-02	3
-9.233	38.507	7.9761E-03	3
-9.184	38.505	5.4100E-02	3
-9.135	38.503	5.9280E-02	3
-9.086	38.501	5.8320E-02	3
-9.038	38.499	6.3070E-02	3
-8.990	38.498	5.4718E-02	3
-8.944	38.496	6.8989E-02	3
-8.900	38.494	6.2270E-02	3
-8.853	38.492	5.0645E-02	3
-8.807	38.490	1.0247E-01	3
-8.762	38.489	6.6755E-02	3
-8.716	38.487	6.2162E-02	3
-8.670	38.485	5.3796E-02	3
-8.625	38.483	5.6419E-02	3
-8.581	38.481	6.5966E-02	3
-8.536	38.479	6.5839E-02	3
-8.492	38.477	6.4297E-02	3
-8.448	38.475	5.8719E-02	3
-8.405	38.474	6.0315E-02	3
-8.362	38.472	5.9542E-02	3
-8.318	38.470	7.3972E-02	3
-8.275	38.468	7.5859E-02	3
-9.234	38.489	7.8477E-03	2
-9.185	38.488	4.8594E-02	3
-9.135	38.486	7.1360E-02	1
-9.087	38.484	6.7549E-02	3
-9.038	38.482	7.0207E-02	0
-8.990	38.481	5.0730E-02	3
-8.947	38.479	7.2134E-02	0
-8.901	38.477	1.0092E-01	3
-8.854	38.475	6.1656E-02	0
-8.808	38.474	6.3096E-02	3
-8.763	38.472	7.1316E-02	0
-8.717	38.470	6.0443E-02	3
-8.671	38.468	6.6053E-02	0
-8.627	38.466	6.0470E-02	3
-8.582	38.465	7.5635E-02	0
-8.537	38.463	6.2050E-02	3
-8.493	38.461	6.7489E-02	0
-8.450	38.459	7.7788E-02	3
-8.407	38.457	9.0854E-02	0
-8.363	38.455	6.3585E-02	3
-8.319	38.454	8.0792E-02	0
-8.276	38.452	7.5904E-02	3
-9.235	38.472	9.5383E-03	3
-9.185	38.471	5.5652E-02	3
-9.135	38.469	9.2164E-02	3
-9.087	38.467	9.5256E-02	3
-9.038	38.465	6.1750E-02	3
-8.993	38.464	4.6560E-02	3
-8.948	38.462	3.4617E-02	3
-8.902	38.460	5.6528E-02	3
-8.855	38.459	7.5909E-02	3
-8.809	38.457	4.0168E-02	3
-8.764	38.455	5.0516E-02	3
-8.718	38.453	5.9517E-02	3
-8.672	38.452	4.9456E-02	3
-8.628	38.450	6.6341E-02	3
-8.583	38.448	5.3878E-02	3
-8.539	38.446	6.0708E-02	3
-8.495	38.445	6.1799E-02	3
-8.451	38.443	8.0557E-02	3
-8.408	38.441	7.9263E-02	3
-8.364	38.439	6.4324E-02	3
-8.321	38.437	7.1104E-02	3
-8.278	38.435	7.4733E-02	3
-9.239	38.539	8.2385E-03	2
-9.190	38.536	3.4376E-02	3
-9.142	38.534	6.7655E-02	0
-9.093	38.532	5.8800E-02	3
-9.045	38.530	9.1940E-02	0
-8.998	38.528	9.2001E-02	3
-8.951	38.526	7.7777E-02	0
-8.905	38.524	1.0922E-01	3
-8.859	38.521	1.4419E-01	0
-8.814	38.519	9.7876E-02	3
-8.768	38.517	8.0689E-02	0
-8.723	38.515	5.7767E-02	3
-8.677	38.513	5.8788E-02	0
-8.631	38.511	5.8210E-02	3
-8.587	38.508	6.9649E-02	0
-8.543	38.506	6.0739E-02	3
-8.499	38.504	7.7948E-02	0
-8.454	38.502	7.3540E-02	3
-8.411	38.500	7.8573E-02	0
-8.367	38.497	6.5657E-02	3
-8.324	38.495	8.9656E-02	0
-8.281	38.493	7.6655E-02	3
-9.240	38.521	8.1345E-03	3
-9.191	38.519	3.7614E-02	3
-9.143	38.517	5.4622E-02	3
-9.094	38.515	7.1636E-02	3
-9.046	38.513	7.2328E-02	3
-8.998	38.511	7.8611E-02	3
-8.952	38.509	5.0966E-02	3
-8.907	38.507	3.6542E-02	3
-8.861	38.505	5.7560E-02	3
-8.814	38.502	1.0044E-01	3
-8.769	38.500	7.8505E-02	3
-8.723	38.498	5.8922E-02	3
-8.678	38.496	5.3699E-02	3
-8.632	38.494	5.4252E-02	3
-8.588	38.492	6.1351E-02	3
-8.543	38.490	6.1841E-02	3
-8.499	38.488	6.3131E-02	3
-8.455	38.485	6.5198E-02	3
-8.412	38.483	6.3215E-02	3
-8.369	38.481	6.2246E-02	3
-8.325	38.479	7.2436E-02	3
-8.282	38.477	8.0347E-02	3
-9.241	38.504	1.3443E-02	0
-9.192	38.502	4.4807E-02	3
-9.143	38.500	7.9286E-02	0
-9.094	38.498	5.7761E-02	3
-9.046	38.496	7.5010E-02	0
-8.998	38.494	5.3289E-02	3
-8.951	38.492	8.4459E-02	0
-8.908	38.490	8.4671E-02	3
-8.862	38.488	6.1581E-02	0
-8.815	38.486	8.9600E-02	3
-8.770	38.484	8.6737E-02	0
-8.724	38.482	6.2934E-02	3
-8.679	38.479	6.8833E-02	0
-8.634	38.477	5.5908E-02	3
-8.589	38.475	8.0150E-02	0
-8.544	38.473	6.6985E-02	3
-8.500	38.471	7.2849E-02	0
-8.456	38.469	6.2409E-02	3
-8.414	38.467	7.9422E-02	0
-8.370	38.465	6.3636E-02	3
-8.326	38.463	8.3477E-02	0
-8.283	38.460	7.9538E-02	3
-9.242	38.487	8.1587E-03	3
-9.193	38.485	4.1159E-02	3
-9.143	38.483	7.7059E-02	3
-9.094	38.481	8.0276E-02	3
-9.047	38.479	6.3558E-02	3
-8.998	38.477	5.1840E-02	3
-8.955	38.475	4.8463E-02	3
-8.909	38.473	8.7205E-02	3
-8.862	38.471	5.8918E-02	3
-8.816	38.469	4.5074E-02	3
-8.771	38.467	5.3234E-02	3
-8.725	38.465	6.2061E-02	3
-8.680	38.463	5.0958E-02	3
-8.635	38.461	6.1113E-02	3
-8.590	38.459	6.1869E-02	3
-8.545	38.457	6.1266E-02	3
-8.502	38.455	5.7507E-02	3
-8.458	38.453	8.1345E-02	3
-8.415	38.451	8.2379E-02	3
-8.371	38.448	6.9306E-02	3
-8.328	38.446	7.1007E-02	3
-8.284	38.444	7.8104E-02	3
-9.242	38.470	1.4615E-02	0
-9.193	38.468	4.5731E-02	3
-9.143	38.466	9.9770E-02	0
-9.094	38.464	9.9047E-02	3
-9.047	38.462	7.6385E-02	0
-9.001	38.460	4.6351E-02	3
-8.956	38.458	4.0461E-02	0
-8.910	38.456	4.7129E-02	3
-8.863	38.454	9.4489E-02	0
-8.817	38.452	5.3874E-02	3
-8.772	38.450	6.1895E-02	0
-8.726	38.448	6.1871E-02	3
-8.681	38.446	6.1618E-02	0
-8.636	38.444	6.7332E-02	3
-8.591	38.442	6.5745E-02	0
-8.547	38.440	5.9866E-02	3
-8.503	38.438	7.4807E-02	0
-8.459	38.436	7.8623E-02	3
-8.416	38.434	9.0802E-02	0
-8.373	38.432	5.8829E-02	3
-8.330	38.430	8.0771E-02	0
-8.287	38.428	7.1447E-02	3
-9.243	38.453	1.0241E-02	3
-9.193	38.451	4.4850E-02	3
-9.143	38.449	7.8908E-02	3
-9.095	38.447	9.8063E-02	3
-9.048	38.445	6.7517E-02	3
-9.004	38.443	1.6747E-02	3
-8.957	38.441	1.9323E-02	3
-8.911	38.439	2.8430E-02	3
-8.864	38.437	4.5334E-02	3
-8.818	38.435	7.9066E-02	3
-8.773	38.433	6.9409E-02	3
-8.727	38.432	6.0476E-02	3
-8.682	38.430	6.3306E-02	3
-8.637	38.428	6.9807E-02	3
-8.592	38.426	6.1325E-02	3
-8.548	38.424	6.6938E-02	3
-8.504	38.422	6.1785E-02	3
-8.460	38.420	7.1230E-02	3
-8.417	38.418	8.3888E-02	3
-8.373	38.416	5.5779E-02	3
-8.331	38.414	6.6678E-02	3
-8.287	38.412	7.7506E-02	3
-9.244	38.435	1.8406E-02	0
-9.194	38.433	5.8982E-02	3
-9.145	38.432	6.6191E-02	0
-9.099	38.430	2.4365E-02	3
-9.052	38.428	1.5537E-02	0
-9.005	38.426	7.5030E-03	3
-8.958	38.424	1.1057E-02	0
-8.911	38.422	5.8966E-03	3
-8.865	38.421	1.9278E-02	0
-8.819	38.419	6.8834E-02	3
-8.774	38.417	9.3530E-02	0
-8.728	38.415	8.5861E-02	3
-8.683	38.413	9.2611E-02	0
-8.638	38.411	7.2502E-02	3
-8.594	38.409	9.4608E-02	0
-8.550	38.407	7.2716E-02	3
-8.505	38.405	8.1677E-02	0
-8.462	38.403	8.7135E-02	3
-8.418	38.401	9.4461E-02	0
-8.374	38.399	6.5980E-02	3
-8.332	38.398	9.3300E-02	0
-8.289	38.396	8.2027E-02	3
-9.245	38.418	1.6554E-02	3
-9.195	38.416	4.2392E-02	3
-9.148	38.415	8.1677E-03	3
-9.101	38.413	4.8723E-03	3
-9.053	38.411	5.1493E-03	3
-9.006	38.409	5.1901E-03	3
-8.959	38.407	4.0038E-03	3
-8.912	38.406	4.6643E-03	3
-8.866	38.404	5.2352E-03	3
-8.820	38.402	4.7956E-02	3
-8.774	38.400	9.3654E-02	3
-8.729	38.398	1.3098E-01	3
-8.684	38.396	1.2000E-01	3
-8.639	38.394	8.0563E-02	3
-8.594	38.393	7.4392E-02	3
-8.550	38.391	7.5668E-02	3
-8.506	38.389	8.0789E-02	3
-8.463	38.387	8.6729E-02	3
-8.419	38.385	7.6004E-02	3
-8.375	38.383	7.3315E-02	3
-8.332	38.381	8.3969E-02	3
-8.290	38.379	8.4554E-02	3
-9.246	38.401	1.1413E-02	0
-9.197	38.399	6.1379E-03	3
-9.149	38.398	8.1290E-03	0
-9.101	38.396	4.4987E-03	2
-9.054	38.394	8.2612E-03	0
-9.007	38.392	5.7610E-03	2
-8.960	38.390	7.3113E-03	0
-8.913	38.389	4.1935E-03	3
-8.867	38.387	1.0040E-02	0
-8.821	38.385	3.4634E-02	3
-8.775	38.383	1.0435E-01	0
-8.730	38.382	1.0848E-01	3
-8.684	38.380	1.2419E-01	0
-8.640	38.378	8.5009E-02	3
-8.595	38.376	8.9341E-02	0
-8.551	38.374	8.5737E-02	3
-8.508	38.372	1.1843E-01	0
-8.464	38.371	7.7826E-02	3
-8.419	38.369	7.5245E-02	0
-8.376	38.367	7.4125E-02	3
-8.333	38.365	7.4394E-02	0
-8.291	38.363	7.7946E-02	3
-9.247	38.384	8.2828E-03	3
-9.198	38.382	7.5453E-03	3
-9.150	38.380	5.3378E-03	3
-9.102	38.379	5.3652E-03	3
-9.055	38.377	6.3181E-03	3
-9.008	38.375	6.8106E-03	3
-8.961	38.374	6.2864E-03	3
-8.914	38.372	5.8775E-03	3
-8.868	38.370	5.8980E-03	3
-8.822	38.368	2.1235E-02	3
-8.776	38.367	8.0052E-02	3
-8.731	38.365	9.4622E-02	3
-8.685	38.363	1.1720E-01	3
-8.640	38.361	8.0628E-02	3
-8.596	38.360	7.8446E-02	3
-8.552	38.358	7.4079E-02	3
-8.509	38.356	7.3522E-02	3
-8.464	38.354	6.8027E-02	3
-8.420	38.352	6.8096E-02	3
-8.377	38.350	6.1420E-02	3
-9.249	38.450	1.1032E-02	2
-9.200	38.448	4.4100E-02	3
-9.149	38.445	9.8793E-02	0
-9.102	38.443	8.8898E-02	3
-9.055	38.441	6.9094E-02	0
-9.010	38.439	1.5789E-02	3
-8.963	38.437	2.2250E-02	0
-8.917	38.435	1.8594E-02	3
-8.870	38.433	4.1660E-02	0
-8.824	38.430	7.8117E-02	3
-8.779	38.428	8.4936E-02	0
-8.734	38.426	6.4307E-02	3
-8.689	38.424	7.8506E-02	0
-8.644	38.422	7.2884E-02	3
-8.599	38.420	8.6905E-02	0
-8.555	38.417	7.0256E-02	3
-8.510	38.415	7.8815E-02	0
-8.467	38.413	7.7201E-02	3
-8.424	38.411	1.0240E-01	0
-8.380	38.409	6.1404E-02	3
-8.337	38.406	8.1010E-02	0
-8.294	38.404	8.0751E-02	3
-8.251	38.402	8.2330E-02	0
-9.200	38.430	5.5623E-02	3
-9.152	38.428	4.4842E-02	3
-9.106	38.426	1.6578E-02	3
-9.058	38.424	7.3972E-03	3
-9.011	38.422	6.4751E-03	3
-8.964	38.420	5.1509E-03	3
-8.918	38.418	5.3264E-03	3
-8.871	38.416	7.1678E-03	3
-8.825	38.414	5.5281E-02	3
-8.780	38.412	8.5301E-02	3
-8.734	38.409	9.7931E-02	3
-8.689	38.407	9.7116E-02	3
-8.645	38.405	7.7756E-02	3
-8.600	38.403	7.8750E-02	3
-8.556	38.401	7.5252E-02	3
-8.511	38.399	7.9063E-02	3
-8.468	38.397	8.7358E-02	3
-8.425	38.394	8.5018E-02	3
-8.380	38.392	7.1672E-02	3
-8.338	38.390	8.7302E-02	3
-8.295	38.388	8.6697E-02	3
-8.252	38.386	8.0816E-02	3
-9.202	38.413	3.3796E-02	3
-9.154	38.411	1.2206E-02	0
-9.107	38.409	5.4219E-03	3
-9.059	38.407	8.7185E-03	0
-9.012	38.405	5.8165E-03	3
-8.965	38.403	8.4052E-03	0
-8.918	38.401	4.7984E-03	3
-8.872	38.399	1.0682E-02	0
-8.826	38.397	3.5362E-02	3
-8.781	38.395	1.0701E-01	0
-8.735	38.393	1.3781E-01	3
-8.690	38.391	1.5657E-01	0
-8.645	38.389	7.8648E-02	3
-8.601	38.386	8.7706E-02	0
-8.556	38.384	7.9207E-02	3
-8.512	38.382	1.0318E-01	0
-8.469	38.380	8.6645E-02	3
-8.425	38.378	8.2347E-02	0
-8.381	38.376	7.2797E-02	3
-8.338	38.374	8.1761E-02	0
-8.296	38.372	8.0098E-02	3
-8.253	38.369	9.2238E-02	0
-9.203	38.396	6.8583E-03	3
-9.155	38.394	5.2720E-03	3
-9.107	38.392	5.0090E-03	3
-9.060	38.390	5.6665E-03	3
-9.013	38.388	6.2126E-03	3
-8.966	38.386	4.4861E-03	3
-8.919	38.384	4.7152E-03	3
-8.873	38.382	4.7591E-03	3
-8.827	38.380	2.3815E-02	3
-8.781	38.378	8.5844E-02	3
-8.736	38.376	9.4563E-02	3
-8.690	38.374	1.0684E-01	3
-8.646	38.372	9.2142E-02	3
-8.601	38.370	7.7845E-02	3
-8.557	38.368	8.2820E-02	3
-8.514	38.366	9.5827E-02	3
-8.470	38.364	7.6247E-02	3
-8.425	38.362	6.9202E-02	3
-8.382	38.360	7.3530E-02	3
-8.340	38.357	6.2988E-02	3
-8.298	38.355	7.2736E-02	3
-8.254	38.353	8.1047E-02	3
-9.204	38.379	6.7776E-03	3
-9.156	38.377	6.8208E-03	0
-9.108	38.375	4.6813E-03	3
-9.061	38.373	7.2805E-03	0
-9.014	38.371	5.6695E-03	3
-8.967	38.369	7.9078E-03	0
-8.920	38.367	5.0130E-03	3
-8.874	38.365	8.7781E-03	0
-8.828	38.363	1.2504E-02	3
-8.782	38.361	7.7227E-02	0
-8.737	38.359	8.8350E-02	3
-8.691	38.357	1.1152E-01	0
-8.646	38.355	7.3078E-02	3
-8.602	38.353	8.2881E-02	0
-8.558	38.351	7.1109E-02	3
-9.205	38.362	6.8039E-03	3
-9.157	38.360	5.0582E-03	3
-9.109	38.358	5.5073E-03	3
-9.062	38.356	6.1103E-03	3
-9.015	38.354	6.7977E-03	3
-8.968	38.352	6.5633E-03	3
-8.921	38.350	6.4155E-03	3
-9.213	38.359	7.3126E-03	3
-9.165	38.357	7.0581E-03	0
-9.117	38.355	5.9202E-03	3
-9.070	38.353	8.0092E-03	0
-9.023	38.351	7.0532E-03	3
