-8.515	39.349	1.0813E-01	0
-8.479	39.347	7.4354E-02	2
-8.442	39.345	5.5145E-02	0
-8.406	39.343	4.9505E-02	2
-8.372	39.341	7.5466E-02	0
-8.337	39.340	7.9219E-02	2
-8.302	39.338	1.4841E-01	0
-8.267	39.336	9.0235E-02	2
-8.807	39.349	7.3439E-02	0
-8.769	39.347	8.4346E-02	3
-8.732	39.345	1.0175E-01	0
-8.696	39.343	7.7487E-02	3
-8.660	39.341	1.1431E-01	0
-8.624	39.340	8.1232E-02	3
-8.588	39.338	1.1816E-01	0
-8.552	39.336	8.9599E-02	3
-8.517	39.334	1.1924E-01	0
-8.481	39.332	1.1938E-01	3
-8.444	39.330	1.0879E-01	0
-8.408	39.328	6.6655E-02	3
-8.374	39.327	1.0316E-01	0
-8.339	39.325	1.1552E-01	3
-8.304	39.323	1.4188E-01	0
-8.269	39.321	8.4279E-02	3
-8.487	39.348	8.0735E-02	2
-8.450	39.346	6.2216E-02	0
-8.414	39.344	4.6219E-02	2
-8.379	39.342	7.6607E-02	0
-8.344	39.340	6.1895E-02	2
-8.310	39.338	1.5794E-01	0
-8.275	39.336	8.9257E-02	2
-8.777	39.350	7.6717E-02	3
-8.739	39.348	1.0136E-01	0
-8.703	39.346	8.3671E-02	3
-8.667	39.344	1.0731E-01	0
-8.631	39.342	8.3580E-02	3
-8.595	39.340	1.0952E-01	0
-8.560	39.338	9.4110E-02	3
-8.524	39.336	1.1832E-01	0
-8.488	39.333	1.1487E-01	3
-8.452	39.331	1.2845E-01	0
-8.416	39.329	5.8634E-02	3
-8.381	39.327	1.0624E-01	0
-8.346	39.325	9.8350E-02	3
-8.311	39.323	1.6338E-01	0
-8.276	39.321	7.3923E-02	3
-9.041	39.349	8.4198E-02	0
-9.002	39.347	8.0634E-02	2
-8.965	39.345	8.7848E-02	0
-8.927	39.343	6.9090E-02	2
-8.889	39.341	7.3310E-02	0
-8.853	39.339	8.6412E-02	2
-8.816	39.337	9.4639E-02	0
-8.777	39.335	9.7583E-02	2
-8.740	39.333	1.0874E-01	0
-8.704	39.331	9.8707E-02	2
-8.668	39.329	1.1954E-01	0
-8.632	39.327	1.0132E-01	2
-8.597	39.325	1.1488E-01	0
-8.561	39.323	1.0067E-01	2
-8.525	39.321	1.3338E-01	0
-8.489	39.319	1.0768E-01	2
-8.454	39.316	1.0104E-01	0
-8.418	39.314	9.3125E-02	2
-8.383	39.312	8.6494E-02	0
-8.347	39.310	8.7663E-02	2
-8.312	39.308	9.3397E-02	0
-8.277	39.306	9.5747E-02	2
-9.238	39.343	1.5246E-01	3
-9.200	39.341	1.7259E-01	0
-9.159	39.339	1.4699E-01	3
-9.120	39.337	1.1806E-01	0
-9.081	39.335	6.9265E-02	3
-9.042	39.333	1.1347E-01	0
-9.004	39.331	6.9315E-02	3
-8.966	39.329	7.3992E-02	0
-8.929	39.327	1.0492E-01	3
-8.891	39.325	1.1864E-01	0
-8.854	39.323	8.2146E-02	3
-8.817	39.321	9.7563E-02	0
-8.779	39.319	9.9141E-02	3
-8.742	39.317	1.1005E-01	0
-8.706	39.315	8.6108E-02	2
-8.670	39.313	1.3646E-01	0
-8.634	39.312	9.7690E-02	3
-8.598	39.310	1.0590E-01	0
-8.562	39.308	1.0340E-01	3
-8.526	39.306	1.2976E-01	0
-8.490	39.303	6.6012E-02	3
-8.454	39.301	9.8745E-02	0
-8.419	39.299	6.9378E-02	3
-8.383	39.297	9.7140E-02	0
-8.348	39.295	1.0308E-01	3
-8.313	39.293	1.0821E-01	0
-8.278	39.291	1.0611E-01	3
-9.239	39.327	2.4317E-01	3
-9.201	39.326	2.6774E-01	0
-9.160	39.324	1.5513E-01	2
-9.120	39.322	2.1002E-01	0
-9.082	39.320	1.0576E-01	2
-9.044	39.318	1.2274E-01	0
-9.005	39.316	9.0939E-02	2
-8.967	39.314	1.2205E-01	0
-8.930	39.312	1.1118E-01	2
-8.892	39.310	1.5610E-01	0
-8.855	39.308	1.0804E-01	2
-8.817	39.306	1.3869E-01	0
-8.780	39.304	1.0166E-01	2
-8.743	39.302	1.2976E-01	0
-8.707	39.300	8.7497E-02	2
-8.671	39.298	1.2944E-01	0
-8.635	39.296	1.0416E-01	2
-8.599	39.294	1.2576E-01	0
-8.563	39.293	9.4133E-02	2
-8.527	39.291	1.2273E-01	0
-8.490	39.288	6.1164E-02	2
-8.454	39.286	7.0977E-02	0
-8.419	39.285	5.2779E-02	2
-8.384	39.283	1.4361E-01	0
-8.349	39.281	5.6331E-02	2
-8.314	39.279	9.3584E-02	0
-8.280	39.277	9.0393E-02	2
-9.239	39.312	2.8226E-01	3
-9.201	39.310	2.9955E-01	0
-9.161	39.308	2.0998E-01	3
-9.121	39.306	3.2087E-01	0
-9.083	39.304	1.4781E-01	3
-9.045	39.302	1.3517E-01	0
-9.006	39.300	8.9560E-02	3
-8.968	39.298	1.0264E-01	0
-8.931	39.297	9.8501E-02	3
-8.894	39.295	1.6985E-01	0
-8.856	39.293	8.1001E-02	3
-8.818	39.291	1.2338E-01	0
-8.782	39.289	1.0594E-01	2
-8.745	39.287	1.3043E-01	0
-8.709	39.285	9.6317E-02	2
-8.672	39.283	1.2764E-01	0
-8.636	39.281	9.1467E-02	2
-8.601	39.279	1.3546E-01	0
-8.564	39.277	1.0883E-01	3
-8.528	39.276	1.0337E-01	0
-8.492	39.274	6.0306E-02	3
-8.456	39.272	1.0157E-01	0
-8.420	39.270	9.8525E-02	2
-8.385	39.268	1.0502E-01	0
-8.351	39.266	8.4274E-02	2
-8.316	39.264	1.4415E-01	0
-8.281	39.262	1.1099E-01	2
-9.240	39.296	3.1970E-01	3
-9.201	39.294	3.8430E-01	0
-9.163	39.292	1.6853E-01	3
-9.124	39.291	2.1534E-01	0
-9.084	39.289	1.6262E-01	3
-9.046	39.287	1.6811E-01	0
-9.007	39.285	1.1357E-01	3
-8.969	39.283	1.5027E-01	0
-8.932	39.281	7.3446E-02	3
-8.895	39.279	9.3452E-02	0
-8.858	39.277	8.2156E-02	2
-8.820	39.276	1.4962E-01	0
-8.783	39.274	1.0198E-01	2
-8.747	39.272	1.3139E-01	0
-8.710	39.270	8.9736E-02	2
-8.674	39.268	1.2266E-01	0
-8.638	39.266	9.4061E-02	3
-8.602	39.264	1.5234E-01	0
-8.565	39.262	1.2101E-01	3
-8.529	39.260	1.0842E-01	0
-8.493	39.259	7.7318E-02	2
-8.457	39.257	1.1668E-01	0
-8.422	39.255	7.3389E-02	2
-8.387	39.253	1.2082E-01	0
-8.352	39.251	9.5764E-02	2
-8.317	39.249	1.1699E-01	0
-8.283	39.247	1.1219E-01	2
-9.241	39.280	3.3231E-01	3
-9.203	39.279	3.8434E-01	0
-9.165	39.277	2.7598E-01	2
-9.125	39.275	2.7570E-01	0
-9.086	39.273	1.9067E-01	3
-9.047	39.271	2.2239E-01	0
-9.009	39.269	8.8149E-02	3
-8.971	39.268	1.4234E-01	0
-8.934	39.266	6.4918E-02	3
-8.896	39.264	1.1675E-01	0
-8.859	39.262	7.4371E-02	2
-8.821	39.260	1.2284E-01	0
-8.785	39.258	7.6040E-02	2
-8.748	39.257	1.2525E-01	0
-8.711	39.255	1.0799E-01	2
-8.675	39.253	1.2617E-01	0
-8.639	39.251	8.3609E-02	2
-8.603	39.249	1.4164E-01	0
-8.567	39.247	1.1896E-01	2
-8.530	39.245	1.1232E-01	0
-8.494	39.244	6.9877E-02	2
-8.458	39.242	8.0870E-02	0
-8.423	39.240	1.1096E-01	2
-8.388	39.238	9.6252E-02	0
-8.354	39.236	6.2975E-02	2
-8.319	39.234	1.2073E-01	0
-8.284	39.232	6.7890E-02	2
-8.250	39.231	8.8896E-02	0
-9.245	39.333	2.0749E-01	2
-9.207	39.330	2.5969E-01	0
-9.166	39.328	1.6167E-01	2
-9.126	39.326	1.8777E-01	0
-9.088	39.324	1.1200E-01	2
-9.050	39.322	1.1890E-01	0
-9.011	39.320	8.7483E-02	2
-8.973	39.317	1.1439E-01	0
-8.936	39.315	1.2813E-01	3
-8.898	39.313	1.4916E-01	0
-8.861	39.311	1.0558E-01	2
-8.824	39.309	1.3816E-01	0
-8.786	39.307	1.0320E-01	2
-8.749	39.304	1.2927E-01	0
-8.713	39.302	9.1802E-02	2
-8.677	39.300	1.3011E-01	0
-8.641	39.298	1.1045E-01	2
-8.605	39.296	1.2589E-01	0
-8.570	39.294	9.4680E-02	2
-8.534	39.292	1.2549E-01	0
-8.497	39.289	6.9516E-02	2
-8.461	39.287	7.1460E-02	0
-8.425	39.285	4.9300E-02	2
-8.390	39.283	1.3829E-01	0
-8.356	39.281	6.5582E-02	2
-8.321	39.278	9.1063E-02	0
-8.286	39.276	9.0032E-02	2
-8.252	39.274	1.0809E-01	0
-9.245	39.317	2.8943E-01	3
-9.207	39.315	2.8894E-01	0
-9.167	39.313	1.9707E-01	3
-9.127	39.310	2.9225E-01	0
-9.089	39.308	1.3845E-01	3
-9.051	39.306	1.4468E-01	0
-9.012	39.304	9.9824E-02	3
-8.974	39.302	1.0528E-01	0
-8.937	39.300	9.8616E-02	2
-8.900	39.298	1.6842E-01	0
-8.862	39.296	9.8904E-02	2
-8.824	39.293	1.2597E-01	0
-8.788	39.291	1.0831E-01	2
-8.751	39.289	1.3067E-01	0
-8.715	39.287	1.0033E-01	2
-8.678	39.285	1.2935E-01	0
-8.642	39.283	9.3685E-02	2
-8.607	39.281	1.3408E-01	0
-8.571	39.279	1.1216E-01	2
-8.535	39.277	1.1081E-01	0
-8.498	39.274	6.6212E-02	2
-8.462	39.272	9.4960E-02	0
-8.427	39.270	9.5608E-02	2
-8.391	39.268	1.1765E-01	0
-8.357	39.266	7.9246E-02	2
-8.322	39.264	1.4544E-01	0
-8.288	39.262	1.1790E-01	2
-8.253	39.259	1.1057E-01	0
-9.246	39.301	2.9243E-01	2
-9.207	39.299	3.8468E-01	0
-9.169	39.297	1.8359E-01	2
-9.129	39.295	2.8107E-01	0
-9.090	39.293	1.6908E-01	2
-9.051	39.291	1.4741E-01	0
-9.012	39.289	1.1163E-01	2
-8.975	39.287	1.3150E-01	0
-8.938	39.285	8.9669E-02	2
-8.901	39.282	1.0091E-01	0
-8.864	39.280	8.0668E-02	2
-8.826	39.278	1.3130E-01	0
-8.789	39.276	1.1094E-01	2
-8.752	39.274	1.2921E-01	0
-8.716	39.272	9.0003E-02	2
-8.680	39.270	1.2030E-01	0
-8.644	39.268	9.6194E-02	2
-8.608	39.266	1.4614E-01	0
-8.572	39.264	1.2796E-01	2
-8.535	39.262	1.1625E-01	0
-8.499	39.259	7.4297E-02	2
-8.463	39.257	1.1803E-01	0
-8.428	39.255	7.5915E-02	2
-8.393	39.253	1.1370E-01	0
-8.359	39.251	1.0314E-01	2
-8.324	39.249	1.1145E-01	0
-8.289	39.247	1.1010E-01	2
-8.255	39.245	1.4566E-01	0
-9.247	39.285	3.6036E-01	3
-9.208	39.283	4.0710E-01	0
-9.170	39.281	2.3496E-01	2
-9.131	39.279	2.4813E-01	0
-9.092	39.277	1.9337E-01	3
-9.053	39.275	2.3423E-01	0
-9.015	39.273	1.0571E-01	3
-8.976	39.271	1.5045E-01	0
-8.939	39.269	6.3538E-02	3
-8.902	39.267	1.1809E-01	0
-8.865	39.265	7.2249E-02	2
-8.827	39.263	1.3336E-01	0
-8.791	39.261	8.5347E-02	2
-8.754	39.259	1.2532E-01	0
-8.717	39.257	1.1169E-01	2
-8.681	39.255	1.3231E-01	0
-8.645	39.253	8.4573E-02	2
-8.609	39.251	1.3920E-01	0
-8.573	39.249	1.2124E-01	2
-8.536	39.246	1.2046E-01	0
-8.500	39.244	7.0883E-02	2
-8.465	39.242	8.4365E-02	0
-8.429	39.240	1.0208E-01	2
-8.394	39.238	1.0744E-01	0
-8.360	39.236	6.3423E-02	2
-8.325	39.234	1.1365E-01	0
-8.290	39.232	6.8397E-02	2
-8.256	39.230	8.7245E-02	0
-9.248	39.270	2.2089E-01	2
-9.209	39.268	3.9934E-01	0
-9.171	39.266	3.3806E-01	2
-9.132	39.264	3.2717E-01	0
-9.093	39.262	1.4439E-01	2
-9.054	39.260	1.5832E-01	0
-9.015	39.258	1.2011E-01	2
-8.978	39.256	1.0143E-01	0
-8.940	39.254	5.0736E-02	2
-8.903	39.252	7.7788E-02	0
-8.865	39.250	8.3461E-02	2
-8.828	39.248	1.0602E-01	0
-8.792	39.246	7.2262E-02	2
-8.755	39.244	8.7458E-02	0
-8.718	39.242	8.5883E-02	2
-8.682	39.240	1.1994E-01	0
-8.646	39.238	8.4790E-02	2
-8.610	39.236	1.2380E-01	0
-8.574	39.234	1.1042E-01	2
-8.538	39.232	1.1571E-01	0
-8.502	39.229	6.3322E-02	2
-8.466	39.227	9.3639E-02	0
-8.431	39.225	9.6096E-02	2
-8.396	39.223	9.1609E-02	0
-8.361	39.221	9.1742E-02	2
-8.326	39.219	1.3614E-01	0
-8.292	39.217	7.6373E-02	2
-8.257	39.215	9.5798E-02	0
-9.250	39.254	2.2627E-01	2
-9.210	39.252	3.8515E-01	0
-9.172	39.250	4.0810E-01	2
-9.133	39.248	3.5486E-01	0
-9.094	39.246	1.4154E-01	3
-9.055	39.244	2.0011E-01	0
-9.016	39.242	1.2304E-01	2
-8.979	39.240	1.4306E-01	0
-8.942	39.238	7.2042E-02	3
-8.904	39.236	7.8760E-02	0
-8.866	39.234	8.3924E-02	3
-8.830	39.232	9.2526E-02	0
-8.793	39.230	7.1794E-02	2
-8.756	39.228	9.0522E-02	0
-8.720	39.227	8.3663E-02	2
-8.683	39.224	1.1977E-01	0
-8.648	39.223	1.0144E-01	2
-8.611	39.221	1.4163E-01	0
-8.575	39.219	1.1052E-01	2
-8.539	39.216	1.0804E-01	0
-8.503	39.214	8.1740E-02	2
-8.468	39.212	1.0570E-01	0
-8.432	39.210	8.7295E-02	2
-8.397	39.208	8.7579E-02	0
-8.362	39.206	5.9577E-02	2
-8.328	39.204	7.9348E-02	0
-8.293	39.202	8.3964E-02	2
-8.258	39.200	8.7193E-02	0
-9.212	39.237	3.8336E-01	0
-9.173	39.235	3.4519E-01	2
-9.134	39.233	4.3074E-01	0
-9.095	39.231	1.7742E-01	2
-9.056	39.229	1.7883E-01	0
-9.017	39.227	7.9238E-02	2
-8.980	39.225	1.1621E-01	0
-8.943	39.223	5.9528E-02	2
-8.906	39.221	8.9534E-02	0
-8.868	39.219	7.1616E-02	2
-8.831	39.217	1.0733E-01	0
-8.794	39.215	7.7367E-02	2
-8.757	39.213	9.3521E-02	0
-8.721	39.211	8.2112E-02	2
-8.685	39.209	1.2289E-01	0
-8.649	39.207	1.0843E-01	2
-8.612	39.205	1.5830E-01	0
-8.576	39.203	1.0899E-01	2
-8.540	39.201	1.3812E-01	0
-8.504	39.199	8.4503E-02	2
-8.469	39.198	1.1387E-01	0
-8.434	39.196	1.0543E-01	2
-8.399	39.194	1.0244E-01	0
-8.364	39.192	7.6103E-02	2
-8.329	39.190	9.8868E-02	0
-8.294	39.188	6.9978E-02	2
-8.260	39.186	7.2804E-02	0
-9.213	39.221	3.8618E-01	0
-9.174	39.219	3.6259E-01	2
-9.135	39.217	4.2734E-01	0
-9.096	39.215	1.9938E-01	2
-9.056	39.213	1.5439E-01	0
-9.017	39.211	5.9397E-02	2
-8.981	39.209	1.3205E-01	0
-8.944	39.208	1.2551E-01	3
-8.907	39.206	1.3137E-01	0
-8.869	39.204	8.4747E-02	3
-8.832	39.202	1.0596E-01	0
-8.795	39.200	6.1637E-02	2
-8.758	39.198	1.1566E-01	0
-8.722	39.196	9.8287E-02	2
-8.686	39.194	1.2420E-01	0
-8.650	39.192	1.0671E-01	2
-8.613	39.190	1.6878E-01	0
-8.577	39.188	1.2054E-01	2
-8.541	39.186	1.4188E-01	0
-8.506	39.185	8.8067E-02	2
-8.471	39.183	1.0899E-01	0
-8.435	39.181	7.9449E-02	2
-8.400	39.179	9.3027E-02	0
-8.365	39.177	6.4399E-02	2
-8.330	39.175	8.1307E-02	0
-8.296	39.173	5.4533E-02	2
-8.261	39.171	9.0227E-02	0
-9.214	39.205	2.5613E-01	0
-9.175	39.203	2.4755E-01	2
-9.136	39.202	5.0344E-01	0
-9.097	39.200	3.1644E-01	2
-9.055	39.198	2.3856E-01	0
-9.017	39.196	4.5676E-02	2
-8.982	39.194	8.3976E-02	0
-8.945	39.192	9.3131E-02	2
-8.908	39.190	1.0590E-01	0
-8.870	39.188	7.0315E-02	2
-8.832	39.187	9.2925E-02	0
-8.796	39.185	9.1856E-02	2
-8.759	39.183	1.2670E-01	0
-8.724	39.181	8.9063E-02	2
-8.687	39.179	1.1811E-01	0
-8.651	39.177	1.0339E-01	2
-8.615	39.175	1.4829E-01	0
-8.578	39.173	1.2374E-01	2
-8.542	39.171	1.2148E-01	0
-8.507	39.170	1.1303E-01	2
-8.471	39.168	8.2100E-02	0
-8.436	39.166	6.7942E-02	2
-8.401	39.164	1.1334E-01	0
-8.366	39.162	7.1479E-02	2
-8.331	39.160	7.7513E-02	0
-8.297	39.158	5.9512E-02	2
-8.262	39.156	8.2979E-02	0
-9.215	39.190	4.1697E-01	0
-9.176	39.188	1.5043E-01	2
-9.137	39.186	2.5688E-01	0
-9.096	39.184	3.4003E-01	2
-9.053	39.182	1.8652E-01	0
-9.020	39.180	4.9125E-02	2
-8.984	39.179	7.5741E-02	0
-8.946	39.177	5.7659E-02	2
-8.908	39.175	8.2132E-02	0
-8.871	39.173	8.2522E-02	2
-8.834	39.171	1.2712E-01	0
-8.798	39.169	1.0580E-01	2
-8.761	39.168	1.6802E-01	0
-8.725	39.166	1.1371E-01	2
-8.689	39.164	1.4108E-01	0
-8.652	39.162	1.1267E-01	2
-8.616	39.160	1.4945E-01	0
-8.579	39.158	8.5845E-02	2
-8.544	39.156	1.3651E-01	0
-8.508	39.155	1.0136E-01	3
-8.472	39.153	1.1129E-01	0
-8.437	39.151	6.3588E-02	2
-8.402	39.149	1.1575E-01	0
-8.367	39.147	7.3778E-02	2
-8.333	39.145	7.7814E-02	0
-8.298	39.143	5.8521E-02	2
-8.264	39.141	8.3161E-02	0
-9.219	39.242	3.4761E-01	0
-9.180	39.240	3.3315E-01	2
-9.141	39.238	4.5508E-01	0
-9.102	39.235	1.9873E-01	2
-9.064	39.233	2.1768E-01	0
-9.024	39.231	1.2210E-01	2
-8.987	39.229	1.1807E-01	0
-8.950	39.227	6.9869E-02	2
-8.913	39.225	7.9819E-02	0
-8.875	39.222	7.6612E-02	2
-8.838	39.220	9.5313E-02	0
-8.801	39.218	7.5752E-02	2
-8.764	39.216	9.1024E-02	0
-8.728	39.214	7.8581E-02	2
-8.692	39.212	1.2437E-01	0
-8.656	39.209	1.0321E-01	2
-8.620	39.207	1.5692E-01	0
-8.584	39.205	1.1255E-01	2
-8.547	39.203	1.3956E-01	0
-8.511	39.201	8.7737E-02	2
-8.476	39.199	1.1541E-01	0
-8.441	39.196	1.0192E-01	2
-8.406	39.194	1.0344E-01	0
-8.371	39.192	8.2290E-02	2
-8.337	39.190	9.5489E-02	0
-8.302	39.188	7.2648E-02	2
-8.267	39.185	7.7631E-02	0
-9.220	39.226	3.2985E-01	0
-9.181	39.224	3.6751E-01	2
-9.142	39.222	4.6662E-01	0
-9.104	39.220	2.3623E-01	2
-9.064	39.218	1.6530E-01	0
-9.024	39.215	6.7544E-02	2
-8.988	39.213	1.2475E-01	0
-8.951	39.211	1.1363E-01	2
-8.914	39.209	1.2351E-01	0
-8.876	39.207	8.0610E-02	2
-8.839	39.205	1.0980E-01	0
-8.802	39.203	7.6957E-02	2
-8.765	39.201	1.0605E-01	0
-8.729	39.199	8.8956E-02	2
-8.693	39.196	1.3182E-01	0
-8.657	39.194	9.9085E-02	2
-8.621	39.192	1.7227E-01	0
-8.585	39.190	1.2464E-01	2
-8.548	39.188	1.5577E-01	0
-8.513	39.186	9.0306E-02	2
-8.478	39.184	1.1153E-01	0
-8.443	39.181	8.5121E-02	2
-8.408	39.179	9.7270E-02	0
-8.373	39.177	6.6965E-02	2
-8.338	39.175	8.3705E-02	0
-8.303	39.173	5.5032E-02	2
-8.268	39.171	9.2319E-02	0
-9.222	39.211	2.7570E-01	0
-9.182	39.208	2.6892E-01	2
-9.143	39.206	4.8216E-01	0
-9.105	39.204	3.1555E-01	2
-9.064	39.202	2.1936E-01	0
-9.024	39.200	5.7532E-02	2
-8.989	39.198	8.5736E-02	0
-8.952	39.196	1.0219E-01	2
-8.915	39.194	1.2958E-01	0
-8.877	39.192	8.0012E-02	2
-8.840	39.190	9.2632E-02	0
-8.803	39.188	8.2452E-02	2
-8.767	39.185	1.3027E-01	0
-8.730	39.183	8.7485E-02	2
-8.695	39.181	1.2292E-01	0
-8.658	39.179	1.0192E-01	2
-8.622	39.177	1.4970E-01	0
-8.585	39.175	1.1948E-01	2
-8.549	39.173	1.2413E-01	0
-8.514	39.171	1.1497E-01	2
-8.479	39.169	9.1798E-02	0
-8.443	39.167	6.5440E-02	2
-8.408	39.164	1.0514E-01	0
-8.373	39.162	8.0971E-02	2
-8.339	39.160	7.8283E-02	0
-8.304	39.158	5.8257E-02	2
-8.270	39.156	8.9626E-02	0
-9.222	39.195	3.4493E-01	0
-9.183	39.193	1.7393E-01	3
-9.144	39.191	2.6345E-01	0
-9.105	39.189	3.6070E-01	3
-9.062	39.186	2.7745E-01	0
-9.025	39.184	5.5596E-02	2
-8.990	39.183	7.7920E-02	0
-8.953	39.181	6.3953E-02	2
-8.916	39.178	8.4617E-02	0
-8.878	39.176	7.6630E-02	2
-8.841	39.174	1.2434E-01	0
-8.804	39.172	1.0032E-01	2
-8.768	39.170	1.6630E-01	0
-8.732	39.168	1.1179E-01	2
-8.696	39.166	1.3937E-01	0
-8.659	39.164	1.0927E-01	2
-8.623	39.162	1.5028E-01	0
-8.586	39.160	8.5313E-02	2
-8.551	39.158	1.2380E-01	0
-8.516	39.156	1.0566E-01	2
-8.480	39.154	1.2055E-01	0
-8.444	39.152	6.7844E-02	3
-8.409	39.150	1.0857E-01	0
-8.375	39.147	8.1496E-02	3
-8.340	39.145	8.4290E-02	0
-8.305	39.143	5.7177E-02	3
-8.271	39.141	9.7710E-02	0
-9.224	39.179	3.0364E-01	0
-9.184	39.177	2.7060E-01	2
-9.145	39.175	2.4210E-01	0
-9.104	39.173	2.5473E-01	2
-9.062	39.171	1.4066E-01	0
-9.028	39.169	9.9735E-02	2
-8.992	39.167	7.7718E-02	0
-8.955	39.165	6.2810E-02	2
-8.917	39.163	1.2135E-01	0
-8.879	39.161	9.3800E-02	2
-8.843	39.159	1.1495E-01	0
-8.806	39.157	1.0227E-01	2
-8.769	39.155	1.3684E-01	0
-8.733	39.153	1.1059E-01	2
-8.697	39.151	1.3494E-01	0
-8.661	39.149	1.3578E-01	2
-8.624	39.147	1.6090E-01	0
-8.587	39.145	5.8817E-02	2
-8.552	39.143	1.2880E-01	0
-8.517	39.141	9.3054E-02	2
-8.481	39.139	7.6907E-02	0
-8.446	39.137	7.2045E-02	2
-8.411	39.135	1.1129E-01	0
-8.376	39.133	7.0133E-02	2
-8.341	39.131	8.1815E-02	0
-8.307	39.129	7.4510E-02	2
-8.272	39.127	9.7285E-02	0
-9.225	39.164	2.7827E-01	0
-9.185	39.162	3.1344E-01	2
-9.146	39.160	2.8217E-01	0
-9.105	39.158	1.4993E-01	3
-9.068	39.156	1.3685E-01	0
-9.031	39.154	8.4516E-02	3
-8.993	39.152	9.2526E-02	0
-8.956	39.150	8.0668E-02	3
-8.919	39.148	1.3902E-01	0
-8.881	39.146	9.9571E-02	3
-8.844	39.144	1.0724E-01	0
-8.807	39.142	8.0483E-02	2
-8.771	39.140	9.5607E-02	0
-8.735	39.138	1.1383E-01	2
-8.698	39.136	1.4471E-01	0
-8.662	39.134	1.3217E-01	2
-8.625	39.132	1.3959E-01	0
-8.589	39.130	7.5742E-02	2
-8.554	39.128	1.2213E-01	0
-8.518	39.126	1.2712E-01	2
-8.483	39.124	9.1744E-02	0
-8.447	39.122	7.7388E-02	3
-8.412	39.120	9.2404E-02	0
-8.377	39.118	6.5748E-02	3
-8.342	39.116	9.4860E-02	0
-8.308	39.114	6.8103E-02	3
-8.274	39.112	6.9682E-02	0
-9.226	39.148	3.3218E-01	0
-9.187	39.146	2.3493E-01	2
-9.146	39.144	3.6737E-01	0
-9.107	39.142	1.4546E-01	2
-9.070	39.140	1.5248E-01	0
-9.032	39.138	8.6138E-02	2
-8.995	39.136	1.0341E-01	0
-8.957	39.134	8.8221E-02	2
-8.920	39.132	1.4792E-01	0
-8.882	39.131	9.2503E-02	2
-8.845	39.129	1.2753E-01	0
-8.809	39.127	7.2631E-02	2
-8.772	39.125	1.0580E-01	0
-8.736	39.123	9.6866E-02	2
-8.699	39.121	1.5129E-01	0
-8.663	39.119	1.0609E-01	2
-8.627	39.117	1.4548E-01	0
-8.591	39.115	8.5160E-02	2
-8.555	39.113	1.2940E-01	0
-8.519	39.111	1.2169E-01	2
-8.484	39.109	1.0479E-01	0
-8.448	39.107	7.7558E-02	2
-8.413	39.105	1.0511E-01	0
-8.378	39.103	7.2129E-02	2
-8.344	39.101	1.0939E-01	0
-8.310	39.099	8.5464E-02	2
-8.275	39.097	9.7947E-02	0
-9.227	39.132	2.9910E-01	0
-9.188	39.130	3.3767E-01	2
-9.146	39.128	2.5721E-01	0
-9.109	39.127	1.3278E-01	3
-9.071	39.125	1.3346E-01	0
-9.033	39.123	7.1866E-02	2
-8.996	39.121	9.9655E-02	0
-8.959	39.119	7.5790E-02	2
-8.921	39.117	1.2292E-01	0
-8.883	39.115	8.2201E-02	2
-8.846	39.113	1.0265E-01	0
-8.810	39.111	8.3508E-02	2
-8.774	39.109	1.3183E-01	0
-8.737	39.108	9.5463E-02	2
-8.701	39.106	1.2524E-01	0
-8.664	39.104	7.6854E-02	2
-8.628	39.102	1.1539E-01	0
-8.592	39.100	7.7448E-02	3
-8.556	39.098	1.0743E-01	0
-8.520	39.096	9.4713E-02	2
-8.485	39.094	1.1436E-01	0
-8.449	39.092	9.1777E-02	3
-8.414	39.090	9.8361E-02	0
-8.379	39.088	5.9614E-02	3
-8.345	39.086	8.0909E-02	0
-8.311	39.084	5.7117E-02	3
-8.276	39.082	8.1553E-02	0
-9.228	39.117	3.1488E-01	0
-9.187	39.115	1.9464E-01	2
-9.147	39.113	2.7640E-01	0
-9.111	39.111	1.2870E-01	3
-9.073	39.109	1.5256E-01	0
-9.034	39.107	7.2482E-02	3
-8.997	39.106	8.7844E-02	0
-8.960	39.104	7.6051E-02	3
-8.922	39.102	8.1670E-02	0
-8.885	39.100	8.1637E-02	3
-8.848	39.098	1.0036E-01	0
-8.811	39.096	9.2858E-02	2
-8.775	39.094	1.4037E-01	0
-8.738	39.092	7.4500E-02	2
-8.702	39.090	1.2934E-01	0
-8.665	39.089	9.1332E-02	2
-8.629	39.087	1.3342E-01	0
-8.593	39.085	1.1011E-01	2
-8.557	39.083	1.2722E-01	0
-8.522	39.081	7.2361E-02	3
-8.486	39.079	9.5231E-02	0
-8.451	39.077	8.5791E-02	2
-8.416	39.075	1.0793E-01	0
-8.381	39.073	5.3918E-02	2
-8.347	39.071	1.0075E-01	0
-8.312	39.069	1.1032E-01	2
-8.278	39.068	1.0766E-01	0
-9.229	39.101	3.8560E-01	0
-9.188	39.099	3.0299E-01	2
-9.149	39.097	2.3245E-01	0
-9.112	39.096	1.1335E-01	2
-9.074	39.094	1.7964E-01	0
-9.035	39.092	1.1334E-01	2
-8.998	39.090	1.4329E-01	0
-8.962	39.088	7.1407E-02	2
-8.923	39.086	8.5809E-02	0
-8.886	39.085	1.0650E-01	2
-8.849	39.083	1.4117E-01	0
-8.813	39.081	1.1162E-01	3
-8.776	39.079	1.3550E-01	0
-8.739	39.077	8.7480E-02	2
-8.703	39.075	1.8783E-01	0
-8.666	39.073	1.1710E-01	2
-8.630	39.072	1.5048E-01	0
-8.594	39.070	1.0795E-01	3
-8.559	39.068	1.0850E-01	0
-8.523	39.066	8.9106E-02	3
-8.488	39.064	1.0106E-01	0
-8.452	39.062	7.3420E-02	3
-8.417	39.060	9.2089E-02	0
-8.382	39.058	9.4160E-02	2
-8.348	39.057	1.0204E-01	0
-8.313	39.055	7.2139E-02	3
-8.279	39.053	9.0583E-02	0
-9.232	39.153	2.7474E-01	0
-9.192	39.151	2.5986E-01	2
-9.153	39.149	3.9600E-01	0
-9.113	39.146	1.6172E-01	2
-9.076	39.144	1.6418E-01	0
-9.038	39.142	1.0083E-01	2
-9.000	39.140	1.0559E-01	0
-8.963	39.138	8.4384E-02	2
-8.926	39.136	1.5179E-01	0
-8.888	39.133	9.9235E-02	2
-8.851	39.131	1.2946E-01	0
-8.814	39.129	8.0365E-02	2
-8.778	39.127	9.8256E-02	0
-8.742	39.125	1.0256E-01	2
-8.705	39.123	1.4854E-01	0
-8.669	39.120	1.1593E-01	2
-8.633	39.118	1.4172E-01	0
-8.597	39.116	8.9328E-02	2
-8.561	39.114	1.2435E-01	0
-8.525	39.112	1.2973E-01	2
-8.490	39.110	1.1079E-01	0
-8.454	39.107	7.7236E-02	2
-8.419	39.105	1.0676E-01	0
-8.384	39.103	7.7520E-02	2
-8.350	39.101	1.0024E-01	0
-8.316	39.099	8.7923E-02	2
-8.281	39.097	1.0898E-01	0
-9.233	39.137	2.8724E-01	0
-9.194	39.135	2.7410E-01	2
-9.152	39.133	2.3965E-01	0
-9.114	39.131	1.2836E-01	2
-9.077	39.129	1.3678E-01	0
-9.039	39.127	7.2716E-02	3
-9.001	39.125	1.0517E-01	0
-8.965	39.122	7.3449E-02	2
-8.927	39.120	1.2737E-01	0
-8.889	39.118	8.8164E-02	3
-8.852	39.116	1.0809E-01	0
-8.816	39.114	8.5751E-02	3
-8.779	39.112	1.2268E-01	0
-8.743	39.110	1.0549E-01	3
-8.707	39.108	1.2514E-01	0
-8.670	39.105	8.1606E-02	3
-8.634	39.103	1.1507E-01	0
-8.598	39.101	8.7775E-02	3
-8.562	39.099	1.0417E-01	0
-8.526	39.097	9.8033E-02	3
-8.491	39.095	1.1705E-01	0
-8.455	39.092	9.3619E-02	3
-8.420	39.090	1.0534E-01	0
-8.385	39.088	6.0894E-02	2
-8.351	39.086	8.4555E-02	0
-8.317	39.084	5.4791E-02	3
-8.283	39.082	8.7646E-02	0
-9.234	39.122	3.0605E-01	0
-9.194	39.120	2.3921E-01	2
-9.153	39.117	3.1428E-01	0
-9.116	39.115	1.7051E-01	2
-9.078	39.113	1.5850E-01	0
-9.040	39.111	8.0562E-02	2
-9.002	39.109	8.2830E-02	0
-8.966	39.107	8.2152E-02	2
-8.928	39.105	9.0553E-02	0
-8.890	39.103	7.7280E-02	2
-8.854	39.101	1.0148E-01	0
-8.817	39.099	8.6572E-02	2
-8.781	39.097	1.4711E-01	0
-8.744	39.095	8.0224E-02	2
-8.708	39.092	1.2538E-01	0
-8.671	39.090	8.8477E-02	2
-8.635	39.088	1.3343E-01	0
-8.599	39.086	1.0370E-01	2
-8.563	39.084	1.3787E-01	0
-8.527	39.082	7.3704E-02	2
-8.492	39.080	9.6462E-02	0
-8.457	39.078	8.1913E-02	2
-8.422	39.075	1.1662E-01	0
-8.387	39.073	5.4191E-02	2
-8.353	39.071	9.5515E-02	0
-8.318	39.069	1.0521E-01	2
-8.284	39.067	1.1197E-01	0
-9.235	39.106	3.4993E-01	0
-9.194	39.104	3.1220E-01	2
-9.154	39.102	2.4485E-01	0
-9.117	39.100	1.0453E-01	2
-9.080	39.098	1.7080E-01	0
-9.041	39.096	1.0743E-01	2
-9.003	39.094	1.4102E-01	0
-8.967	39.092	7.0266E-02	3
-8.929	39.090	8.8152E-02	0
-8.892	39.088	9.7476E-02	2
-8.855	39.086	1.4365E-01	0
-8.819	39.083	1.0215E-01	2
-8.782	39.081	1.4735E-01	0
-8.745	39.079	7.7721E-02	2
-8.709	39.077	1.8058E-01	0
-8.672	39.075	1.2434E-01	2
-8.636	39.073	1.5267E-01	0
-8.600	39.071	1.1384E-01	3
-8.565	39.069	1.0971E-01	0
-8.529	39.067	9.2769E-02	3
-8.494	39.065	1.0333E-01	0
-8.458	39.063	7.3498E-02	3
-8.423	39.061	9.5242E-02	0
-8.388	39.058	8.9131E-02	2
-8.354	39.056	1.1458E-01	0
-8.319	39.054	7.3899E-02	3
-8.285	39.052	9.0562E-02	0
-8.252	39.050	7.5900E-02	3
-9.236	39.090	3.3036E-01	0
-9.196	39.088	2.0844E-01	2
-9.157	39.086	2.2493E-01	0
-9.118	39.084	2.4623E-01	2
-9.080	39.082	1.5290E-01	0
-9.042	39.080	1.0459E-01	2
-9.004	39.078	1.4288E-01	0
-8.968	39.076	8.5939E-02	2
-8.931	39.074	8.4828E-02	0
-8.893	39.072	8.9192E-02	2
-8.857	39.070	1.6081E-01	0
-8.820	39.068	1.2705E-01	2
-8.783	39.066	1.2047E-01	0
-8.746	39.064	1.0801E-01	2
-8.710	39.062	1.6836E-01	0
-8.673	39.060	1.3604E-01	2
-8.637	39.058	1.3544E-01	0
-8.601	39.056	7.3318E-02	2
-8.566	39.054	1.0435E-01	0
-8.530	39.052	8.6668E-02	2
-8.495	39.050	9.5629E-02	0
-8.459	39.048	6.8436E-02	2
-8.424	39.046	7.6298E-02	0
-8.390	39.044	6.9149E-02	2
-8.355	39.042	8.5476E-02	0
-8.321	39.040	9.0409E-02	2
-8.287	39.038	1.1166E-01	0
-8.253	39.036	1.1631E-01	2
-9.237	39.075	4.1369E-01	0
-9.198	39.073	2.7989E-01	2
-9.158	39.071	2.7553E-01	0
-9.119	39.069	2.1000E-01	2
-9.081	39.067	1.8486E-01	0
-9.043	39.065	1.1072E-01	2
-9.006	39.063	1.3057E-01	0
-8.970	39.061	1.2988E-01	2
-8.932	39.059	9.3346E-02	0
-8.895	39.057	1.1002E-01	2
-8.858	39.055	1.3086E-01	0
-8.821	39.053	1.3535E-01	3
-8.784	39.051	1.8132E-01	0
-8.748	39.049	1.2603E-01	3
-8.711	39.047	1.7394E-01	0
-8.675	39.045	1.0727E-01	3
-8.638	39.043	1.5070E-01	0
-8.602	39.041	8.1629E-02	3
-8.566	39.039	1.0059E-01	0
-8.531	39.037	8.3573E-02	3
-8.496	39.035	1.1134E-01	0
-8.460	39.033	8.0179E-02	3
-8.426	39.031	7.4828E-02	0
-8.391	39.029	7.4128E-02	3
-8.357	39.027	8.7264E-02	0
-8.322	39.025	9.4175E-02	3
-8.289	39.023	1.4473E-01	0
-8.255	39.021	1.1430E-01	3
-9.237	39.059	4.2807E-01	0
-9.199	39.057	2.5701E-01	2
-9.160	39.055	2.1384E-01	0
-9.120	39.053	1.6636E-01	2
-9.081	39.051	2.0545E-01	0
-9.043	39.049	1.3911E-01	2
-9.007	39.047	1.4439E-01	0
-8.971	39.046	1.2273E-01	2
-8.933	39.044	1.4459E-01	0
-8.896	39.042	9.5984E-02	2
-8.859	39.040	1.1975E-01	0
-8.822	39.038	9.2183E-02	2
-8.785	39.036	1.7249E-01	0
-8.749	39.034	1.1133E-01	2
-8.712	39.032	1.5574E-01	0
-8.676	39.030	9.2935E-02	2
-8.639	39.028	1.3321E-01	0
-8.603	39.026	1.0059E-01	2
-8.568	39.024	1.6867E-01	0
-8.532	39.022	9.2494E-02	2
-8.497	39.020	1.1141E-01	0
-8.462	39.018	7.0735E-02	2
-8.427	39.016	1.1751E-01	0
-8.393	39.014	9.3846E-02	2
-8.359	39.012	1.2963E-01	0
-8.325	39.010	9.2652E-02	2
-8.290	39.008	1.3254E-01	0
-8.256	39.006	8.4179E-02	2
-9.238	39.043	3.8178E-01	0
-9.199	39.042	3.1922E-01	2
-9.160	39.040	3.6837E-01	0
-9.120	39.038	1.6833E-01	2
-9.082	39.036	1.5516E-01	0
-9.045	39.034	1.0930E-01	2
-9.008	39.032	1.3871E-01	0
-8.972	39.030	1.4183E-01	2
-8.935	39.028	1.3150E-01	0
-8.897	39.026	7.4532E-02	2
-8.860	39.024	8.9871E-02	0
-8.823	39.023	7.9941E-02	3
-8.787	39.021	1.7074E-01	0
-8.750	39.019	1.4852E-01	3
-8.714	39.017	1.4704E-01	0
-8.677	39.015	9.7063E-02	3
-8.641	39.013	1.2190E-01	0
-8.605	39.011	9.8982E-02	3
-8.569	39.009	1.0712E-01	0
-8.534	39.007	7.4816E-02	3
-8.498	39.005	1.0701E-01	0
-8.464	39.003	1.0697E-01	3
-8.429	39.001	1.3317E-01	0
-8.395	38.999	1.2800E-01	3
-8.360	38.997	1.7002E-01	0
-8.326	38.995	1.0661E-01	3
-8.292	38.993	1.8828E-01	0
-8.258	38.991	1.2421E-01	3
-9.240	39.028	2.8131E-01	0
-9.199	39.026	1.8472E-01	2
-9.160	39.024	2.5217E-01	0
-9.121	39.022	1.7004E-01	2
-9.083	39.020	1.6958E-01	0
-9.046	39.018	1.1735E-01	2
-9.009	39.017	1.4416E-01	0
-8.973	39.015	1.0379E-01	2
-8.936	39.013	1.3472E-01	0
-8.899	39.011	9.5382E-02	2
-8.862	39.009	1.2707E-01	0
-8.825	39.007	8.5238E-02	2
-8.788	39.005	1.9827E-01	0
-8.751	39.003	1.4396E-01	2
-8.715	39.002	1.4222E-01	0
-8.678	39.000	9.3957E-02	2
-8.642	38.998	1.4940E-01	0
-8.606	38.996	1.1603E-01	2
-8.571	38.994	1.1658E-01	0
-8.535	38.992	1.0599E-01	2
-8.500	38.990	1.4688E-01	0
-8.466	38.988	1.1963E-01	2
-8.431	38.986	1.4995E-01	0
-8.396	38.984	9.3355E-02	2
-8.361	38.982	9.6021E-02	0
-8.326	38.981	9.0512E-02	2
-8.292	38.979	1.4216E-01	0
-8.258	38.977	9.1157E-02	2
-9.241	39.012	3.6012E-01	0
-9.201	39.010	2.2786E-01	3
-9.161	39.008	2.9492E-01	0
-9.123	39.007	1.4755E-01	3
-9.086	39.005	1.7357E-01	0
-9.048	39.003	1.2948E-01	3
-9.011	39.001	1.6036E-01	0
-8.974	38.999	1.0408E-01	2
-8.937	38.998	1.2270E-01	0
-8.900	38.996	9.3605E-02	2
-8.863	38.994	1.2318E-01	0
-8.826	38.992	8.3515E-02	3
-8.789	38.990	1.4113E-01	0
-8.752	38.988	1.2969E-01	3
-8.716	38.986	1.8773E-01	0
-8.680	38.985	1.0818E-01	3
-8.643	38.983	1.2392E-01	0
-8.608	38.981	9.3519E-02	3
-8.572	38.979	9.6216E-02	0
-8.536	38.977	1.1841E-01	3
-8.502	38.975	1.3579E-01	0
-8.467	38.973	1.4523E-01	3
-8.432	38.971	1.5790E-01	0
-8.397	38.970	9.1056E-02	3
-8.362	38.968	1.4183E-01	0
-8.328	38.966	1.1549E-01	3
-8.293	38.964	1.5317E-01	0
-8.259	38.962	1.7383E-01	3
-9.245	39.064	3.7764E-01	0
-9.206	39.062	3.0906E-01	2
-9.167	39.060	2.0289E-01	0
-9.128	39.058	1.6809E-01	2
-9.089	39.056	2.0564E-01	0
-9.051	39.053	1.2818E-01	2
-9.014	39.051	1.3586E-01	0
-8.978	39.049	1.4045E-01	2
-8.941	39.047	1.4436E-01	0
-8.904	39.045	1.1438E-01	2
-8.867	39.043	1.2098E-01	0
-8.830	39.041	9.7154E-02	2
-8.793	39.038	1.7986E-01	0
-8.756	39.036	1.1420E-01	2
-8.720	39.034	1.6630E-01	0
-8.683	39.032	1.0073E-01	2
-8.647	39.030	1.4627E-01	0
-8.611	39.027	8.8978E-02	2
-8.575	39.025	1.5958E-01	0
-8.540	39.023	1.0577E-01	2
-8.504	39.021	1.1098E-01	0
-8.469	39.019	7.3524E-02	2
-8.435	39.017	1.0727E-01	0
-8.400	39.014	1.0091E-01	2
-8.366	39.012	1.2361E-01	0
-8.332	39.010	1.0043E-01	2
-8.298	39.008	1.2821E-01	0
-8.264	39.006	8.8777E-02	2
-9.246	39.049	3.7638E-01	0
-9.206	39.047	3.3498E-01	3
-9.168	39.044	4.0249E-01	0
-9.128	39.042	1.7494E-01	3
-9.089	39.040	1.6141E-01	0
-9.052	39.038	1.1931E-01	3
-9.015	39.036	1.3824E-01	0
-8.979	39.034	1.3682E-01	3
-8.942	39.032	1.4254E-01	0
-8.905	39.030	7.2682E-02	3
-8.868	39.027	8.4231E-02	0
-8.831	39.025	6.5135E-02	3
-8.794	39.023	1.6096E-01	0
-8.757	39.021	1.3944E-01	3
-8.721	39.019	1.6265E-01	0
-8.685	39.017	9.1214E-02	3
-8.648	39.015	1.3100E-01	0
-8.612	39.012	8.9964E-02	3
-8.576	39.010	1.1922E-01	0
-8.541	39.008	8.1749E-02	3
-8.506	39.006	9.9048E-02	0
-8.471	39.004	1.0764E-01	3
-8.437	39.002	1.3087E-01	0
-8.402	39.000	1.2740E-01	3
-8.368	38.997	1.7275E-01	0
-8.333	38.995	1.1315E-01	3
-8.299	38.993	1.7558E-01	0
-8.265	38.991	1.2852E-01	3
-9.247	39.033	2.9695E-01	0
-9.206	39.031	1.8503E-01	2
-9.168	39.029	2.3049E-01	0
-9.128	39.027	2.1160E-01	2
-9.090	39.025	1.5716E-01	0
-9.052	39.022	1.1204E-01	2
-9.016	39.020	1.5239E-01	0
-8.980	39.018	1.0494E-01	2
-8.943	39.016	1.4048E-01	0
-8.906	39.014	9.6571E-02	2
-8.869	39.012	1.3250E-01	0
-8.832	39.010	8.6710E-02	2
-8.795	39.008	1.9500E-01	0
-8.758	39.006	1.5817E-01	2
-8.722	39.004	1.5072E-01	0
-8.686	39.002	9.3107E-02	2
-8.649	38.999	1.4565E-01	0
-8.613	38.997	1.2512E-01	2
-8.578	38.995	1.2589E-01	0
-8.542	38.993	9.7808E-02	2
-8.507	38.991	1.4785E-01	0
-8.473	38.989	1.1620E-01	2
-8.438	38.987	1.5581E-01	0
-8.403	38.985	9.8679E-02	2
-8.369	38.983	9.9437E-02	0
-8.334	38.980	7.9360E-02	2
-8.300	38.978	1.5066E-01	0
-8.266	38.976	8.4130E-02	2
-9.247	39.017	4.1280E-01	0
-9.207	39.015	2.5479E-01	3
-9.169	39.013	3.3135E-01	0
-9.129	39.011	1.4027E-01	3
-9.092	39.009	1.8367E-01	0
-9.055	39.007	1.3075E-01	3
-9.018	39.005	1.6996E-01	0
-8.981	39.003	1.1170E-01	3
-8.944	39.001	1.2370E-01	0
-8.907	38.999	9.3851E-02	3
-8.870	38.997	1.2929E-01	0
-8.833	38.995	8.5457E-02	3
-8.796	38.993	1.3827E-01	0
-8.760	38.991	1.3748E-01	3
-8.723	38.989	1.9002E-01	0
-8.687	38.987	1.0876E-01	3
-8.651	38.984	1.3690E-01	0
-8.615	38.982	9.0684E-02	3
-8.579	38.980	9.9566E-02	0
-8.544	38.978	1.0880E-01	3
-8.509	38.976	1.4490E-01	0
-8.474	38.974	1.3639E-01	3
-8.439	38.972	1.7584E-01	0
-8.404	38.970	9.6347E-02	3
-8.370	38.968	1.3553E-01	0
-8.335	38.966	1.2194E-01	3
-8.301	38.964	1.4705E-01	0
-8.266	38.962	1.7456E-01	3
-9.249	39.002	2.4180E-01	0
-9.209	39.000	1.7157E-01	2
-9.169	38.998	2.9666E-01	0
-9.131	38.996	1.9619E-01	2
-9.094	38.994	2.2682E-01	0
-9.057	38.992	1.3788E-01	2
-9.019	38.990	1.5461E-01	0
-8.982	38.988	9.3488E-02	2
-8.946	38.986	1.2195E-01	0
-8.908	38.984	1.0301E-01	2
-8.871	38.982	1.1386E-01	0
-8.834	38.980	9.5286E-02	2
-8.798	38.978	1.2474E-01	0
-8.761	38.976	8.7381E-02	2
-8.724	38.973	1.0701E-01	0
-8.688	38.971	1.5094E-01	2
-8.652	38.969	1.1672E-01	0
-8.616	38.967	1.0557E-01	2
-8.581	38.965	1.4189E-01	0
-8.545	38.963	1.0642E-01	2
-8.511	38.961	1.6576E-01	0
-8.476	38.959	1.6422E-01	2
-8.440	38.957	1.1297E-01	0
-8.405	38.955	1.2438E-01	2
-8.371	38.953	9.4256E-02	0
-8.336	38.951	9.0833E-02	2
-8.302	38.949	1.2323E-01	0
-8.268	38.947	1.5708E-01	2
-9.210	38.984	2.1807E-01	3
-9.169	38.982	2.1274E-01	0
-9.131	38.980	1.6108E-01	3
-9.094	38.978	1.9183E-01	0
-9.057	38.976	1.1941E-01	3
-9.019	38.974	1.4054E-01	0
-8.983	38.972	9.1460E-02	3
-8.947	38.970	9.8256E-02	0
-8.909	38.968	8.7144E-02	3
-8.872	38.966	1.1262E-01	0
-8.835	38.964	9.5046E-02	3
-8.799	38.962	1.2975E-01	0
-8.762	38.960	9.0811E-02	3
-8.726	38.958	1.1634E-01	0
-8.690	38.956	1.0682E-01	3
-8.654	38.954	1.3002E-01	0
-8.618	38.952	1.0338E-01	3
-8.582	38.950	1.0214E-01	0
-8.547	38.948	1.1588E-01	3
-8.512	38.946	1.7227E-01	0
-8.477	38.944	1.4883E-01	3
-8.442	38.942	1.5089E-01	0
-8.407	38.940	1.2690E-01	3
-8.372	38.938	1.4329E-01	0
-8.337	38.936	1.8932E-01	3
-8.303	38.934	1.0366E-01	0
-8.269	38.932	1.0841E-01	3
-9.211	38.968	1.8561E-01	2
-9.171	38.966	2.0658E-01	0
-9.132	38.965	1.9925E-01	2
-9.093	38.963	2.7568E-01	0
-9.057	38.961	1.2494E-01	2
-9.020	38.959	1.4510E-01	0
-8.985	38.957	1.0002E-01	2
-8.948	38.955	1.2548E-01	0
-8.911	38.953	8.4929E-02	2
-8.874	38.951	1.2195E-01	0
-8.837	38.949	9.5304E-02	3
-8.800	38.947	1.3221E-01	0
-8.763	38.945	7.8150E-02	2
-8.727	38.943	1.0697E-01	0
-8.691	38.941	6.9679E-02	2
-8.655	38.939	1.2000E-01	0
-8.619	38.937	7.2651E-02	2
-8.584	38.935	1.2208E-01	0
-8.548	38.933	9.2989E-02	2
-8.513	38.931	1.4120E-01	0
-8.478	38.929	9.8210E-02	2
-8.443	38.927	1.5466E-01	0
-8.408	38.925	1.2292E-01	2
-8.374	38.923	1.4740E-01	0
-8.339	38.921	7.9745E-02	2
-8.305	38.919	1.5900E-01	0
-8.271	38.917	9.4860E-02	2
-9.211	38.953	1.3816E-01	3
-9.173	38.951	2.6218E-01	0
-9.134	38.949	1.9535E-01	3
-9.095	38.947	1.8703E-01	0
-9.058	38.945	1.7661E-01	2
-9.022	38.943	1.3239E-01	0
-8.986	38.942	8.6490E-02	3
-8.949	38.940	1.1818E-01	0
-8.912	38.938	9.6910E-02	3
-8.875	38.936	1.4567E-01	0
-8.838	38.934	8.6196E-02	3
-8.801	38.932	1.2634E-01	0
-8.764	38.930	7.3508E-02	3
-8.728	38.928	1.0221E-01	0
-8.691	38.926	8.7304E-02	3
-8.656	38.924	1.3583E-01	0
-8.620	38.922	8.0114E-02	3
-8.585	38.920	1.2317E-01	0
-8.549	38.918	7.2046E-02	3
-8.514	38.916	9.4831E-02	0
-8.479	38.914	6.0073E-02	3
-8.444	38.912	1.0403E-01	0
-8.409	38.911	6.8139E-02	3
-8.375	38.909	9.4623E-02	0
-8.340	38.907	9.7097E-02	3
-8.306	38.905	1.2783E-01	0
-8.272	38.903	9.8719E-02	3
-9.213	38.937	2.1540E-01	3
-9.175	38.935	2.6353E-01	0
-9.136	38.934	1.4854E-01	3
-9.097	38.932	2.1498E-01	0
-9.060	38.930	1.8042E-01	3
-9.024	38.928	2.0756E-01	0
-8.988	38.926	9.9297E-02	3
-8.950	38.924	1.2744E-01	0
-8.913	38.922	9.0145E-02	3
-8.876	38.921	1.7880E-01	0
-8.839	38.919	9.9114E-02	3
-8.802	38.917	1.1385E-01	0
-8.765	38.915	7.6339E-02	3
-8.729	38.913	1.0704E-01	0
-8.693	38.911	9.2732E-02	2
-8.657	38.909	1.6215E-01	0
-8.621	38.907	8.3405E-02	2
-8.585	38.905	8.8474E-02	0
-8.550	38.903	6.8647E-02	2
-8.515	38.901	1.1823E-01	0
-8.480	38.900	7.5664E-02	2
-8.445	38.898	1.1682E-01	0
-8.410	38.896	8.7565E-02	2
-8.376	38.894	9.6024E-02	0
-8.341	38.892	7.1132E-02	2
-8.307	38.890	1.1676E-01	0
-8.273	38.888	1.4274E-01	2
-9.214	38.922	2.8475E-01	3
-9.176	38.920	2.9086E-01	0
-9.138	38.918	1.5216E-01	3
-9.099	38.916	2.6464E-01	0
-9.061	38.914	1.5962E-01	2
-9.026	38.913	1.9462E-01	0
-8.989	38.911	8.8169E-02	3
-8.952	38.909	1.2330E-01	0
-8.914	38.907	7.7644E-02	3
-8.877	38.905	1.3810E-01	0
-8.840	38.903	9.5192E-02	3
-8.804	38.902	1.0770E-01	0
-8.767	38.900	7.1360E-02	3
-8.730	38.898	9.6841E-02	0
-8.694	38.896	8.4318E-02	3
-8.658	38.894	1.2123E-01	0
-8.622	38.892	7.4458E-02	3
-8.586	38.890	7.2953E-02	0
-8.551	38.888	1.0320E-01	3
-8.516	38.886	1.5814E-01	0
-8.481	38.885	1.0034E-01	3
-8.446	38.883	1.9375E-01	0
-8.411	38.881	1.0033E-01	3
-8.377	38.879	1.2860E-01	0
-8.342	38.877	8.7039E-02	3
-8.309	38.875	1.2721E-01	0
-8.275	38.873	7.0561E-02	3
-9.217	38.973	2.0885E-01	2
-9.176	38.971	2.0478E-01	0
-9.138	38.969	1.9679E-01	2
-9.099	38.967	2.8798E-01	0
-9.063	38.964	1.2671E-01	2
-9.026	38.962	1.4688E-01	0
-8.990	38.960	1.0394E-01	2
-8.954	38.958	1.2163E-01	0
-8.916	38.956	8.7588E-02	2
-8.879	38.954	1.2158E-01	0
-8.842	38.952	1.0019E-01	2
-8.805	38.949	1.3600E-01	0
-8.769	38.947	7.9731E-02	2
-8.732	38.945	1.0679E-01	0
-8.696	38.943	7.3151E-02	2
-8.661	38.941	1.1444E-01	0
-8.625	38.939	7.5178E-02	2
-8.590	38.936	1.1956E-01	0
-8.554	38.934	9.3148E-02	2
-8.519	38.932	1.3876E-01	0
-8.484	38.930	1.0369E-01	2
-8.448	38.928	1.4350E-01	0
-8.414	38.925	1.1779E-01	2
-8.379	38.923	1.5556E-01	0
-8.345	38.921	8.4991E-02	2
-8.311	38.919	1.4509E-01	0
-8.277	38.917	1.0738E-01	2
-9.217	38.958	1.1810E-01	2
-9.178	38.955	2.2268E-01	0
-9.139	38.953	1.6332E-01	2
-9.100	38.951	2.0759E-01	0
-9.064	38.949	1.8968E-01	2
-9.027	38.947	1.4428E-01	0
-8.991	38.945	8.7066E-02	2
-8.955	38.943	1.2052E-01	0
-8.917	38.941	9.7390E-02	3
-8.880	38.938	1.4053E-01	0
-8.843	38.936	9.0242E-02	3
-8.807	38.934	1.2518E-01	0
-8.770	38.932	8.3471E-02	3
-8.734	38.930	1.0146E-01	0
-8.697	38.928	9.0746E-02	3
-8.661	38.926	1.3957E-01	0
-8.626	38.923	8.1789E-02	3
-8.590	38.921	1.2445E-01	0
-8.555	38.919	7.9317E-02	3
-8.520	38.917	9.5358E-02	0
-8.485	38.915	6.5017E-02	3
-8.450	38.913	1.0135E-01	0
-8.415	38.911	7.0628E-02	3
-8.380	38.908	9.6561E-02	0
-8.346	38.906	8.9514E-02	3
-8.312	38.904	1.2215E-01	0
-8.278	38.902	1.0553E-01	3
-9.218	38.942	1.6274E-01	2
-9.180	38.940	2.8289E-01	0
-9.141	38.938	2.1457E-01	2
-9.102	38.936	1.9574E-01	0
-9.065	38.934	1.7783E-01	2
-9.028	38.932	1.9131E-01	0
-8.993	38.930	1.0698E-01	2
-8.956	38.927	1.3233E-01	0
-8.919	38.925	8.9879E-02	2
-8.881	38.923	1.7092E-01	0
-8.845	38.921	1.0838E-01	2
-8.808	38.919	1.1128E-01	0
-8.771	38.917	7.8100E-02	2
-8.735	38.915	1.0652E-01	0
-8.698	38.913	8.4239E-02	2
-8.662	38.910	1.6030E-01	0
-8.627	38.908	9.1160E-02	2
-8.591	38.906	9.1486E-02	0
-8.556	38.904	6.9361E-02	2
-8.521	38.902	1.1318E-01	0
-8.486	38.900	8.5508E-02	2
-8.451	38.898	1.1221E-01	0
-8.416	38.896	9.1938E-02	2
-8.381	38.894	1.0116E-01	0
-8.347	38.891	7.0515E-02	2
-8.313	38.889	1.1147E-01	0
-8.279	38.887	1.2188E-01	2
-9.219	38.926	2.7783E-01	3
-9.181	38.924	2.9626E-01	0
-9.143	38.922	1.3678E-01	3
-9.105	38.920	2.7639E-01	0
-9.066	38.918	1.6727E-01	2
-9.031	38.916	2.1767E-01	0
-8.994	38.914	9.3054E-02	2
-8.957	38.912	1.2807E-01	0
-8.920	38.910	7.7871E-02	2
-8.883	38.908	1.4387E-01	0
-8.846	38.906	1.0262E-01	3
-8.809	38.904	1.1586E-01	0
-8.772	38.902	7.0177E-02	3
-8.736	38.900	9.9612E-02	0
-8.700	38.898	8.6832E-02	3
-8.664	38.895	1.2945E-01	0
-8.628	38.893	8.3003E-02	3
-8.592	38.891	7.4857E-02	0
-8.557	38.889	9.3449E-02	3
-8.522	38.887	1.5928E-01	0
-8.487	38.885	9.5710E-02	3
-8.452	38.883	2.0562E-01	0
-8.417	38.881	9.9950E-02	3
-8.382	38.879	1.3582E-01	0
-8.348	38.877	9.5763E-02	3
-8.314	38.875	1.2561E-01	0
-8.280	38.873	6.9910E-02	3
-9.220	38.911	2.8910E-01	2
-9.182	38.909	3.3458E-01	0
-9.145	38.907	1.8660E-01	2
-9.107	38.905	1.6246E-01	0
-9.068	38.903	1.0475E-01	2
-9.033	38.901	1.5926E-01	0
-8.996	38.899	9.3785E-02	2
-8.958	38.897	1.2596E-01	0
-8.921	38.895	8.4473E-02	2
-8.884	38.893	1.1100E-01	0
-8.847	38.891	7.1514E-02	2
-8.810	38.889	9.6481E-02	0
-8.774	38.887	8.0792E-02	2
-8.737	38.884	1.1186E-01	0
-8.701	38.882	9.7117E-02	2
-8.665	38.880	1.2384E-01	0
-8.629	38.878	8.7083E-02	2
-8.593	38.876	1.3816E-01	0
-8.558	38.874	6.7289E-02	2
-8.523	38.872	8.9146E-02	0
-8.488	38.870	8.3164E-02	2
-8.453	38.868	1.5837E-01	0
-8.418	38.866	1.3575E-01	2
-8.383	38.864	1.1640E-01	0
-8.349	38.862	8.0447E-02	2
-8.316	38.860	1.2240E-01	0
-8.282	38.858	9.6460E-02	2
-9.221	38.895	2.9486E-01	3
-9.182	38.893	3.6523E-01	0
-9.144	38.891	1.8763E-01	3
-9.106	38.889	1.8164E-01	0
-9.070	38.887	1.0393E-01	2
-9.034	38.885	1.4839E-01	0
-8.997	38.883	7.2491E-02	2
-8.959	38.881	1.2686E-01	0
-8.922	38.879	1.0994E-01	3
-8.885	38.877	1.2904E-01	0
-8.848	38.875	8.4616E-02	3
-8.811	38.873	1.0428E-01	0
-8.775	38.871	8.6481E-02	3
-8.738	38.869	1.1548E-01	0
-8.702	38.867	8.6462E-02	3
-8.666	38.865	1.1307E-01	0
-8.630	38.863	1.0778E-01	3
-8.595	38.861	1.2335E-01	0
-8.559	38.859	9.2775E-02	3
-8.524	38.857	1.0652E-01	0
-8.489	38.855	9.4538E-02	3
-8.454	38.853	1.8594E-01	0
-8.419	38.851	1.5467E-01	3
-8.385	38.849	1.2650E-01	0
-8.350	38.847	7.8602E-02	3
-8.317	38.845	9.3735E-02	0
-8.283	38.843	1.2877E-01	3
-9.222	38.880	3.0952E-01	2
-9.184	38.878	3.5500E-01	0
-9.147	38.876	2.9360E-01	2
-9.110	38.874	3.2320E-01	0
-9.072	38.872	1.5462E-01	2
-9.036	38.870	1.5482E-01	0
-8.998	38.868	8.4783E-02	2
-8.961	38.866	1.3691E-01	0
-8.923	38.864	1.2483E-01	2
-8.886	38.862	1.2852E-01	0
-8.849	38.860	8.2686E-02	2
-8.812	38.858	1.0601E-01	0
-8.776	38.856	1.0352E-01	2
-8.740	38.854	1.1869E-01	0
-8.704	38.852	7.6225E-02	2
-8.667	38.850	1.2483E-01	0
-8.631	38.848	9.3418E-02	2
-8.596	38.846	1.4431E-01	0
-8.560	38.844	1.1604E-01	2
-8.525	38.842	1.2898E-01	0
-8.490	38.840	1.0842E-01	2
-8.455	38.838	1.4211E-01	0
-8.421	38.836	1.2091E-01	2
-8.386	38.834	9.7080E-02	0
-8.351	38.832	7.8712E-02	2
-8.318	38.830	1.0091E-01	0
-8.284	38.828	1.0832E-01	2
-8.250	38.826	1.3162E-01	0
-9.224	38.864	2.0601E-01	3
-9.187	38.862	3.6772E-01	0
-9.150	38.860	4.4033E-01	2
-9.112	38.858	4.2724E-01	0
-9.074	38.856	1.6945E-01	2
-9.037	38.855	9.2325E-02	0
-8.999	38.853	5.8833E-02	3
-8.962	38.851	1.0887E-01	0
-8.924	38.849	1.1497E-01	3
-8.887	38.847	1.1693E-01	0
-8.850	38.845	6.4044E-02	3
-8.814	38.843	8.9070E-02	0
-8.777	38.841	4.9445E-02	3
-8.741	38.839	9.0939E-02	0
-8.705	38.837	7.6547E-02	3
-8.669	38.835	1.2279E-01	0
-8.632	38.833	7.6812E-02	3
-8.597	38.831	1.2250E-01	0
-8.561	38.829	1.1137E-01	3
-8.526	38.827	1.4643E-01	0
-8.491	38.825	9.5097E-02	3
-8.456	38.823	1.5681E-01	0
-8.421	38.821	8.5018E-02	3
-8.387	38.820	1.4908E-01	0
-8.352	38.818	1.4051E-01	3
-8.319	38.816	1.5144E-01	0
-8.285	38.814	1.3685E-01	3
-8.251	38.812	1.9910E-01	0
-9.226	38.848	1.8957E-01	2
-9.189	38.847	2.6770E-01	0
-9.152	38.845	3.0460E-01	2
-9.113	38.843	3.6602E-01	0
-9.075	38.841	1.6818E-01	2
-9.038	38.839	7.2688E-02	0
-9.000	38.837	5.1801E-02	2
-8.963	38.835	8.9308E-02	0
-8.926	38.833	9.5264E-02	3
-8.889	38.832	1.6480E-01	0
-8.852	38.830	7.8828E-02	2
-8.815	38.828	9.1930E-02	0
-8.778	38.826	7.7814E-02	2
-8.742	38.824	9.4247E-02	0
-8.706	38.822	9.4850E-02	2
-8.670	38.820	1.2142E-01	0
-8.634	38.818	7.8917E-02	2
-8.598	38.816	9.9865E-02	0
-8.563	38.814	9.3234E-02	2
-8.528	38.812	1.3482E-01	0
-8.493	38.811	1.2143E-01	2
-8.458	38.809	1.6621E-01	0
-8.423	38.807	8.7740E-02	2
-8.388	38.805	1.6655E-01	0
-8.354	38.803	1.2744E-01	2
-8.319	38.801	2.0130E-01	0
-8.286	38.799	1.1801E-01	2
-8.252	38.797	1.4113E-01	0
-9.226	38.833	1.9580E-01	2
-9.190	38.831	2.8549E-01	0
-9.153	38.829	2.8215E-01	2
-9.114	38.827	2.8789E-01	0
-9.077	38.826	1.3183E-01	2
-9.039	38.824	7.1337E-02	0
-9.002	38.822	5.0575E-02	2
-8.964	38.820	8.2497E-02	0
-8.927	38.818	7.8270E-02	3
-8.890	38.816	1.5529E-01	0
-8.853	38.814	1.4347E-01	3
-8.816	38.813	1.1435E-01	0
-8.779	38.811	6.7285E-02	3
-8.743	38.809	1.0297E-01	0
-8.707	38.807	1.1973E-01	3
-8.671	38.805	1.2682E-01	0
-8.636	38.803	6.8896E-02	3
-8.600	38.801	1.1896E-01	0
-8.565	38.799	9.2165E-02	3
-8.529	38.798	1.2111E-01	0
-8.494	38.796	6.8136E-02	3
-8.459	38.794	1.2042E-01	0
-8.424	38.792	1.0341E-01	3
-8.390	38.790	1.0037E-01	0
-8.355	38.788	1.0270E-01	3
-8.321	38.786	1.4685E-01	0
-8.287	38.784	8.9693E-02	3
-8.253	38.782	1.6645E-01	0
-9.230	38.885	2.5486E-01	3
-9.191	38.882	3.3953E-01	0
-9.153	38.880	3.0169E-01	3
-9.116	38.878	2.9486E-01	0
-9.079	38.876	1.5309E-01	2
-9.043	38.874	1.6985E-01	0
-9.005	38.872	7.6997E-02	2
-8.968	38.870	1.2891E-01	0
-8.931	38.867	1.2799E-01	2
-8.894	38.865	1.3741E-01	0
-8.857	38.863	8.9510E-02	2
-8.820	38.861	1.0402E-01	0
-8.783	38.859	1.0999E-01	2
-8.747	38.856	1.1525E-01	0
-8.711	38.854	7.9166E-02	2
-8.675	38.852	1.1338E-01	0
-8.639	38.850	1.0657E-01	2
-8.603	38.848	1.2897E-01	0
-8.568	38.845	1.2476E-01	2
-8.532	38.843	1.2423E-01	0
-8.497	38.841	1.0250E-01	2
-8.463	38.839	1.4863E-01	0
-8.428	38.837	1.1625E-01	2
-8.393	38.834	1.0757E-01	0
-8.359	38.832	7.2158E-02	2
-8.325	38.830	1.0223E-01	0
-8.291	38.828	1.0452E-01	2
-8.258	38.826	1.4558E-01	0
-9.231	38.869	1.9143E-01	2
-9.193	38.867	3.7870E-01	0
-9.156	38.865	4.1452E-01	2
-9.119	38.863	4.6365E-01	0
-9.081	38.861	1.9869E-01	3
-9.044	38.858	1.2760E-01	0
-9.006	38.856	6.7290E-02	2
-8.969	38.854	1.1127E-01	0
-8.932	38.852	1.1265E-01	2
-8.895	38.850	1.2308E-01	0
-8.858	38.848	6.6670E-02	2
-8.821	38.846	9.0628E-02	0
-8.784	38.843	5.7910E-02	3
-8.748	38.841	8.8120E-02	0
-8.712	38.839	8.1078E-02	3
-8.676	38.837	1.1843E-01	0
-8.640	38.835	7.8177E-02	3
-8.604	38.833	1.2407E-01	0
-8.569	38.830	1.1443E-01	3
-8.534	38.828	1.4921E-01	0
-8.499	38.826	9.8663E-02	3
-8.464	38.824	1.4723E-01	0
-8.429	38.822	1.0455E-01	3
-8.394	38.820	1.3418E-01	0
-8.360	38.818	1.5163E-01	3
-8.326	38.815	1.5784E-01	0
-8.292	38.813	1.1846E-01	3
-8.258	38.811	2.2336E-01	0
-9.233	38.853	1.8024E-01	3
-9.196	38.851	3.0392E-01	0
-9.159	38.849	3.3166E-01	3
-9.120	38.847	4.2820E-01	0
-9.082	38.845	2.0410E-01	2
-9.045	38.843	7.7338E-02	0
-9.008	38.841	5.0748E-02	2
-8.970	38.839	9.0411E-02	0
-8.933	38.837	8.9245E-02	2
-8.896	38.835	1.6021E-01	0
-8.859	38.832	8.2031E-02	2
-8.822	38.830	8.7001E-02	0
-8.785	38.828	7.8957E-02	2
-8.749	38.826	8.9717E-02	0
-8.713	38.824	7.7767E-02	2
-8.677	38.822	1.2105E-01	0
-8.641	38.820	8.7738E-02	2
-8.606	38.818	1.0097E-01	0
-8.570	38.815	9.2106E-02	2
-8.535	38.813	1.3333E-01	0
-8.500	38.811	1.1264E-01	2
-8.465	38.809	1.7957E-01	0
-8.430	38.807	8.3024E-02	2
-8.396	38.805	1.6609E-01	0
-8.361	38.803	1.1172E-01	2
-8.327	38.801	2.1640E-01	0
-8.293	38.799	1.2097E-01	2
-8.259	38.796	1.3971E-01	0
-9.234	38.838	1.7843E-01	2
-9.197	38.836	2.6707E-01	0
-9.160	38.834	2.4831E-01	3
-9.122	38.832	2.7603E-01	0
-9.084	38.830	1.8146E-01	3
-9.046	38.828	7.9421E-02	0
-9.009	38.826	5.0648E-02	2
-8.971	38.823	8.1539E-02	0
-8.934	38.821	7.8176E-02	2
-8.897	38.819	1.4595E-01	0
-8.860	38.817	1.3379E-01	2
-8.823	38.815	1.2664E-01	0
-8.787	38.813	6.6604E-02	2
-8.750	38.811	9.4424E-02	0
-8.714	38.809	1.2800E-01	3
-8.679	38.807	1.2879E-01	0
-8.643	38.805	7.4300E-02	3
-8.607	38.803	1.1006E-01	0
-8.572	38.801	9.8999E-02	3
-8.537	38.798	1.2493E-01	0
-8.502	38.796	6.4841E-02	3
-8.467	38.794	1.2796E-01	0
-8.432	38.792	9.5145E-02	3
-8.397	38.790	1.1394E-01	0
-8.363	38.788	8.9002E-02	3
-8.329	38.786	1.5679E-01	0
-8.295	38.784	8.8504E-02	3
-8.261	38.782	1.6833E-01	0
-9.234	38.822	1.8097E-01	2
-9.196	38.820	2.2175E-01	0
-9.160	38.818	2.8096E-01	2
-9.122	38.816	2.7154E-01	0
-9.085	38.814	1.0905E-01	2
-9.048	38.812	7.0145E-02	0
-9.010	38.810	4.9242E-02	2
-8.973	38.808	7.0976E-02	0
-8.935	38.806	7.6922E-02	2
-8.898	38.804	1.0160E-01	0
-8.861	38.802	1.4938E-01	2
-8.824	38.800	1.2736E-01	0
-8.788	38.798	7.4398E-02	2
-8.752	38.796	1.3998E-01	0
-8.715	38.794	9.7178E-02	2
-8.679	38.792	1.4927E-01	0
-8.644	38.790	1.2678E-01	2
-8.608	38.788	1.3498E-01	0
-8.573	38.786	8.2662E-02	2
-8.538	38.784	1.3311E-01	0
-8.503	38.781	8.9055E-02	2
-8.468	38.779	1.7893E-01	0
-8.433	38.777	1.0964E-01	2
-8.399	38.775	1.0659E-01	0
-8.364	38.773	8.9474E-02	2
-8.330	38.771	1.0976E-01	0
-8.296	38.769	9.2119E-02	2
-8.262	38.767	8.8638E-02	0
-9.235	38.807	1.9215E-01	3
-9.198	38.805	3.0393E-01	0
-9.161	38.803	3.3980E-01	3
-9.123	38.801	3.1182E-01	0
-9.086	38.799	9.2828E-02	3
-9.049	38.797	6.6887E-02	0
-9.011	38.795	4.8462E-02	3
-8.974	38.793	6.9894E-02	0
-8.936	38.791	6.4843E-02	2
-8.899	38.789	7.8821E-02	0
-8.862	38.787	1.1682E-01	2
-8.825	38.785	2.2217E-01	0
-8.789	38.783	1.1126E-01	2
-8.753	38.781	1.3714E-01	0
-8.717	38.779	7.1437E-02	3
-8.681	38.777	1.4986E-01	0
-8.645	38.775	1.1914E-01	3
-8.609	38.773	1.3537E-01	0
-8.574	38.771	1.6793E-01	3
-8.538	38.769	1.4441E-01	0
-8.503	38.767	1.3048E-01	3
-8.469	38.765	1.2422E-01	0
-8.434	38.763	1.1081E-01	3
-8.400	38.760	1.1447E-01	0
-8.365	38.758	1.0291E-01	3
-8.331	38.756	1.1659E-01	0
-8.297	38.754	8.5073E-02	3
-8.263	38.752	8.2736E-02	0
-9.237	38.791	1.5119E-01	2
-9.200	38.789	2.9982E-01	0
-9.163	38.787	3.2722E-01	2
-9.124	38.785	3.3537E-01	0
-9.088	38.783	8.7164E-02	2
-9.050	38.781	6.8289E-02	0
-9.012	38.779	4.5655E-02	2
-8.975	38.777	7.4156E-02	0
-8.938	38.775	6.3744E-02	2
-8.900	38.773	8.9328E-02	0
-8.863	38.772	7.3043E-02	2
-8.827	38.770	1.4138E-01	0
-8.790	38.768	1.1949E-01	2
-8.754	38.766	1.0301E-01	0
-8.718	38.764	1.0813E-01	2
-8.682	38.762	1.7214E-01	0
-8.646	38.760	1.0438E-01	2
-8.611	38.758	1.2915E-01	0
-8.576	38.756	1.0046E-01	2
-8.540	38.754	1.5334E-01	0
-8.505	38.752	1.1489E-01	2
-8.470	38.750	1.5334E-01	0
-8.435	38.748	1.2082E-01	2
-8.401	38.746	1.5035E-01	0
-8.367	38.744	1.0649E-01	2
-8.332	38.742	1.9429E-01	0
-8.298	38.740	8.7682E-02	2
-8.264	38.738	1.0591E-01	0
-9.239	38.775	1.4931E-01	3
-9.202	38.774	2.9838E-01	0
-9.163	38.772	2.5630E-01	3
-9.125	38.770	2.7868E-01	0
-9.089	38.768	9.4263E-02	3
-9.051	38.766	6.7593E-02	0
-9.013	38.764	4.7115E-02	2
-8.976	38.762	8.0016E-02	0
-8.939	38.760	7.2218E-02	2
-8.902	38.758	9.5165E-02	0
-8.865	38.756	5.7957E-02	2
-8.828	38.754	9.7517E-02	0
-8.792	38.752	1.3325E-01	2
-8.755	38.750	1.7073E-01	0
-8.719	38.748	7.4559E-02	3
-8.683	38.747	2.1070E-01	0
-8.647	38.745	1.3476E-01	3
-8.612	38.743	1.8863E-01	0
-8.576	38.741	9.3910E-02	3
-8.542	38.739	2.6127E-01	0
-8.507	38.737	1.3279E-01	3
-8.472	38.735	1.2251E-01	0
-8.437	38.733	6.6781E-02	3
-8.402	38.731	1.1473E-01	0
-8.368	38.729	1.2991E-01	3
-8.333	38.727	1.7960E-01	0
-8.299	38.725	1.0813E-01	3
-8.265	38.723	1.3544E-01	0
-9.241	38.760	1.9419E-01	2
-9.203	38.758	2.6858E-01	0
-9.164	38.756	2.1069E-01	2
-9.127	38.754	2.9421E-01	0
-9.090	38.752	8.3911E-02	2
-9.052	38.751	6.8980E-02	0
-9.015	38.749	4.8825E-02	2
-8.977	38.747	1.1753E-01	0
-8.940	38.745	1.0312E-01	2
-8.903	38.743	1.0341E-01	0
-8.866	38.741	6.9854E-02	2
-8.829	38.739	9.6332E-02	0
-8.793	38.737	1.0427E-01	2
-8.756	38.735	1.9581E-01	0
-8.720	38.733	1.4960E-01	2
-8.684	38.731	1.5124E-01	0
-8.648	38.730	1.0635E-01	2
-8.613	38.728	1.7617E-01	0
-8.578	38.726	1.2125E-01	2
-8.543	38.724	1.3159E-01	0
-8.508	38.722	1.4733E-01	2
-8.473	38.720	1.8128E-01	0
-8.438	38.718	1.4226E-01	2
-8.404	38.716	1.7910E-01	0
-8.369	38.714	1.0158E-01	2
-8.335	38.712	1.3733E-01	0
-8.300	38.710	1.2816E-01	2
-8.266	38.708	1.1247E-01	0
-9.242	38.744	1.7475E-01	2
-9.204	38.742	3.4452E-01	0
-9.166	38.741	2.7542E-01	2
-9.128	38.739	2.6400E-01	0
-9.091	38.737	7.3529E-02	2
-9.053	38.735	6.7983E-02	0
-9.016	38.733	5.5942E-02	2
-8.978	38.731	1.3897E-01	0
-8.941	38.730	1.3832E-01	2
-8.904	38.728	1.4562E-01	0
-8.867	38.726	7.4045E-02	2
-8.830	38.724	9.9006E-02	0
-8.794	38.722	9.9759E-02	2
-8.758	38.720	1.4042E-01	0
-8.721	38.718	9.4379E-02	3
-8.685	38.716	1.5174E-01	0
-8.650	38.714	1.2904E-01	3
-8.614	38.713	1.6279E-01	0
-8.579	38.711	1.4852E-01	3
-8.544	38.709	2.0944E-01	0
-8.509	38.707	2.4753E-01	3
-8.474	38.705	1.2154E-01	0
-8.439	38.703	1.5808E-01	3
-8.405	38.701	1.6724E-01	0
-8.371	38.699	1.7499E-01	3
-8.336	38.697	1.7755E-01	0
-8.302	38.696	1.0743E-01	3
-8.268	38.694	1.1599E-01	0
-9.243	38.796	1.2184E-01	3
-9.205	38.794	2.6327E-01	0
-9.168	38.791	3.0089E-01	3
-9.130	38.789	3.6695E-01	0
-9.093	38.787	1.0257E-01	2
-9.056	38.785	7.0456E-02	0
-9.018	38.783	4.6719E-02	2
-8.981	38.781	7.2889E-02	0
-8.944	38.778	6.4420E-02	2
-8.906	38.776	8.7310E-02	0
-8.869	38.774	6.9255E-02	2
-8.833	38.772	1.4021E-01	0
-8.796	38.770	1.3059E-01	2
-8.760	38.767	1.0908E-01	0
-8.724	38.765	1.0698E-01	2
-8.688	38.763	1.6001E-01	0
-8.652	38.761	1.1858E-01	2
-8.617	38.759	1.2170E-01	0
-8.582	38.756	1.1139E-01	2
-8.546	38.754	1.3830E-01	0
-8.511	38.752	1.2274E-01	2
-8.476	38.750	1.6020E-01	0
-8.441	38.748	1.1457E-01	2
-8.407	38.746	1.5860E-01	0
-8.373	38.743	9.7801E-02	2
-8.338	38.741	1.9964E-01	0
-8.304	38.739	9.6516E-02	2
-8.270	38.737	1.1180E-01	0
-9.244	38.780	1.6135E-01	2
-9.208	38.778	3.2260E-01	0
-9.169	38.776	2.8617E-01	2
-9.131	38.774	3.3824E-01	0
-9.094	38.772	1.0758E-01	2
-9.057	38.770	7.0763E-02	0
-9.019	38.767	4.7551E-02	2
-8.982	38.765	7.5486E-02	0
-8.945	38.763	6.6183E-02	3
-8.908	38.761	9.8133E-02	0
-8.871	38.759	6.2383E-02	3
-8.834	38.757	9.2468E-02	0
-8.798	38.754	1.2510E-01	3
-8.761	38.752	1.6405E-01	0
-8.725	38.750	7.6922E-02	3
-8.689	38.748	1.9838E-01	0
-8.653	38.746	1.5586E-01	3
-8.618	38.744	1.8238E-01	0
-8.583	38.741	9.7190E-02	3
-8.548	38.739	2.4569E-01	0
-8.513	38.737	1.5257E-01	3
-8.478	38.735	1.2891E-01	0
-8.443	38.733	7.3556E-02	3
-8.408	38.731	1.1111E-01	0
-8.374	38.729	1.2269E-01	3
-8.340	38.726	1.8721E-01	0
-8.305	38.724	1.0411E-01	3
-8.271	38.722	1.5699E-01	0
-9.246	38.765	1.8488E-01	3
-9.208	38.762	2.3726E-01	0
-9.170	38.760	2.0681E-01	3
-9.132	38.758	3.1932E-01	0
-9.095	38.756	1.0226E-01	2
-9.058	38.754	7.0527E-02	0
-9.020	38.752	4.8828E-02	2
-8.983	38.750	1.0324E-01	0
-8.946	38.748	1.1110E-01	2
-8.909	38.746	1.0242E-01	0
-8.872	38.744	7.0726E-02	2
-8.835	38.741	9.5030E-02	0
-8.799	38.739	9.6807E-02	2
-8.762	38.737	2.0584E-01	0
-8.726	38.735	1.5625E-01	2
-8.690	38.733	1.5715E-01	0
-8.654	38.731	1.0450E-01	2
-8.619	38.729	1.8217E-01	0
-8.584	38.727	1.1833E-01	2
-8.549	38.724	1.4531E-01	0
-8.514	38.722	1.3035E-01	2
-8.479	38.720	2.0197E-01	0
-8.444	38.718	1.2593E-01	2
-8.410	38.716	2.0677E-01	0
-8.376	38.714	1.0062E-01	2
-8.341	38.712	1.4329E-01	0
-8.307	38.709	1.3509E-01	2
-8.273	38.707	1.2477E-01	0
-9.248	38.749	1.6151E-01	2
-9.209	38.747	3.0825E-01	0
-9.171	38.745	2.7273E-01	2
-9.134	38.743	2.8851E-01	0
-9.097	38.741	9.5748E-02	2
-9.059	38.739	6.9477E-02	0
-9.022	38.737	4.8205E-02	3
-8.984	38.735	1.2628E-01	0
-8.947	38.732	1.2557E-01	3
-8.910	38.730	1.4898E-01	0
-8.873	38.728	7.6369E-02	3
-8.836	38.726	1.0032E-01	0
-8.800	38.724	9.6170E-02	3
-8.764	38.722	1.4097E-01	0
-8.727	38.720	9.1928E-02	3
-8.691	38.718	1.5249E-01	0
-8.656	38.716	1.2311E-01	3
-8.620	38.714	1.7772E-01	0
-8.585	38.712	1.3403E-01	3
-8.550	38.709	2.0044E-01	0
-8.515	38.707	2.6018E-01	3
-8.480	38.705	1.3193E-01	0
-8.445	38.703	1.5803E-01	3
-8.411	38.701	1.7215E-01	0
-8.377	38.699	1.7086E-01	3
-8.343	38.697	1.8052E-01	0
-8.308	38.695	1.2253E-01	3
-8.274	38.693	1.2044E-01	0
-9.249	38.733	1.3947E-01	2
-9.210	38.731	3.9670E-01	0
-9.172	38.729	3.4008E-01	2
-9.135	38.727	2.4819E-01	0
-9.098	38.725	7.5172E-02	2
-9.060	38.723	7.8829E-02	0
-9.023	38.721	1.4074E-01	2
-8.985	38.719	2.1642E-01	0
-8.948	38.717	1.6214E-01	2
-8.911	38.715	1.8088E-01	0
-8.874	38.713	1.0441E-01	2
-8.838	38.711	9.9527E-02	0
-8.801	38.709	9.4635E-02	2
-8.765	38.707	1.4646E-01	0
-8.729	38.705	1.2241E-01	2
-8.693	38.703	1.5059E-01	0
-8.657	38.701	1.3294E-01	2
-8.621	38.699	1.6581E-01	0
-8.586	38.697	1.5635E-01	2
-8.551	38.695	1.3254E-01	0
-8.516	38.692	8.4857E-02	2
-8.481	38.690	1.8313E-01	0
-8.446	38.688	2.2690E-01	2
-8.412	38.686	1.8550E-01	0
-8.378	38.684	1.3257E-01	2
-8.344	38.682	1.1997E-01	0
-8.310	38.680	8.1130E-02	2
-8.276	38.678	1.2203E-01	0
-9.212	38.716	3.1212E-01	0
-9.174	38.714	2.5428E-01	2
-9.137	38.712	2.2067E-01	0
-9.099	38.710	5.6753E-02	2
-9.061	38.708	7.0827E-02	0
-9.024	38.706	1.0701E-01	3
-8.987	38.704	1.5706E-01	0
-8.949	38.702	1.7933E-01	3
-8.912	38.700	1.9489E-01	0
-8.876	38.698	1.3926E-01	3
-8.839	38.696	1.5015E-01	0
-8.802	38.694	8.1030E-02	3
-8.766	38.692	1.4510E-01	0
-8.730	38.690	1.2183E-01	3
-8.694	38.688	1.6207E-01	0
-8.658	38.686	1.5312E-01	3
-8.623	38.684	1.4367E-01	0
-8.587	38.682	1.1258E-01	3
-8.552	38.680	1.4735E-01	0
-8.517	38.678	1.4214E-01	3
-8.482	38.676	1.8335E-01	0
-8.447	38.673	1.6700E-01	3
-8.413	38.671	2.2644E-01	0
-8.379	38.669	1.1744E-01	3
-8.345	38.667	1.6133E-01	0
-8.311	38.665	1.0059E-01	3
-8.277	38.663	1.3462E-01	0
-9.214	38.700	3.5932E-01	0
-9.176	38.698	1.1381E-01	2
-9.138	38.696	8.1133E-02	0
-9.100	38.694	4.4586E-02	2
-9.063	38.692	7.3429E-02	0
-9.025	38.690	6.1834E-02	2
-8.988	38.689	1.1622E-01	0
-8.950	38.687	1.7295E-01	2
-8.913	38.685	2.7466E-01	0
-8.877	38.683	1.3898E-01	2
-8.840	38.681	1.5192E-01	0
-8.804	38.679	1.1647E-01	2
-8.767	38.677	1.3863E-01	0
-8.731	38.675	1.3236E-01	2
-8.695	38.673	1.7263E-01	0
-8.659	38.671	1.2686E-01	2
-8.624	38.669	1.5201E-01	0
-8.588	38.667	1.1871E-01	2
-8.553	38.665	1.6920E-01	0
-8.518	38.663	8.1282E-02	2
-8.483	38.661	2.1473E-01	0
-8.449	38.659	1.1871E-01	2
-8.414	38.657	1.6674E-01	0
-8.380	38.655	1.1664E-01	2
-8.346	38.653	1.8729E-01	0
-8.311	38.651	8.5855E-02	2
-8.278	38.649	1.2391E-01	0
-9.216	38.685	1.5672E-01	0
-9.177	38.683	7.4125E-02	3
-9.139	38.681	9.3005E-02	0
-9.102	38.679	4.4164E-02	3
-9.064	38.677	9.8451E-02	0
-9.026	38.675	7.6786E-02	3
-8.989	38.673	1.4930E-01	0
-8.952	38.671	1.5633E-01	2
-8.914	38.669	1.7212E-01	0
-8.878	38.667	1.5764E-01	2
-8.841	38.665	2.2488E-01	0
-8.805	38.663	1.6190E-01	3
-8.769	38.661	1.5491E-01	0
-8.733	38.660	1.1184E-01	3
-8.697	38.658	1.4581E-01	0
-8.661	38.656	8.7065E-02	3
-8.625	38.654	1.2179E-01	0
-8.590	38.652	1.2349E-01	3
-8.555	38.650	1.3924E-01	0
-8.520	38.648	1.7645E-01	3
-8.485	38.646	2.3272E-01	0
-8.450	38.644	1.7350E-01	3
-8.415	38.642	3.3404E-01	0
-8.381	38.640	1.2003E-01	3
-8.346	38.638	1.4123E-01	0
-8.312	38.636	1.0429E-01	3
-8.279	38.634	1.3424E-01	0
-9.216	38.669	1.4745E-01	0
-9.178	38.667	1.3030E-01	2
-9.141	38.665	1.1131E-01	0
-9.103	38.664	6.0396E-02	2
-9.065	38.662	1.8112E-01	0
-9.027	38.660	1.6151E-01	2
-8.990	38.658	1.7733E-01	0
-8.953	38.656	1.0509E-01	2
-8.916	38.654	1.9423E-01	0
-8.879	38.652	1.1648E-01	2
-8.842	38.650	1.7162E-01	0
-8.806	38.648	1.3542E-01	2
-8.770	38.646	2.3394E-01	0
-8.734	38.644	1.2954E-01	2
-8.698	38.643	2.0981E-01	0
-8.662	38.641	1.3616E-01	2
-8.627	38.639	1.0495E-01	0
-8.591	38.637	5.9849E-02	2
-8.556	38.635	1.1934E-01	0
-8.521	38.633	1.1039E-01	2
-8.486	38.631	2.1111E-01	0
-8.452	38.629	1.7316E-01	2
-8.417	38.627	1.8106E-01	0
-8.382	38.625	1.4984E-01	2
-8.348	38.623	1.6371E-01	0
-8.314	38.621	1.0102E-01	2
-8.280	38.619	1.2879E-01	0
-9.217	38.654	1.5319E-01	0
-9.179	38.652	1.2268E-01	2
-9.142	38.650	1.5797E-01	0
-9.104	38.648	1.5740E-01	2
-9.066	38.646	1.9969E-01	0
-9.028	38.644	1.5750E-01	3
-8.991	38.642	1.9950E-01	0
-8.954	38.641	1.4067E-01	2
-8.917	38.639	1.7195E-01	0
-8.880	38.637	1.3331E-01	2
-8.844	38.635	1.3477E-01	0
-8.807	38.633	9.1536E-02	3
-8.771	38.631	1.5367E-01	0
-8.735	38.629	1.3642E-01	3
-8.699	38.627	2.0338E-01	0
-8.663	38.626	1.0090E-01	3
-8.628	38.624	1.4356E-01	0
-8.593	38.622	6.4627E-02	3
-8.558	38.620	1.4625E-01	0
-8.523	38.618	1.5696E-01	3
-8.488	38.616	2.4265E-01	0
-8.453	38.614	1.9367E-01	3
-8.418	38.612	1.5656E-01	0
-8.384	38.610	1.8498E-01	3
-8.349	38.608	1.2329E-01	0
-8.315	38.606	8.5441E-02	3
-8.280	38.605	8.9512E-02	0
-9.221	38.705	3.5488E-01	0
-9.183	38.703	1.5352E-01	2
-9.146	38.701	1.1937E-01	0
-9.108	38.699	4.8402E-02	2
-9.070	38.697	6.9148E-02	0
-9.033	38.694	6.3152E-02	2
-8.995	38.692	9.4584E-02	0
-8.958	38.690	1.5791E-01	2
-8.921	38.688	2.6285E-01	0
-8.884	38.686	1.4922E-01	2
-8.848	38.683	1.4584E-01	0
-8.811	38.681	1.1633E-01	2
-8.775	38.679	1.3497E-01	0
-8.739	38.677	1.2932E-01	2
-8.703	38.675	1.6940E-01	0
-8.667	38.672	1.4465E-01	2
-8.631	38.670	1.5238E-01	0
-8.596	38.668	1.2151E-01	2
-8.561	38.666	1.6804E-01	0
-8.526	38.664	8.5603E-02	2
-8.491	38.661	1.9284E-01	0
-8.457	38.659	1.3568E-01	2
-8.422	38.657	1.6963E-01	0
-8.387	38.655	1.0746E-01	2
-8.353	38.653	2.0051E-01	0
-8.319	38.650	9.3096E-02	2
-8.286	38.648	1.1823E-01	0
-8.252	38.646	1.1339E-01	2
-9.223	38.690	2.2373E-01	0
-9.185	38.688	6.8284E-02	2
-9.147	38.685	9.0561E-02	0
-9.109	38.683	4.4083E-02	2
-9.071	38.681	7.9441E-02	0
-9.034	38.679	7.2340E-02	2
-8.996	38.677	1.4144E-01	0
-8.959	38.675	1.5351E-01	2
-8.922	38.672	1.8490E-01	0
-8.885	38.670	1.5395E-01	2
-8.849	38.668	2.4456E-01	0
-8.812	38.666	1.6636E-01	3
-8.776	38.664	1.5841E-01	0
-8.740	38.662	1.1526E-01	3
-8.704	38.659	1.4396E-01	0
-8.668	38.657	9.5223E-02	3
-8.633	38.655	1.1222E-01	0
-8.597	38.653	1.3235E-01	3
-8.562	38.651	1.2899E-01	0
-8.527	38.649	1.7201E-01	3
-8.492	38.646	2.3609E-01	0
-8.458	38.644	1.6766E-01	3
-8.423	38.642	3.5013E-01	0
-8.389	38.640	1.3226E-01	3
-8.354	38.638	1.4196E-01	0
-8.320	38.636	1.1304E-01	3
-8.286	38.633	1.3493E-01	0
-8.253	38.631	9.3989E-02	3
-9.224	38.674	1.2220E-01	0
-9.185	38.672	1.2150E-01	2
-9.148	38.670	1.2631E-01	0
-9.110	38.668	5.1604E-02	2
-9.072	38.666	1.4964E-01	0
-9.035	38.664	1.4158E-01	2
-8.997	38.661	1.7084E-01	0
-8.960	38.659	1.1947E-01	2
-8.923	38.657	1.8818E-01	0
-8.886	38.655	1.3529E-01	2
-8.850	38.653	1.7000E-01	0
-8.814	38.651	1.4066E-01	2
-8.777	38.649	2.3076E-01	0
-8.741	38.647	1.2420E-01	2
-8.705	38.644	1.8276E-01	0
-8.670	38.642	1.5874E-01	2
-8.634	38.640	1.1290E-01	0
-8.599	38.638	5.6361E-02	2
-8.564	38.636	1.2016E-01	0
-8.529	38.634	1.0596E-01	2
-8.494	38.632	1.9011E-01	0
-8.459	38.630	1.8589E-01	2
-8.425	38.627	1.9112E-01	0
-8.390	38.625	1.3665E-01	2
-8.355	38.623	1.8758E-01	0
-8.321	38.621	9.6167E-02	2
-8.287	38.619	1.3107E-01	0
-8.253	38.617	8.9455E-02	2
-9.225	38.659	1.4629E-01	0
-9.186	38.656	1.1535E-01	2
-9.149	38.654	1.5886E-01	0
-9.111	38.652	1.3832E-01	2
-9.073	38.650	1.8538E-01	0
-9.036	38.648	1.6599E-01	2
-8.999	38.646	2.0303E-01	0
-8.961	38.644	1.2511E-01	2
-8.924	38.642	1.6327E-01	0
-8.888	38.640	1.3917E-01	3
-8.851	38.638	1.3238E-01	0
-8.815	38.636	9.7687E-02	2
-8.778	38.634	1.5400E-01	0
-8.742	38.631	1.5171E-01	3
-8.707	38.629	2.0602E-01	0
-8.671	38.627	1.1930E-01	3
-8.635	38.625	1.4308E-01	0
-8.600	38.623	6.1495E-02	3
-8.565	38.621	1.4595E-01	0
-8.530	38.619	1.4703E-01	3
-8.495	38.617	2.3107E-01	0
-8.461	38.615	2.0606E-01	3
-8.426	38.613	1.7504E-01	0
-8.391	38.610	1.6855E-01	3
-8.357	38.608	1.4501E-01	0
-8.322	38.606	9.0732E-02	3
-8.288	38.604	9.3670E-02	0
-8.254	38.602	8.5932E-02	3
-9.226	38.643	1.3670E-01	0
-9.187	38.641	1.1734E-01	2
-9.150	38.639	1.4431E-01	0
-9.112	38.637	1.5400E-01	2
-9.075	38.635	4.2345E-01	0
-9.037	38.633	1.8323E-01	2
-9.000	38.631	1.7038E-01	0
-8.962	38.629	1.5205E-01	2
-8.925	38.627	1.8552E-01	0
-8.889	38.625	1.3795E-01	2
-8.852	38.623	1.8298E-01	0
-8.816	38.620	1.4900E-01	2
-8.780	38.618	2.3744E-01	0
-8.744	38.616	1.5119E-01	2
-8.708	38.614	2.7084E-01	0
-8.672	38.612	1.2912E-01	2
-8.637	38.610	1.3657E-01	0
-8.601	38.608	1.4738E-01	2
-8.566	38.606	2.1226E-01	0
-8.531	38.604	1.5066E-01	2
-8.497	38.602	1.5888E-01	0
-8.462	38.600	1.9002E-01	2
-8.427	38.598	1.7596E-01	0
-8.392	38.596	1.8334E-01	2
-8.358	38.594	1.4009E-01	0
-8.324	38.591	8.6269E-02	2
-8.290	38.589	1.3462E-01	0
-8.256	38.587	8.2082E-02	3
-9.228	38.627	1.1268E-01	0
-9.189	38.625	1.1260E-01	2
-9.151	38.623	1.4043E-01	0
-9.113	38.621	1.3320E-01	2
-9.076	38.619	3.1524E-01	0
-9.038	38.617	3.1112E-01	2
-9.000	38.615	2.1342E-01	0
-8.963	38.613	1.4832E-01	3
-8.926	38.611	2.0271E-01	0
-8.890	38.609	1.5985E-01	3
-8.853	38.607	1.7515E-01	0
-8.817	38.605	1.5817E-01	2
-8.781	38.603	2.0623E-01	0
-8.745	38.601	1.4382E-01	3
-8.709	38.599	2.2706E-01	0
-8.674	38.597	1.4843E-01	3
-8.638	38.595	1.6535E-01	0
-8.603	38.593	6.8925E-02	3
-8.568	38.591	9.9011E-02	0
-8.533	38.589	9.0243E-02	2
-8.498	38.587	1.8060E-01	0
-8.464	38.585	1.4695E-01	2
-8.428	38.583	1.4605E-01	0
-8.393	38.581	9.8958E-02	3
-8.359	38.579	1.8504E-01	0
-8.325	38.577	9.9636E-02	3
-8.291	38.575	1.2573E-01	0
-8.258	38.573	8.4683E-02	3
-9.229	38.612	5.6626E-02	0
-9.190	38.610	1.0453E-01	2
-9.152	38.608	1.4284E-01	0
-9.114	38.606	9.4928E-02	2
-9.077	38.604	2.6950E-01	0
-9.039	38.602	3.2627E-01	2
-9.002	38.600	3.0500E-01	0
-8.964	38.598	1.2952E-01	2
-8.927	38.596	2.9021E-01	0
-8.891	38.594	1.6755E-01	2
-8.855	38.592	2.3152E-01	0
-8.818	38.590	1.4621E-01	2
-8.782	38.588	1.8596E-01	0
-8.746	38.586	1.5855E-01	2
-8.711	38.584	3.1731E-01	0
-8.675	38.582	9.4244E-02	2
-8.640	38.580	1.7013E-01	0
-8.604	38.578	8.2122E-02	2
-8.569	38.576	1.0986E-01	0
-8.534	38.574	1.5190E-01	2
-8.499	38.572	2.4339E-01	0
-8.464	38.570	2.0980E-01	2
-8.430	38.568	2.7198E-01	0
-8.395	38.566	1.2581E-01	2
-8.360	38.564	1.9669E-01	0
-8.327	38.562	9.5151E-02	2
-8.293	38.560	1.1363E-01	0
-8.259	38.558	9.8424E-02	2
-9.230	38.596	2.9648E-02	0
-9.191	38.594	6.9093E-02	2
-9.153	38.592	1.0002E-01	0
-9.115	38.590	7.5330E-02	2
-9.078	38.589	2.2875E-01	0
-9.040	38.587	3.0223E-01	2
-9.003	38.585	3.6988E-01	0
-8.965	38.583	1.5470E-01	3
-8.928	38.581	1.8512E-01	0
-8.891	38.579	2.0383E-01	3
-8.856	38.577	2.2289E-01	0
-8.820	38.575	1.6342E-01	2
-8.784	38.573	2.2336E-01	0
-8.748	38.571	1.1613E-01	3
-8.712	38.569	1.3737E-01	0
-8.676	38.567	1.3528E-01	2
-8.640	38.565	1.6467E-01	0
-8.605	38.563	9.3192E-02	2
-8.570	38.561	1.6677E-01	0
-8.535	38.559	1.0263E-01	2
-8.500	38.557	1.9519E-01	0
-8.466	38.555	2.1781E-01	2
-8.431	38.553	2.1601E-01	0
-8.396	38.551	1.4684E-01	2
-8.362	38.549	1.6344E-01	0
-8.328	38.547	1.4870E-01	3
-8.294	38.545	1.0249E-01	0
-8.261	38.543	8.2958E-02	3
-9.231	38.581	1.8106E-02	0
-9.192	38.579	5.3200E-02	2
-9.154	38.577	9.0605E-02	0
-9.116	38.575	8.1745E-02	2
-9.079	38.573	1.8502E-01	0
-9.041	38.571	2.0327E-01	2
-9.004	38.569	4.2596E-01	0
-8.966	38.567	1.9537E-01	2
-8.929	38.565	2.4610E-01	0
-8.893	38.564	1.6586E-01	2
-8.857	38.562	1.8429E-01	0
-8.821	38.560	2.2731E-01	2
-8.785	38.558	2.2425E-01	0
-8.749	38.556	1.3165E-01	2
-8.713	38.554	2.9518E-01	0
-8.677	38.552	1.7215E-01	2
-8.642	38.550	1.1698E-01	0
-8.606	38.548	8.4818E-02	2
-8.571	38.546	9.2291E-02	0
-8.536	38.544	1.2637E-01	2
-8.502	38.542	2.2290E-01	0
-8.468	38.541	2.2103E-01	2
-8.433	38.539	2.5772E-01	0
-8.398	38.537	1.4022E-01	2
-8.363	38.535	1.4410E-01	0
-8.329	38.533	1.4682E-01	2
-8.296	38.531	1.1934E-01	0
-8.263	38.529	8.5571E-02	2
-9.233	38.565	1.2336E-02	0
-9.194	38.563	4.2462E-02	2
-9.155	38.561	7.6589E-02	0
-9.117	38.560	6.6608E-02	2
-9.079	38.558	1.5931E-01	0
-9.042	38.556	1.4200E-01	2
-9.005	38.554	3.0714E-01	0
-8.966	38.552	2.7745E-01	3
-8.929	38.550	2.2937E-01	0
-8.894	38.548	1.3419E-01	2
-8.858	38.546	1.7692E-01	0
-8.822	38.545	1.8056E-01	2
-8.786	38.543	1.2141E-01	0
-8.750	38.541	1.0358E-01	2
-8.714	38.539	1.9094E-01	0
-8.679	38.537	7.2046E-02	2
-8.643	38.535	1.2641E-01	0
-8.607	38.533	9.7061E-02	2
-8.573	38.531	1.0301E-01	0
-8.538	38.529	1.1448E-01	2
-8.504	38.528	2.1388E-01	0
-8.469	38.526	1.0786E-01	2
-8.434	38.524	1.5440E-01	0
-8.399	38.522	1.4245E-01	2
-8.365	38.520	1.2978E-01	0
-8.331	38.518	1.2251E-01	2
-8.297	38.516	1.6055E-01	0
-8.264	38.514	1.2717E-01	2
-9.235	38.616	5.2596E-02	0
-9.195	38.614	1.0349E-01	2
-9.157	38.612	1.3556E-01	0
-9.120	38.610	1.0010E-01	2
-9.082	38.607	2.4800E-01	0
-9.045	38.605	3.4487E-01	2
-9.007	38.603	2.9908E-01	0
-8.970	38.601	1.3294E-01	2
-8.933	38.599	2.8991E-01	0
-8.896	38.596	1.7047E-01	2
-8.860	38.594	2.2754E-01	0
-8.824	38.592	1.5473E-01	2
-8.788	38.590	1.9050E-01	0
-8.752	38.588	1.4198E-01	2
-8.716	38.585	3.3187E-01	0
-8.681	38.583	1.0789E-01	2
-8.645	38.581	1.5522E-01	0
-8.610	38.579	9.4790E-02	2
-8.575	38.577	1.1136E-01	0
-8.540	38.574	1.3349E-01	2
-8.505	38.572	2.4034E-01	0
-8.470	38.570	2.1145E-01	2
-8.436	38.568	2.8369E-01	0
-8.401	38.566	1.3057E-01	2
-8.366	38.563	2.0138E-01	0
-8.332	38.561	1.1913E-01	2
-8.299	38.559	1.1282E-01	0
-8.265	38.557	1.0816E-01	2
-9.236	38.601	2.7905E-02	0
-9.196	38.598	7.3431E-02	2
-9.158	38.596	1.2143E-01	0
-9.121	38.594	7.5509E-02	2
-9.083	38.592	2.1704E-01	0
-9.046	38.590	3.1495E-01	2
-9.008	38.588	3.6974E-01	0
-8.971	38.585	1.5549E-01	2
-8.934	38.583	1.8423E-01	0
-8.897	38.581	1.9508E-01	3
-8.861	38.579	2.4067E-01	0
-8.825	38.577	1.6149E-01	3
-8.789	38.575	2.2306E-01	0
-8.753	38.573	1.1530E-01	2
-8.718	38.570	1.4390E-01	0
-8.682	38.568	1.2317E-01	2
-8.646	38.566	1.8039E-01	0
-8.611	38.564	8.9586E-02	2
-8.575	38.562	1.6890E-01	0
-8.541	38.559	9.9701E-02	2
-8.506	38.557	1.9344E-01	0
-8.472	38.555	2.3577E-01	3
-8.437	38.553	2.1409E-01	0
-8.402	38.551	1.6722E-01	3
-8.368	38.549	1.5602E-01	0
-8.334	38.546	1.5024E-01	3
-8.300	38.544	1.1011E-01	0
-8.267	38.542	7.5759E-02	3
-9.237	38.585	1.6514E-02	0
-9.198	38.583	5.0571E-02	2
-9.159	38.581	9.5106E-02	0
-9.121	38.579	7.1934E-02	2
-9.084	38.577	1.7793E-01	0
-9.047	38.574	2.0432E-01	2
-9.009	38.572	4.5372E-01	0
-8.972	38.570	2.1160E-01	2
-8.934	38.568	2.3589E-01	0
-8.897	38.566	1.9266E-01	2
-8.862	38.564	1.8041E-01	0
-8.827	38.562	2.0394E-01	2
-8.790	38.560	2.5491E-01	0
-8.755	38.557	1.3407E-01	2
-8.719	38.555	2.6868E-01	0
-8.683	38.553	1.9133E-01	2
-8.647	38.551	1.3158E-01	0
-8.612	38.549	8.3101E-02	2
-8.577	38.547	9.3628E-02	0
-8.542	38.545	1.1302E-01	2
-8.507	38.542	2.0546E-01	0
-8.473	38.540	2.3162E-01	2
-8.438	38.538	2.3667E-01	0
-8.404	38.536	1.6271E-01	2
-8.369	38.534	1.3203E-01	0
-8.335	38.532	1.5980E-01	2
-8.302	38.530	1.3042E-01	0
-8.269	38.528	9.7966E-02	2
-9.238	38.570	1.1792E-02	0
-9.199	38.567	3.9355E-02	2
-9.160	38.565	8.2472E-02	0
-9.122	38.563	6.2784E-02	2
-9.085	38.561	1.5946E-01	0
-9.048	38.559	1.3782E-01	2
-9.010	38.557	2.8756E-01	0
-8.972	38.555	3.0798E-01	2
-8.935	38.553	2.4655E-01	0
-8.899	38.551	1.5149E-01	3
-8.864	38.549	1.6407E-01	0
-8.828	38.547	2.0623E-01	2
-8.792	38.544	1.3660E-01	0
-8.756	38.542	9.6352E-02	2
-8.720	38.540	2.1695E-01	0
-8.684	38.538	8.4922E-02	2
-8.648	38.536	1.1799E-01	0
-8.613	38.534	1.1053E-01	2
-8.578	38.532	9.9374E-02	0
-8.544	38.530	1.0346E-01	3
-8.509	38.528	2.1730E-01	0
-8.475	38.526	1.1353E-01	3
-8.440	38.523	1.4295E-01	0
-8.405	38.521	1.5900E-01	3
-8.371	38.519	1.2816E-01	0
-8.336	38.517	1.2207E-01	3
-8.303	38.515	1.5609E-01	0
-8.270	38.513	1.3658E-01	3
-9.239	38.554	1.0424E-02	0
-9.200	38.552	2.6779E-02	2
-9.162	38.550	6.8405E-02	0
-9.124	38.548	4.9947E-02	2
-9.086	38.546	1.1084E-01	0
-9.049	38.544	1.4277E-01	2
-9.011	38.542	3.2955E-01	0
-8.973	38.539	2.2478E-01	3
-8.935	38.537	1.6066E-01	0
-8.901	38.535	1.2382E-01	2
-8.865	38.533	1.5684E-01	0
-8.829	38.531	9.5085E-02	2
-8.793	38.529	1.1217E-01	0
-8.757	38.527	8.0092E-02	2
-8.721	38.525	7.7506E-02	0
-8.686	38.523	7.6020E-02	2
-8.650	38.521	9.5926E-02	0
-8.614	38.519	9.5565E-02	2
-8.579	38.517	1.0517E-01	0
-8.545	38.515	1.0109E-01	2
-8.511	38.513	1.8817E-01	0
-8.476	38.511	1.5086E-01	2
-8.441	38.509	1.2413E-01	0
-8.407	38.507	1.7967E-01	2
-8.373	38.504	1.6650E-01	0
-8.338	38.502	1.0366E-01	2
-8.305	38.500	1.4226E-01	0
-8.271	38.498	9.8009E-02	2
-9.240	38.538	1.1673E-02	0
-9.202	38.536	2.0523E-02	2
-9.163	38.534	6.8332E-02	0
-9.125	38.532	5.6631E-02	2
-9.087	38.530	8.0261E-02	0
-9.050	38.528	8.8492E-02	2
-9.012	38.526	2.1240E-01	0
-8.975	38.524	1.8716E-01	2
-8.938	38.522	1.4236E-01	0
-8.902	38.520	8.8462E-02	2
-8.866	38.518	1.3528E-01	0
-8.830	38.516	9.8045E-02	2
-8.794	38.514	1.1178E-01	0
-8.758	38.512	6.8232E-02	2
-8.723	38.510	7.3119E-02	0
-8.687	38.508	5.4293E-02	2
-8.651	38.506	1.0713E-01	0
-8.615	38.504	7.4148E-02	2
-8.581	38.502	1.1425E-01	0
-8.546	38.500	9.1956E-02	3
-8.511	38.498	2.5315E-01	0
-8.477	38.496	1.1463E-01	3
-8.442	38.494	1.2598E-01	0
-8.408	38.492	1.4034E-01	3
-8.374	38.490	1.3552E-01	0
-8.340	38.488	9.3076E-02	3
-8.306	38.486	2.2792E-01	0
-8.273	38.484	1.2427E-01	3
-9.241	38.523	1.4927E-02	0
-9.203	38.521	2.5087E-02	2
-9.165	38.519	7.9734E-02	0
-9.126	38.517	5.1269E-02	2
-9.088	38.515	9.9341E-02	0
-9.051	38.513	8.4398E-02	2
-9.012	38.511	1.5016E-01	0
-8.976	38.509	1.0704E-01	2
-8.940	38.507	7.7784E-02	0
-8.904	38.505	2.8235E-02	2
-8.868	38.503	4.7570E-02	0
-8.831	38.501	8.8843E-02	2
-8.795	38.499	1.1750E-01	0
-8.760	38.497	6.2938E-02	2
-8.724	38.495	7.2555E-02	0
-8.688	38.493	7.8473E-02	2
-8.652	38.491	1.0831E-01	0
-8.617	38.489	1.0380E-01	2
-8.583	38.487	1.2364E-01	0
-8.547	38.485	8.7742E-02	2
-8.512	38.483	1.7263E-01	0
-8.478	38.481	9.2321E-02	2
-8.443	38.479	1.8954E-01	0
-8.409	38.477	1.0763E-01	2
-8.375	38.475	1.3609E-01	0
-8.342	38.473	1.2435E-01	2
-8.307	38.471	1.4505E-01	0
-8.274	38.469	1.0085E-01	2
-9.243	38.507	4.2922E-02	0
-9.204	38.505	9.6891E-02	2
-9.166	38.503	1.7001E-01	0
-9.127	38.501	6.2597E-02	2
-9.089	38.499	7.7271E-02	0
-9.051	38.497	7.8566E-02	2
-9.014	38.495	1.5901E-01	0
-8.975	38.493	1.3742E-01	2
-8.940	38.492	1.0195E-01	0
-8.906	38.490	7.4392E-02	2
-8.869	38.488	5.2434E-02	0
-8.833	38.486	5.0181E-02	2
-8.797	38.484	1.0045E-01	0
-8.761	38.482	5.5041E-02	2
-8.725	38.480	7.3379E-02	0
-8.689	38.478	8.6288E-02	3
-8.654	38.476	1.4692E-01	0
-8.619	38.474	1.2192E-01	3
-8.584	38.472	1.1160E-01	0
-8.548	38.470	9.9538E-02	3
-8.514	38.468	1.4821E-01	0
-8.479	38.466	1.4361E-01	3
-8.445	38.464	1.8141E-01	0
-8.411	38.462	7.8968E-02	3
-8.377	38.460	1.3275E-01	0
-8.343	38.458	8.4565E-02	3
-8.309	38.456	1.9820E-01	0
-8.275	38.454	1.5634E-01	3
-9.244	38.492	3.1562E-02	0
-9.205	38.490	1.0175E-01	2
-9.167	38.488	1.5715E-01	0
-9.128	38.486	8.9358E-02	2
-9.090	38.484	1.0477E-01	0
-9.052	38.482	8.2483E-02	2
-9.013	38.480	2.7005E-01	0
-8.978	38.478	1.1787E-01	2
-8.943	38.476	6.1035E-02	0
-8.907	38.475	7.4598E-02	2
-8.870	38.473	7.2163E-02	0
-8.834	38.471	2.9367E-02	2
-8.798	38.469	5.7695E-02	0
-8.762	38.467	4.0395E-02	2
-8.726	38.465	7.1138E-02	0
-8.690	38.463	8.4402E-02	2
-8.655	38.461	1.4929E-01	0
-8.620	38.459	1.4033E-01	2
-8.585	38.457	2.2386E-01	0
-8.550	38.455	1.4243E-01	2
-8.515	38.453	1.7137E-01	0
-8.481	38.451	1.1754E-01	2
-8.447	38.449	1.3488E-01	0
-8.413	38.448	1.0845E-01	2
-8.379	38.446	1.4849E-01	0
-8.345	38.444	1.0389E-01	2
-8.311	38.442	1.7455E-01	0
-8.277	38.440	1.1842E-01	2
-9.245	38.476	1.6899E-02	0
-9.207	38.474	9.0078E-02	2
-9.168	38.472	1.1250E-01	0
-9.129	38.470	5.9043E-02	2
-9.091	38.469	7.9866E-02	0
-9.053	38.467	6.0068E-02	3
-9.014	38.465	1.1906E-01	0
-8.981	38.463	5.6723E-02	2
-8.945	38.461	2.3775E-02	0
-8.908	38.459	2.2081E-02	2
-8.872	38.457	5.8705E-02	0
-8.835	38.456	3.5421E-02	3
-8.799	38.454	3.2849E-02	0
-8.763	38.452	2.9863E-02	3
-8.728	38.450	5.1232E-02	0
-8.692	38.448	3.9350E-02	3
-8.656	38.446	7.3578E-02	0
-8.622	38.444	8.2502E-02	3
-8.586	38.442	1.1874E-01	0
-8.551	38.440	1.0696E-01	3
-8.517	38.438	1.2219E-01	0
-8.482	38.437	7.2378E-02	3
-8.448	38.435	1.0022E-01	0
-8.414	38.433	9.7074E-02	3
-8.380	38.431	7.5388E-02	0
-8.346	38.429	1.0016E-01	3
-8.313	38.427	9.5814E-02	0
-8.279	38.425	5.9377E-02	3
