 4.690000E-01 - Wavelength
 2.0760E-01 Slambda
 
 
 
   1     0.000000E+00     1.000000E-01     8.163772E-02     7.744554E-02     2.240831E-02     2.232564E-02     
   2     1.000000E-01     5.000000E-01     7.265271E-02     6.892183E-02     2.215709E-02     2.207655E-02     
   3     5.000000E-01     1.000000E+00     5.894618E-02     5.591890E-02     2.111292E-02     2.103990E-02     
   4     1.000000E+00     2.000000E+00     4.180067E-02     3.965345E-02     1.984672E-02     1.978190E-02     
   5     2.000000E+00     3.000000E+00     2.578025E-02     2.460251E-02     1.762485E-02     1.757347E-02     
   6     3.000000E+00     4.000000E+00     1.569905E-02     1.513821E-02     1.568229E-02     1.563976E-02     
   7     4.000000E+00     5.000000E+00     1.231102E-02     1.187160E-02     1.400253E-02     1.396437E-02     
   8     5.000000E+00     6.000000E+00     1.063254E-02     1.025291E-02     1.253649E-02     1.250163E-02     
   9     6.000000E+00     7.000000E+00     8.701427E-03     8.390700E-03     1.125740E-02     1.122186E-02     
  10     7.000000E+00     8.000000E+00     5.832676E-03     5.624381E-03     1.011025E-02     1.007311E-02     
  11     8.000000E+00     9.000000E+00     3.152797E-03     3.040223E-03     9.089577E-03     9.052154E-03     
  12     9.000000E+00     1.000000E+01     1.821539E-03     1.756513E-03     8.143506E-03     8.103169E-03     
  13     1.000000E+01     1.100000E+01     1.223878E-03     1.198380E-03     7.204361E-03     7.162279E-03     
  14     1.100000E+01     1.200000E+01     9.147262E-04     9.147262E-04     6.298493E-03     6.247245E-03     
  15     1.200000E+01     1.300000E+01     7.357330E-04     7.357330E-04     5.409595E-03     5.353240E-03     
  16     1.300000E+01     1.400000E+01     6.103930E-04     6.103930E-04     4.669736E-03     4.603089E-03     
  17     1.400000E+01     1.500000E+01     5.332694E-04     5.332694E-04     4.054128E-03     3.970543E-03     
  18     1.500000E+01     1.600000E+01     4.955207E-04     4.955207E-04     3.505706E-03     3.425000E-03     
  19     1.600000E+01     1.700000E+01     5.147019E-04     5.147019E-04     3.061809E-03     2.979117E-03     
  20     1.700000E+01     1.800000E+01     6.027144E-04     6.027144E-04     2.675963E-03     2.593396E-03     
  21     1.800000E+01     1.900000E+01     7.022119E-04     7.022119E-04     2.353920E-03     2.253614E-03     
  22     1.900000E+01     2.000000E+01     7.462150E-04     7.462150E-04     2.084761E-03     1.956213E-03     
  23     2.000000E+01     2.100000E+01     6.943506E-04     6.943506E-04     1.840406E-03     1.694540E-03     
  24     2.100000E+01     2.300000E+01     5.005001E-04     5.005001E-04     1.613224E-03     1.464495E-03     
  25     2.300000E+01     2.500000E+01     2.601715E-04     2.601715E-04     1.247049E-03     1.093384E-03     
  26     2.500000E+01     3.000000E+01     9.088465E-05     9.088465E-05     9.712647E-04     8.130783E-04     
  27     3.000000E+01     3.500000E+01     2.953887E-05     2.950759E-05     4.927550E-04     3.839128E-04     
  28     3.500000E+01     4.000000E+01     1.192928E-05     1.188447E-05     2.332226E-04     1.673933E-04     
  29     4.000000E+01     4.500000E+01     5.888604E-06     5.866471E-06     1.079663E-04     8.141003E-05     
  30     4.500000E+01     5.000000E+01     3.011829E-06     3.000493E-06     4.927045E-05     4.105072E-05     
  31     5.000000E+01     7.000000E+01     7.686096E-07     7.657192E-07     2.442019E-05     2.171474E-05     
  32     7.000000E+01     1.000000E+02     3.152521E-08     3.140709E-08     1.966793E-06     1.933882E-06     

1.000000E+00  9.994000E-01  9.976000E-01  9.945000E-01  9.903000E-01  9.848000E-01  9.781000E-01  9.613000E-01  9.397000E-01  9.135000E-01  8.829000E-01  8.480000E-01  8.090000E-01  7.660000E-01  6.428000E-01  5.000000E-01  3.420000E-01  1.736000E-01  0.000000E+00  -1.736000E-01  -3.420000E-01  -5.000000E-01  -5.736000E-01  -6.428000E-01  -7.071000E-01  -7.660000E-01  -8.192000E-01  -8.660000E-01  -9.063000E-01  -9.397000E-01  -9.659000E-01  -9.848000E-01  -9.962000E-01  -1.000000E+00  
1     1.542706E+02     1.854663E+01     9.715542E+00     7.279068E+00     6.071560E+00     5.267240E+00     4.646715E+00     3.691270E+00     2.959503E+00     2.379107E+00     1.914849E+00     1.544047E+00     1.247582E+00     1.010770E+00     6.070501E-01     3.761277E-01     2.423349E-01     1.644691E-01     1.181291E-01     9.073376E-02     7.593696E-02     6.950489E-02     6.876730E-02     6.962217E-02     7.203717E-02     7.620966E-02     8.223324E-02     9.007447E-02     9.907557E-02     1.064128E-01     1.104692E-01     1.153302E-01     1.302436E-01     1.397366E-01     
2     1.368006E+02     1.892502E+01     9.723824E+00     7.131268E+00     5.886756E+00     5.090652E+00     4.493611E+00     3.590252E+00     2.900883E+00     2.350494E+00     1.906153E+00     1.547834E+00     1.258718E+00     1.025776E+00     6.236394E-01     3.900080E-01     2.529547E-01     1.723487E-01     1.241436E-01     9.560462E-02     8.006682E-02     7.322360E-02     7.234126E-02     7.304485E-02     7.532055E-02     7.927436E-02     8.498947E-02     9.244450E-02     1.010786E-01     1.086432E-01     1.132042E-01     1.188402E-01     1.337122E-01     1.429809E-01     
3     1.169026E+02     1.935633E+01     9.733264E+00     6.962945E+00     5.676261E+00     4.889600E+00     4.319198E+00     3.475286E+00     2.834099E+00     2.317847E+00     1.896291E+00     1.552119E+00     1.271344E+00     1.042872E+00     6.425310E-01     4.058165E-01     2.650369E-01     1.813213E-01     1.310029E-01     1.011532E-01     8.476987E-02     7.745989E-02     7.641151E-02     7.694339E-02     7.905941E-02     8.276436E-02     8.812816E-02     9.514301E-02     1.033565E-01     1.111716E-01     1.163171E-01     1.228472E-01     1.376602E-01     1.466747E-01     
4     1.114976E+02     1.947350E+01     9.735777E+00     6.917143E+00     5.619112E+00     4.834969E+00     4.271827E+00     3.444001E+00     2.815919E+00     2.308994E+00     1.893598E+00     1.553282E+00     1.274810E+00     1.047590E+00     6.476721E-01     4.101129E-01     2.683269E-01     1.837601E-01     1.328672E-01     1.026624E-01     8.604878E-02     7.861159E-02     7.751813E-02     7.800317E-02     8.007573E-02     8.371342E-02     8.898117E-02     9.587632E-02     1.039774E-01     1.118600E-01     1.171622E-01     1.239350E-01     1.387280E-01     1.476774E-01     
5     5.951110E+01     1.282282E+01     7.742728E+00     6.140169E+00     5.298799E+00     4.718208E+00     4.254743E+00     3.503779E+00     2.893896E+00     2.386553E+00     1.964544E+00     1.615710E+00     1.328806E+00     1.093868E+00     6.789581E-01     4.313738E-01     2.832308E-01     1.944688E-01     1.411348E-01     1.096404E-01     9.231682E-02     8.456212E-02     8.343968E-02     8.392268E-02     8.596997E-02     8.947478E-02     9.440524E-02     1.005066E-01     1.072310E-01     1.134732E-01     1.183212E-01     1.258276E-01     1.404668E-01     1.496328E-01     
6     6.143631E+00     5.997522E+00     5.697373E+00     5.342944E+00     4.970111E+00     4.598398E+00     4.237206E+00     3.565167E+00     2.973857E+00     2.466137E+00     2.037375E+00     1.679761E+00     1.384202E+00     1.141370E+00     7.110774E-01     4.531954E-01     2.985327E-01     2.054569E-01     1.496295E-01     1.168094E-01     9.875221E-02     9.067096E-02     8.951856E-02     8.999850E-02     9.201974E-02     9.538819E-02     9.997423E-02     1.052578E-01     1.105718E-01     1.151236E-01     1.195112E-01     1.277746E-01     1.422586E-01     1.516422E-01     
7     6.143631E+00     5.997522E+00     5.697373E+00     5.342944E+00     4.970111E+00     4.598398E+00     4.237206E+00     3.565167E+00     2.973857E+00     2.466137E+00     2.037375E+00     1.679761E+00     1.384202E+00     1.141370E+00     7.110774E-01     4.531954E-01     2.985327E-01     2.054569E-01     1.496295E-01     1.168094E-01     9.875221E-02     9.067096E-02     8.951856E-02     8.999850E-02     9.201974E-02     9.538819E-02     9.997423E-02     1.052578E-01     1.105718E-01     1.151236E-01     1.195112E-01     1.277746E-01     1.422586E-01     1.516422E-01     
8     6.143631E+00     5.997522E+00     5.697373E+00     5.342944E+00     4.970111E+00     4.598398E+00     4.237206E+00     3.565167E+00     2.973857E+00     2.466137E+00     2.037375E+00     1.679761E+00     1.384202E+00     1.141370E+00     7.110774E-01     4.531954E-01     2.985327E-01     2.054569E-01     1.496295E-01     1.168094E-01     9.875221E-02     9.067096E-02     8.951856E-02     8.999850E-02     9.201974E-02     9.538819E-02     9.997423E-02     1.052578E-01     1.105718E-01     1.151236E-01     1.195112E-01     1.277746E-01     1.422586E-01     1.516422E-01     
9     6.143631E+00     5.997522E+00     5.697373E+00     5.342944E+00     4.970111E+00     4.598398E+00     4.237206E+00     3.565167E+00     2.973857E+00     2.466137E+00     2.037375E+00     1.679761E+00     1.384202E+00     1.141370E+00     7.110774E-01     4.531954E-01     2.985327E-01     2.054569E-01     1.496295E-01     1.168094E-01     9.875221E-02     9.067096E-02     8.951856E-02     8.999850E-02     9.201974E-02     9.538819E-02     9.997423E-02     1.052578E-01     1.105718E-01     1.151236E-01     1.195112E-01     1.277746E-01     1.422586E-01     1.516422E-01     
10     6.143631E+00     5.997522E+00     5.697373E+00     5.342944E+00     4.970111E+00     4.598398E+00     4.237206E+00     3.565167E+00     2.973857E+00     2.466137E+00     2.037375E+00     1.679761E+00     1.384202E+00     1.141370E+00     7.110774E-01     4.531954E-01     2.985327E-01     2.054569E-01     1.496295E-01     1.168094E-01     9.875221E-02     9.067096E-02     8.951856E-02     8.999850E-02     9.201974E-02     9.538819E-02     9.997423E-02     1.052578E-01     1.105718E-01     1.151236E-01     1.195112E-01     1.277746E-01     1.422586E-01     1.516422E-01     
11     6.143631E+00     5.997522E+00     5.697373E+00     5.342944E+00     4.970111E+00     4.598398E+00     4.237206E+00     3.565167E+00     2.973857E+00     2.466137E+00     2.037375E+00     1.679761E+00     1.384202E+00     1.141370E+00     7.110774E-01     4.531954E-01     2.985327E-01     2.054569E-01     1.496295E-01     1.168094E-01     9.875221E-02     9.067096E-02     8.951856E-02     8.999850E-02     9.201974E-02     9.538819E-02     9.997423E-02     1.052578E-01     1.105718E-01     1.151236E-01     1.195112E-01     1.277746E-01     1.422586E-01     1.516422E-01     
12     6.143631E+00     5.997522E+00     5.697373E+00     5.342944E+00     4.970111E+00     4.598398E+00     4.237206E+00     3.565167E+00     2.973857E+00     2.466137E+00     2.037375E+00     1.679761E+00     1.384202E+00     1.141370E+00     7.110774E-01     4.531954E-01     2.985327E-01     2.054569E-01     1.496295E-01     1.168094E-01     9.875221E-02     9.067096E-02     8.951856E-02     8.999850E-02     9.201974E-02     9.538819E-02     9.997423E-02     1.052578E-01     1.105718E-01     1.151236E-01     1.195112E-01     1.277746E-01     1.422586E-01     1.516422E-01     
13     8.195082E+00     7.749401E+00     7.126504E+00     6.492492E+00     5.883724E+00     5.314988E+00     4.792201E+00     3.884337E+00     3.142731E+00     2.541217E+00     2.055331E+00     1.664145E+00     1.349698E+00     1.097338E+00     6.647301E-01     4.151147E-01     2.694308E-01     1.835026E-01     1.326620E-01     1.030306E-01     8.680954E-02     7.969545E-02     7.884818E-02     7.959699E-02     8.194655E-02     8.586612E-02     9.134550E-02     9.803680E-02     1.051216E-01     1.109416E-01     1.139600E-01     1.181640E-01     1.305287E-01     1.407124E-01     
14     1.024709E+01     9.501686E+00     8.556141E+00     7.642522E+00     6.797758E+00     6.031789E+00     5.347267E+00     4.203493E+00     3.311691E+00     2.616359E+00     2.073388E+00     1.648530E+00     1.315194E+00     1.053306E+00     6.183682E-01     3.770091E-01     2.403267E-01     1.615396E-01     1.156882E-01     8.924738E-02     7.486556E-02     6.871776E-02     6.817558E-02     6.919250E-02     7.187118E-02     7.634085E-02     8.271513E-02     9.081332E-02     9.966403E-02     1.067584E-01     1.084126E-01     1.085496E-01     1.187990E-01     1.297802E-01     
15     1.024709E+01     9.501686E+00     8.556141E+00     7.642522E+00     6.797758E+00     6.031789E+00     5.347267E+00     4.203493E+00     3.311691E+00     2.616359E+00     2.073388E+00     1.648530E+00     1.315194E+00     1.053306E+00     6.183682E-01     3.770091E-01     2.403267E-01     1.615396E-01     1.156882E-01     8.924738E-02     7.486556E-02     6.871776E-02     6.817558E-02     6.919250E-02     7.187118E-02     7.634085E-02     8.271513E-02     9.081332E-02     9.966403E-02     1.067584E-01     1.084126E-01     1.085496E-01     1.187990E-01     1.297802E-01     
16     1.024709E+01     9.501686E+00     8.556141E+00     7.642522E+00     6.797758E+00     6.031789E+00     5.347267E+00     4.203493E+00     3.311691E+00     2.616359E+00     2.073388E+00     1.648530E+00     1.315194E+00     1.053306E+00     6.183682E-01     3.770091E-01     2.403267E-01     1.615396E-01     1.156882E-01     8.924738E-02     7.486556E-02     6.871776E-02     6.817558E-02     6.919250E-02     7.187118E-02     7.634085E-02     8.271513E-02     9.081332E-02     9.966403E-02     1.067584E-01     1.084126E-01     1.085496E-01     1.187990E-01     1.297802E-01     
17     1.024709E+01     9.501686E+00     8.556141E+00     7.642522E+00     6.797758E+00     6.031789E+00     5.347267E+00     4.203493E+00     3.311691E+00     2.616359E+00     2.073388E+00     1.648530E+00     1.315194E+00     1.053306E+00     6.183682E-01     3.770091E-01     2.403267E-01     1.615396E-01     1.156882E-01     8.924738E-02     7.486556E-02     6.871776E-02     6.817558E-02     6.919250E-02     7.187118E-02     7.634085E-02     8.271513E-02     9.081332E-02     9.966403E-02     1.067584E-01     1.084126E-01     1.085496E-01     1.187990E-01     1.297802E-01     
18     1.024709E+01     9.501686E+00     8.556141E+00     7.642522E+00     6.797758E+00     6.031789E+00     5.347267E+00     4.203493E+00     3.311691E+00     2.616359E+00     2.073388E+00     1.648530E+00     1.315194E+00     1.053306E+00     6.183682E-01     3.770091E-01     2.403267E-01     1.615396E-01     1.156882E-01     8.924738E-02     7.486556E-02     6.871776E-02     6.817558E-02     6.919250E-02     7.187118E-02     7.634085E-02     8.271513E-02     9.081332E-02     9.966403E-02     1.067584E-01     1.084126E-01     1.085496E-01     1.187990E-01     1.297802E-01     
19     1.024709E+01     9.501686E+00     8.556141E+00     7.642522E+00     6.797758E+00     6.031789E+00     5.347267E+00     4.203493E+00     3.311691E+00     2.616359E+00     2.073388E+00     1.648530E+00     1.315194E+00     1.053306E+00     6.183682E-01     3.770091E-01     2.403267E-01     1.615396E-01     1.156882E-01     8.924738E-02     7.486556E-02     6.871776E-02     6.817558E-02     6.919250E-02     7.187118E-02     7.634085E-02     8.271513E-02     9.081332E-02     9.966403E-02     1.067584E-01     1.084126E-01     1.085496E-01     1.187990E-01     1.297802E-01     
20     1.024709E+01     9.501686E+00     8.556141E+00     7.642522E+00     6.797758E+00     6.031789E+00     5.347267E+00     4.203493E+00     3.311691E+00     2.616359E+00     2.073388E+00     1.648530E+00     1.315194E+00     1.053306E+00     6.183682E-01     3.770091E-01     2.403267E-01     1.615396E-01     1.156882E-01     8.924738E-02     7.486556E-02     6.871776E-02     6.817558E-02     6.919250E-02     7.187118E-02     7.634085E-02     8.271513E-02     9.081332E-02     9.966403E-02     1.067584E-01     1.084126E-01     1.085496E-01     1.187990E-01     1.297802E-01     
21     1.024709E+01     9.501686E+00     8.556141E+00     7.642522E+00     6.797758E+00     6.031789E+00     5.347267E+00     4.203493E+00     3.311691E+00     2.616359E+00     2.073388E+00     1.648530E+00     1.315194E+00     1.053306E+00     6.183682E-01     3.770091E-01     2.403267E-01     1.615396E-01     1.156882E-01     8.924738E-02     7.486556E-02     6.871776E-02     6.817558E-02     6.919250E-02     7.187118E-02     7.634085E-02     8.271513E-02     9.081332E-02     9.966403E-02     1.067584E-01     1.084126E-01     1.085496E-01     1.187990E-01     1.297802E-01     
22     1.024709E+01     9.501686E+00     8.556141E+00     7.642522E+00     6.797758E+00     6.031789E+00     5.347267E+00     4.203493E+00     3.311691E+00     2.616359E+00     2.073388E+00     1.648530E+00     1.315194E+00     1.053306E+00     6.183682E-01     3.770091E-01     2.403267E-01     1.615396E-01     1.156882E-01     8.924738E-02     7.486556E-02     6.871776E-02     6.817558E-02     6.919250E-02     7.187118E-02     7.634085E-02     8.271513E-02     9.081332E-02     9.966403E-02     1.067584E-01     1.084126E-01     1.085496E-01     1.187990E-01     1.297802E-01     
23     1.024709E+01     9.501686E+00     8.556141E+00     7.642522E+00     6.797758E+00     6.031789E+00     5.347267E+00     4.203493E+00     3.311691E+00     2.616359E+00     2.073388E+00     1.648530E+00     1.315194E+00     1.053306E+00     6.183682E-01     3.770091E-01     2.403267E-01     1.615396E-01     1.156882E-01     8.924738E-02     7.486556E-02     6.871776E-02     6.817558E-02     6.919250E-02     7.187118E-02     7.634085E-02     8.271513E-02     9.081332E-02     9.966403E-02     1.067584E-01     1.084126E-01     1.085496E-01     1.187990E-01     1.297802E-01     
24     1.024709E+01     9.501686E+00     8.556141E+00     7.642522E+00     6.797758E+00     6.031789E+00     5.347267E+00     4.203493E+00     3.311691E+00     2.616359E+00     2.073388E+00     1.648530E+00     1.315194E+00     1.053306E+00     6.183682E-01     3.770091E-01     2.403267E-01     1.615396E-01     1.156882E-01     8.924738E-02     7.486556E-02     6.871776E-02     6.817558E-02     6.919250E-02     7.187118E-02     7.634085E-02     8.271513E-02     9.081332E-02     9.966403E-02     1.067584E-01     1.084126E-01     1.085496E-01     1.187990E-01     1.297802E-01     
25     1.024709E+01     9.501686E+00     8.556141E+00     7.642522E+00     6.797758E+00     6.031789E+00     5.347267E+00     4.203493E+00     3.311691E+00     2.616359E+00     2.073388E+00     1.648530E+00     1.315194E+00     1.053306E+00     6.183682E-01     3.770091E-01     2.403267E-01     1.615396E-01     1.156882E-01     8.924738E-02     7.486556E-02     6.871776E-02     6.817558E-02     6.919250E-02     7.187118E-02     7.634085E-02     8.271513E-02     9.081332E-02     9.966403E-02     1.067584E-01     1.084126E-01     1.085496E-01     1.187990E-01     1.297802E-01     
26     1.024709E+01     9.501686E+00     8.556141E+00     7.642522E+00     6.797758E+00     6.031789E+00     5.347267E+00     4.203493E+00     3.311691E+00     2.616359E+00     2.073388E+00     1.648530E+00     1.315194E+00     1.053306E+00     6.183682E-01     3.770091E-01     2.403267E-01     1.615396E-01     1.156882E-01     8.924738E-02     7.486556E-02     6.871776E-02     6.817558E-02     6.919250E-02     7.187118E-02     7.634085E-02     8.271513E-02     9.081332E-02     9.966403E-02     1.067584E-01     1.084126E-01     1.085496E-01     1.187990E-01     1.297802E-01     
27     7.775443E+01     2.732409E+01     1.496201E+01     1.020086E+01     7.738483E+00     6.226099E+00     5.192679E+00     3.830039E+00     2.938931E+00     2.300153E+00     1.822885E+00     1.456887E+00     1.169824E+00     9.436180E-01     5.628282E-01     3.485339E-01     2.236766E-01     1.515517E-01     1.082482E-01     8.256200E-02     6.787197E-02     6.183018E-02     6.152836E-02     6.295714E-02     6.634264E-02     7.297572E-02     8.318873E-02     9.975509E-02     1.239288E-01     1.568681E-01     1.717099E-01     1.795227E-01     2.103909E-01     2.279301E-01     
28     1.433049E+02     4.463409E+01     2.118517E+01     1.268684E+01     8.652827E+00     6.415310E+00     5.042715E+00     3.467399E+00     2.576804E+00     1.992897E+00     1.579499E+00     1.270652E+00     1.028512E+00     8.370548E-01     5.088629E-01     3.208579E-01     2.074907E-01     1.418473E-01     1.010197E-01     7.606824E-02     6.107986E-02     5.514010E-02     5.507226E-02     5.690186E-02     6.097554E-02     6.971110E-02     8.365461E-02     1.084560E-01     1.475052E-01     2.055593E-01     2.332069E-01     2.484673E-01     2.993751E-01     3.232919E-01     
29     1.433049E+02     4.463409E+01     2.118517E+01     1.268684E+01     8.652827E+00     6.415310E+00     5.042715E+00     3.467399E+00     2.576804E+00     1.992897E+00     1.579499E+00     1.270652E+00     1.028512E+00     8.370548E-01     5.088629E-01     3.208579E-01     2.074907E-01     1.418473E-01     1.010197E-01     7.606824E-02     6.107986E-02     5.514010E-02     5.507226E-02     5.690186E-02     6.097554E-02     6.971110E-02     8.365461E-02     1.084560E-01     1.475052E-01     2.055593E-01     2.332069E-01     2.484673E-01     2.993751E-01     3.232919E-01     
30     1.433049E+02     4.463409E+01     2.118517E+01     1.268684E+01     8.652827E+00     6.415310E+00     5.042715E+00     3.467399E+00     2.576804E+00     1.992897E+00     1.579499E+00     1.270652E+00     1.028512E+00     8.370548E-01     5.088629E-01     3.208579E-01     2.074907E-01     1.418473E-01     1.010197E-01     7.606824E-02     6.107986E-02     5.514010E-02     5.507226E-02     5.690186E-02     6.097554E-02     6.971110E-02     8.365461E-02     1.084560E-01     1.475052E-01     2.055593E-01     2.332069E-01     2.484673E-01     2.993751E-01     3.232919E-01     
31     1.433049E+02     4.463409E+01     2.118517E+01     1.268684E+01     8.652827E+00     6.415310E+00     5.042715E+00     3.467399E+00     2.576804E+00     1.992897E+00     1.579499E+00     1.270652E+00     1.028512E+00     8.370548E-01     5.088629E-01     3.208579E-01     2.074907E-01     1.418473E-01     1.010197E-01     7.606824E-02     6.107986E-02     5.514010E-02     5.507226E-02     5.690186E-02     6.097554E-02     6.971110E-02     8.365461E-02     1.084560E-01     1.475052E-01     2.055593E-01     2.332069E-01     2.484673E-01     2.993751E-01     3.232919E-01     
32     1.433049E+02     4.463409E+01     2.118517E+01     1.268684E+01     8.652827E+00     6.415310E+00     5.042715E+00     3.467399E+00     2.576804E+00     1.992897E+00     1.579499E+00     1.270652E+00     1.028512E+00     8.370548E-01     5.088629E-01     3.208579E-01     2.074907E-01     1.418473E-01     1.010197E-01     7.606824E-02     6.107986E-02     5.514010E-02     5.507226E-02     5.690186E-02     6.097554E-02     6.971110E-02     8.365461E-02     1.084560E-01     1.475052E-01     2.055593E-01     2.332069E-01     2.484673E-01     2.993751E-01     3.232919E-01     

1     0.000000E+00     5.263614E-02     7.844989E-02     1.042982E-01     1.326962E-01     1.636547E-01     1.966643E-01     2.670635E-01     3.387849E-01     4.085826E-01     4.742745E-01     5.346312E-01     5.891142E-01     6.376375E-01     7.373410E-01     8.075326E-01     8.563904E-01     8.906335E-01     9.151676E-01     9.333093E-01     9.473388E-01     9.588218E-01     9.639091E-01     9.687022E-01     9.732576E-01     9.776256E-01     9.818324E-01     9.858689E-01     9.896842E-01     9.931093E-01     9.959568E-01     9.980884E-01     9.994860E-01     1.000000E+00     
2     0.000000E+00     4.743071E-02     7.359813E-02     9.923673E-02     1.269242E-01     1.568988E-01     1.888130E-01     2.570651E-01     3.270676E-01     3.957209E-01     4.608390E-01     5.211154E-01     5.758835E-01     6.249703E-01     7.266235E-01     7.989909E-01     8.497790E-01     8.855844E-01     9.113297E-01     9.304048E-01     9.451959E-01     9.573011E-01     9.626582E-01     9.676881E-01     9.724602E-01     9.770172E-01     9.813766E-01     9.855347E-01     9.894375E-01     9.929366E-01     9.958456E-01     9.980345E-01     9.994760E-01     1.000000E+00     
3     0.000000E+00     4.150263E-02     6.807206E-02     9.346895E-02     1.203486E-01     1.491978E-01     1.798638E-01     2.456747E-01     3.137153E-01     3.810714E-01     4.455409E-01     5.057169E-01     5.608138E-01     6.105399E-01     7.144136E-01     7.892585E-01     8.422512E-01     8.798280E-01     9.069465E-01     9.270974E-01     9.427544E-01     9.555697E-01     9.612287E-01     9.665327E-01     9.715515E-01     9.763250E-01     9.808597E-01     9.851528E-01     9.891509E-01     9.927377E-01     9.957141E-01     9.979771E-01     9.994559E-01     1.000000E+00     
4     0.000000E+00     3.989089E-02     6.657020E-02     9.190057E-02     1.185614E-01     1.471064E-01     1.774344E-01     2.425755E-01     3.100853E-01     3.770858E-01     4.413848E-01     5.015295E-01     5.567203E-01     6.066192E-01     7.110938E-01     7.866170E-01     8.402081E-01     8.782656E-01     9.057558E-01     9.262009E-01     9.420887E-01     9.551004E-01     9.608430E-01     9.662248E-01     9.713047E-01     9.761325E-01     9.807184E-01     9.850514E-01     9.890797E-01     9.926799E-01     9.956801E-01     9.979569E-01     9.994559E-01     1.000000E+00     
5     0.000000E+00     2.203135E-02     4.081591E-02     6.193320E-02     8.626300E-02     1.136136E-01     1.434918E-01     2.089946E-01     2.779920E-01     3.470233E-01     4.135921E-01     4.760665E-01     5.335333E-01     5.855853E-01     6.948389E-01     7.741085E-01     8.305605E-01     8.707740E-01     8.999140E-01     9.216886E-01     9.386932E-01     9.526635E-01     9.588425E-01     9.646305E-01     9.700992E-01     9.752691E-01     9.801501E-01     9.847218E-01     9.889045E-01     9.925858E-01     9.956297E-01     9.979334E-01     9.994436E-01     1.000000E+00     
6     0.000000E+00     3.697948E-03     1.437960E-02     3.117310E-02     5.310817E-02     7.923160E-02     1.086514E-01     1.745306E-01     2.450493E-01     3.161677E-01     3.850662E-01     4.499305E-01     5.097256E-01     5.639948E-01     6.781557E-01     7.612807E-01     8.206636E-01     8.630891E-01     8.939171E-01     9.170516E-01     9.351996E-01     9.501648E-01     9.567899E-01     9.630001E-01     9.688574E-01     9.743797E-01     9.795628E-01     9.843757E-01     9.887231E-01     9.924919E-01     9.955667E-01     9.979039E-01     9.994410E-01     1.000000E+00     
7     0.000000E+00     3.697948E-03     1.437960E-02     3.117310E-02     5.310817E-02     7.923160E-02     1.086514E-01     1.745306E-01     2.450493E-01     3.161677E-01     3.850662E-01     4.499305E-01     5.097256E-01     5.639948E-01     6.781557E-01     7.612807E-01     8.206636E-01     8.630891E-01     8.939171E-01     9.170516E-01     9.351996E-01     9.501648E-01     9.567899E-01     9.630001E-01     9.688574E-01     9.743797E-01     9.795628E-01     9.843757E-01     9.887231E-01     9.924919E-01     9.955667E-01     9.979039E-01     9.994410E-01     1.000000E+00     
8     0.000000E+00     3.697948E-03     1.437960E-02     3.117310E-02     5.310817E-02     7.923160E-02     1.086514E-01     1.745306E-01     2.450493E-01     3.161677E-01     3.850662E-01     4.499305E-01     5.097256E-01     5.639948E-01     6.781557E-01     7.612807E-01     8.206636E-01     8.630891E-01     8.939171E-01     9.170516E-01     9.351996E-01     9.501648E-01     9.567899E-01     9.630001E-01     9.688574E-01     9.743797E-01     9.795628E-01     9.843757E-01     9.887231E-01     9.924919E-01     9.955667E-01     9.979039E-01     9.994410E-01     1.000000E+00     
9     0.000000E+00     3.697948E-03     1.437960E-02     3.117310E-02     5.310817E-02     7.923160E-02     1.086514E-01     1.745306E-01     2.450493E-01     3.161677E-01     3.850662E-01     4.499305E-01     5.097256E-01     5.639948E-01     6.781557E-01     7.612807E-01     8.206636E-01     8.630891E-01     8.939171E-01     9.170516E-01     9.351996E-01     9.501648E-01     9.567899E-01     9.630001E-01     9.688574E-01     9.743797E-01     9.795628E-01     9.843757E-01     9.887231E-01     9.924919E-01     9.955667E-01     9.979039E-01     9.994410E-01     1.000000E+00     
10     0.000000E+00     3.697948E-03     1.437960E-02     3.117310E-02     5.310817E-02     7.923160E-02     1.086514E-01     1.745306E-01     2.450493E-01     3.161677E-01     3.850662E-01     4.499305E-01     5.097256E-01     5.639948E-01     6.781557E-01     7.612807E-01     8.206636E-01     8.630891E-01     8.939171E-01     9.170516E-01     9.351996E-01     9.501648E-01     9.567899E-01     9.630001E-01     9.688574E-01     9.743797E-01     9.795628E-01     9.843757E-01     9.887231E-01     9.924919E-01     9.955667E-01     9.979039E-01     9.994410E-01     1.000000E+00     
11     0.000000E+00     3.697948E-03     1.437960E-02     3.117310E-02     5.310817E-02     7.923160E-02     1.086514E-01     1.745306E-01     2.450493E-01     3.161677E-01     3.850662E-01     4.499305E-01     5.097256E-01     5.639948E-01     6.781557E-01     7.612807E-01     8.206636E-01     8.630891E-01     8.939171E-01     9.170516E-01     9.351996E-01     9.501648E-01     9.567899E-01     9.630001E-01     9.688574E-01     9.743797E-01     9.795628E-01     9.843757E-01     9.887231E-01     9.924919E-01     9.955667E-01     9.979039E-01     9.994410E-01     1.000000E+00     
12     0.000000E+00     3.697948E-03     1.437960E-02     3.117310E-02     5.310817E-02     7.923160E-02     1.086514E-01     1.745306E-01     2.450493E-01     3.161677E-01     3.850662E-01     4.499305E-01     5.097256E-01     5.639948E-01     6.781557E-01     7.612807E-01     8.206636E-01     8.630891E-01     8.939171E-01     9.170516E-01     9.351996E-01     9.501648E-01     9.567899E-01     9.630001E-01     9.688574E-01     9.743797E-01     9.795628E-01     9.843757E-01     9.887231E-01     9.924919E-01     9.955667E-01     9.979039E-01     9.994410E-01     1.000000E+00     
13     0.000000E+00     4.856386E-03     1.844370E-02     3.915920E-02     6.548296E-02     9.605721E-02     1.297126E-01     2.029676E-01     2.787511E-01     3.530665E-01     4.233867E-01     4.882907E-01     5.471118E-01     5.996872E-01     7.082808E-01     7.853740E-01     8.394524E-01     8.775784E-01     9.050322E-01     9.254910E-01     9.414728E-01     9.546264E-01     9.604625E-01     9.659410E-01     9.711405E-01     9.760809E-01     9.807907E-01     9.852265E-01     9.893195E-01     9.929296E-01     9.958776E-01     9.980705E-01     9.994825E-01     1.000000E+00     
14     0.000000E+00     6.015205E-03     2.250890E-02     4.714891E-02     7.786182E-02     1.128862E-01     1.507800E-01     2.314194E-01     3.124677E-01     3.899701E-01     4.617185E-01     5.266656E-01     5.845028E-01     6.353883E-01     7.384146E-01     8.094795E-01     8.582440E-01     8.920740E-01     9.161434E-01     9.339368E-01     9.477522E-01     9.590947E-01     9.641288E-01     9.688855E-01     9.734231E-01     9.777880E-01     9.820147E-01     9.860812E-01     9.899155E-01     9.933613E-01     9.961883E-01     9.982370E-01     9.995266E-01     1.000000E+00     
15     0.000000E+00     6.015205E-03     2.250890E-02     4.714891E-02     7.786182E-02     1.128862E-01     1.507800E-01     2.314194E-01     3.124677E-01     3.899701E-01     4.617185E-01     5.266656E-01     5.845028E-01     6.353883E-01     7.384146E-01     8.094795E-01     8.582440E-01     8.920740E-01     9.161434E-01     9.339368E-01     9.477522E-01     9.590947E-01     9.641288E-01     9.688855E-01     9.734231E-01     9.777880E-01     9.820147E-01     9.860812E-01     9.899155E-01     9.933613E-01     9.961883E-01     9.982370E-01     9.995266E-01     1.000000E+00     
16     0.000000E+00     6.015205E-03     2.250890E-02     4.714891E-02     7.786182E-02     1.128862E-01     1.507800E-01     2.314194E-01     3.124677E-01     3.899701E-01     4.617185E-01     5.266656E-01     5.845028E-01     6.353883E-01     7.384146E-01     8.094795E-01     8.582440E-01     8.920740E-01     9.161434E-01     9.339368E-01     9.477522E-01     9.590947E-01     9.641288E-01     9.688855E-01     9.734231E-01     9.777880E-01     9.820147E-01     9.860812E-01     9.899155E-01     9.933613E-01     9.961883E-01     9.982370E-01     9.995266E-01     1.000000E+00     
17     0.000000E+00     6.015205E-03     2.250890E-02     4.714891E-02     7.786182E-02     1.128862E-01     1.507800E-01     2.314194E-01     3.124677E-01     3.899701E-01     4.617185E-01     5.266656E-01     5.845028E-01     6.353883E-01     7.384146E-01     8.094795E-01     8.582440E-01     8.920740E-01     9.161434E-01     9.339368E-01     9.477522E-01     9.590947E-01     9.641288E-01     9.688855E-01     9.734231E-01     9.777880E-01     9.820147E-01     9.860812E-01     9.899155E-01     9.933613E-01     9.961883E-01     9.982370E-01     9.995266E-01     1.000000E+00     
18     0.000000E+00     6.015205E-03     2.250890E-02     4.714891E-02     7.786182E-02     1.128862E-01     1.507800E-01     2.314194E-01     3.124677E-01     3.899701E-01     4.617185E-01     5.266656E-01     5.845028E-01     6.353883E-01     7.384146E-01     8.094795E-01     8.582440E-01     8.920740E-01     9.161434E-01     9.339368E-01     9.477522E-01     9.590947E-01     9.641288E-01     9.688855E-01     9.734231E-01     9.777880E-01     9.820147E-01     9.860812E-01     9.899155E-01     9.933613E-01     9.961883E-01     9.982370E-01     9.995266E-01     1.000000E+00     
19     0.000000E+00     6.015205E-03     2.250890E-02     4.714891E-02     7.786182E-02     1.128862E-01     1.507800E-01     2.314194E-01     3.124677E-01     3.899701E-01     4.617185E-01     5.266656E-01     5.845028E-01     6.353883E-01     7.384146E-01     8.094795E-01     8.582440E-01     8.920740E-01     9.161434E-01     9.339368E-01     9.477522E-01     9.590947E-01     9.641288E-01     9.688855E-01     9.734231E-01     9.777880E-01     9.820147E-01     9.860812E-01     9.899155E-01     9.933613E-01     9.961883E-01     9.982370E-01     9.995266E-01     1.000000E+00     
20     0.000000E+00     6.015205E-03     2.250890E-02     4.714891E-02     7.786182E-02     1.128862E-01     1.507800E-01     2.314194E-01     3.124677E-01     3.899701E-01     4.617185E-01     5.266656E-01     5.845028E-01     6.353883E-01     7.384146E-01     8.094795E-01     8.582440E-01     8.920740E-01     9.161434E-01     9.339368E-01     9.477522E-01     9.590947E-01     9.641288E-01     9.688855E-01     9.734231E-01     9.777880E-01     9.820147E-01     9.860812E-01     9.899155E-01     9.933613E-01     9.961883E-01     9.982370E-01     9.995266E-01     1.000000E+00     
21     0.000000E+00     6.015205E-03     2.250890E-02     4.714891E-02     7.786182E-02     1.128862E-01     1.507800E-01     2.314194E-01     3.124677E-01     3.899701E-01     4.617185E-01     5.266656E-01     5.845028E-01     6.353883E-01     7.384146E-01     8.094795E-01     8.582440E-01     8.920740E-01     9.161434E-01     9.339368E-01     9.477522E-01     9.590947E-01     9.641288E-01     9.688855E-01     9.734231E-01     9.777880E-01     9.820147E-01     9.860812E-01     9.899155E-01     9.933613E-01     9.961883E-01     9.982370E-01     9.995266E-01     1.000000E+00     
22     0.000000E+00     6.015205E-03     2.250890E-02     4.714891E-02     7.786182E-02     1.128862E-01     1.507800E-01     2.314194E-01     3.124677E-01     3.899701E-01     4.617185E-01     5.266656E-01     5.845028E-01     6.353883E-01     7.384146E-01     8.094795E-01     8.582440E-01     8.920740E-01     9.161434E-01     9.339368E-01     9.477522E-01     9.590947E-01     9.641288E-01     9.688855E-01     9.734231E-01     9.777880E-01     9.820147E-01     9.860812E-01     9.899155E-01     9.933613E-01     9.961883E-01     9.982370E-01     9.995266E-01     1.000000E+00     
23     0.000000E+00     6.015205E-03     2.250890E-02     4.714891E-02     7.786182E-02     1.128862E-01     1.507800E-01     2.314194E-01     3.124677E-01     3.899701E-01     4.617185E-01     5.266656E-01     5.845028E-01     6.353883E-01     7.384146E-01     8.094795E-01     8.582440E-01     8.920740E-01     9.161434E-01     9.339368E-01     9.477522E-01     9.590947E-01     9.641288E-01     9.688855E-01     9.734231E-01     9.777880E-01     9.820147E-01     9.860812E-01     9.899155E-01     9.933613E-01     9.961883E-01     9.982370E-01     9.995266E-01     1.000000E+00     
24     0.000000E+00     6.015205E-03     2.250890E-02     4.714891E-02     7.786182E-02     1.128862E-01     1.507800E-01     2.314194E-01     3.124677E-01     3.899701E-01     4.617185E-01     5.266656E-01     5.845028E-01     6.353883E-01     7.384146E-01     8.094795E-01     8.582440E-01     8.920740E-01     9.161434E-01     9.339368E-01     9.477522E-01     9.590947E-01     9.641288E-01     9.688855E-01     9.734231E-01     9.777880E-01     9.820147E-01     9.860812E-01     9.899155E-01     9.933613E-01     9.961883E-01     9.982370E-01     9.995266E-01     1.000000E+00     
25     0.000000E+00     6.015205E-03     2.250890E-02     4.714891E-02     7.786182E-02     1.128862E-01     1.507800E-01     2.314194E-01     3.124677E-01     3.899701E-01     4.617185E-01     5.266656E-01     5.845028E-01     6.353883E-01     7.384146E-01     8.094795E-01     8.582440E-01     8.920740E-01     9.161434E-01     9.339368E-01     9.477522E-01     9.590947E-01     9.641288E-01     9.688855E-01     9.734231E-01     9.777880E-01     9.820147E-01     9.860812E-01     9.899155E-01     9.933613E-01     9.961883E-01     9.982370E-01     9.995266E-01     1.000000E+00     
26     0.000000E+00     6.015205E-03     2.250890E-02     4.714891E-02     7.786182E-02     1.128862E-01     1.507800E-01     2.314194E-01     3.124677E-01     3.899701E-01     4.617185E-01     5.266656E-01     5.845028E-01     6.353883E-01     7.384146E-01     8.094795E-01     8.582440E-01     8.920740E-01     9.161434E-01     9.339368E-01     9.477522E-01     9.590947E-01     9.641288E-01     9.688855E-01     9.734231E-01     9.777880E-01     9.820147E-01     9.860812E-01     9.899155E-01     9.933613E-01     9.961883E-01     9.982370E-01     9.995266E-01     1.000000E+00     
27     0.000000E+00     3.200467E-02     7.062788E-02     1.089022E-01     1.470549E-01     1.851834E-01     2.232094E-01     2.993907E-01     3.723857E-01     4.408829E-01     5.039603E-01     5.611866E-01     6.124464E-01     6.578592E-01     7.507015E-01     8.157659E-01     8.609608E-01     8.925531E-01     9.151092E-01     9.316744E-01     9.443390E-01     9.545837E-01     9.591221E-01     9.634315E-01     9.675906E-01     9.716948E-01     9.758400E-01     9.801266E-01     9.846368E-01     9.893157E-01     9.936330E-01     9.969434E-01     9.991625E-01     1.000000E+00     
28     0.000000E+00     5.724251E-02     1.173588E-01     1.688809E-01     2.142717E-01     2.554089E-01     2.935658E-01     3.654149E-01     4.305961E-01     4.903401E-01     5.449936E-01     5.947302E-01     6.395998E-01     6.796848E-01     7.626275E-01     8.218638E-01     8.636003E-01     8.930113E-01     9.140964E-01     9.294695E-01     9.410200E-01     9.501998E-01     9.542535E-01     9.581307E-01     9.619145E-01     9.657682E-01     9.698440E-01     9.743424E-01     9.794967E-01     9.853926E-01     9.911502E-01     9.956958E-01     9.988187E-01     1.000000E+00     
29     0.000000E+00     5.724251E-02     1.173588E-01     1.688809E-01     2.142717E-01     2.554089E-01     2.935658E-01     3.654149E-01     4.305961E-01     4.903401E-01     5.449936E-01     5.947302E-01     6.395998E-01     6.796848E-01     7.626275E-01     8.218638E-01     8.636003E-01     8.930113E-01     9.140964E-01     9.294695E-01     9.410200E-01     9.501998E-01     9.542535E-01     9.581307E-01     9.619145E-01     9.657682E-01     9.698440E-01     9.743424E-01     9.794967E-01     9.853926E-01     9.911502E-01     9.956958E-01     9.988187E-01     1.000000E+00     
30     0.000000E+00     5.724251E-02     1.173588E-01     1.688809E-01     2.142717E-01     2.554089E-01     2.935658E-01     3.654149E-01     4.305961E-01     4.903401E-01     5.449936E-01     5.947302E-01     6.395998E-01     6.796848E-01     7.626275E-01     8.218638E-01     8.636003E-01     8.930113E-01     9.140964E-01     9.294695E-01     9.410200E-01     9.501998E-01     9.542535E-01     9.581307E-01     9.619145E-01     9.657682E-01     9.698440E-01     9.743424E-01     9.794967E-01     9.853926E-01     9.911502E-01     9.956958E-01     9.988187E-01     1.000000E+00     
31     0.000000E+00     5.724251E-02     1.173588E-01     1.688809E-01     2.142717E-01     2.554089E-01     2.935658E-01     3.654149E-01     4.305961E-01     4.903401E-01     5.449936E-01     5.947302E-01     6.395998E-01     6.796848E-01     7.626275E-01     8.218638E-01     8.636003E-01     8.930113E-01     9.140964E-01     9.294695E-01     9.410200E-01     9.501998E-01     9.542535E-01     9.581307E-01     9.619145E-01     9.657682E-01     9.698440E-01     9.743424E-01     9.794967E-01     9.853926E-01     9.911502E-01     9.956958E-01     9.988187E-01     1.000000E+00     
32     0.000000E+00     5.724251E-02     1.173588E-01     1.688809E-01     2.142717E-01     2.554089E-01     2.935658E-01     3.654149E-01     4.305961E-01     4.903401E-01     5.449936E-01     5.947302E-01     6.395998E-01     6.796848E-01     7.626275E-01     8.218638E-01     8.636003E-01     8.930113E-01     9.140964E-01     9.294695E-01     9.410200E-01     9.501998E-01     9.542535E-01     9.581307E-01     9.619145E-01     9.657682E-01     9.698440E-01     9.743424E-01     9.794967E-01     9.853926E-01     9.911502E-01     9.956958E-01     9.988187E-01     1.000000E+00     
