-8.415	39.349	3.2597E-01	3
-8.371	39.347	3.1177E-01	0
-8.326	39.345	2.8424E-01	3
-8.282	39.343	2.6540E-01	0
-8.879	39.349	3.5515E-01	3
-8.832	39.347	3.6489E-01	3
-8.784	39.346	4.0053E-01	3
-8.737	39.344	4.1046E-01	3
-8.691	39.342	4.3787E-01	3
-8.645	39.341	4.4900E-01	3
-8.600	39.339	3.6194E-01	3
-8.555	39.337	3.5174E-01	3
-8.509	39.336	3.4555E-01	3
-8.463	39.334	3.5478E-01	3
-8.417	39.332	3.2844E-01	3
-8.373	39.330	3.2858E-01	3
-8.328	39.329	3.2066E-01	3
-8.284	39.327	3.2555E-01	3
-8.562	39.349	3.6700E-01	3
-8.516	39.347	3.3763E-01	3
-8.470	39.345	3.4788E-01	3
-8.423	39.343	3.3432E-01	3
-8.379	39.341	3.1144E-01	2
-8.335	39.339	3.1139E-01	3
-8.291	39.337	3.0765E-01	3
-8.982	39.349	3.6329E-01	3
-8.934	39.347	3.5576E-01	1
-8.887	39.345	3.5618E-01	3
-8.840	39.343	3.7820E-01	1
-8.792	39.342	4.1617E-01	3
-8.744	39.340	4.1463E-01	1
-8.699	39.338	4.5988E-01	3
-8.653	39.336	4.9405E-01	0
-8.608	39.334	4.0569E-01	3
-8.563	39.332	3.3864E-01	2
-8.517	39.330	3.4147E-01	3
-8.472	39.328	3.8312E-01	0
-8.426	39.326	3.5070E-01	3
-8.381	39.324	3.6345E-01	0
-8.336	39.322	3.2156E-01	3
-8.292	39.320	3.3191E-01	0
-9.230	39.341	3.2041E-01	3
-9.180	39.339	3.5611E-01	3
-9.130	39.337	3.3709E-01	3
-9.081	39.336	3.5411E-01	3
-9.031	39.334	3.3793E-01	3
-8.983	39.332	3.5694E-01	3
-8.936	39.330	3.3954E-01	3
-8.888	39.328	3.5118E-01	3
-8.841	39.327	3.8031E-01	3
-8.793	39.325	4.5015E-01	3
-8.746	39.323	4.3217E-01	3
-8.700	39.321	4.5998E-01	3
-8.654	39.319	4.5130E-01	3
-8.609	39.317	3.9006E-01	3
-8.564	39.315	3.2054E-01	3
-8.518	39.314	3.9068E-01	3
-8.472	39.312	3.6209E-01	3
-8.427	39.310	3.5118E-01	3
-8.382	39.308	3.4921E-01	2
-8.337	39.306	3.2278E-01	3
-8.292	39.304	3.1200E-01	3
-9.231	39.324	4.1773E-01	0
-9.181	39.322	3.8485E-01	3
-9.130	39.320	3.8653E-01	1
-9.082	39.318	3.7764E-01	3
-9.033	39.317	4.1049E-01	0
-8.983	39.315	3.6350E-01	3
-8.936	39.313	3.6827E-01	0
-8.889	39.311	3.6755E-01	3
-8.841	39.310	4.1141E-01	0
-8.794	39.308	4.4830E-01	3
-8.747	39.306	5.0089E-01	0
-8.701	39.304	4.6079E-01	3
-8.655	39.302	4.3859E-01	1
-8.610	39.301	3.8630E-01	3
-8.565	39.299	4.0645E-01	2
-8.519	39.297	3.9647E-01	3
-8.472	39.295	3.4787E-01	2
-8.427	39.293	3.3343E-01	3
-8.382	39.291	3.4254E-01	0
-8.338	39.289	3.2391E-01	3
-8.293	39.288	3.3706E-01	0
-9.230	39.306	3.5898E-01	3
-9.182	39.305	3.7842E-01	3
-9.131	39.303	3.8555E-01	3
-9.082	39.301	3.9888E-01	3
-9.033	39.300	3.8243E-01	3
-8.984	39.298	3.6677E-01	3
-8.938	39.296	3.7128E-01	3
-8.890	39.294	3.9539E-01	3
-8.842	39.293	4.0533E-01	3
-8.795	39.291	4.2520E-01	3
-8.749	39.289	4.4912E-01	3
-8.702	39.287	4.4725E-01	3
-8.657	39.286	4.3136E-01	3
-8.611	39.284	3.8107E-01	3
-8.565	39.282	4.2339E-01	3
-8.519	39.280	3.9714E-01	3
-8.473	39.278	3.4710E-01	3
-8.427	39.277	3.3409E-01	3
-8.383	39.275	3.2154E-01	3
-8.339	39.273	3.2784E-01	3
-8.295	39.271	3.3106E-01	3
-8.251	39.269	3.3476E-01	3
-9.231	39.289	3.9732E-01	1
-9.182	39.288	3.8553E-01	3
-9.133	39.286	4.1423E-01	0
-9.083	39.284	3.9683E-01	3
-9.034	39.283	3.8810E-01	1
-8.985	39.281	3.5506E-01	3
-8.938	39.279	3.7396E-01	0
-8.891	39.278	3.6982E-01	3
-8.844	39.276	3.9138E-01	1
-8.797	39.274	4.4444E-01	3
-8.750	39.272	4.5763E-01	2
-8.703	39.271	4.3797E-01	3
-8.658	39.269	3.9592E-01	1
-8.612	39.267	3.6554E-01	3
-8.566	39.266	4.0246E-01	2
-8.520	39.264	3.9711E-01	3
-8.474	39.262	3.3286E-01	2
-8.428	39.260	3.2351E-01	3
-8.384	39.258	3.5646E-01	0
-8.340	39.257	3.6158E-01	3
-8.296	39.255	3.4933E-01	0
-8.252	39.253	3.3972E-01	3
-9.231	39.272	3.9550E-01	3
-9.183	39.270	3.8212E-01	3
-9.134	39.269	3.7711E-01	3
-9.085	39.267	3.8834E-01	3
-9.035	39.265	3.7416E-01	3
-8.987	39.264	3.5466E-01	3
-8.939	39.262	3.3745E-01	3
-8.892	39.261	3.8012E-01	3
-8.844	39.259	4.2832E-01	3
-8.798	39.257	4.1456E-01	3
-8.751	39.256	4.2819E-01	3
-8.704	39.254	4.0566E-01	3
-8.659	39.252	3.5694E-01	3
-8.613	39.251	3.2868E-01	3
-8.567	39.249	4.0902E-01	3
-8.520	39.247	3.8401E-01	3
-8.475	39.245	3.6616E-01	3
-8.430	39.244	3.4026E-01	3
-8.385	39.242	3.4094E-01	3
-8.341	39.240	3.2832E-01	3
-8.297	39.238	3.0644E-01	3
-8.254	39.237	3.3565E-01	3
-9.236	39.339	3.9412E-01	0
-9.187	39.337	3.6287E-01	3
-9.135	39.335	3.9761E-01	0
-9.087	39.333	3.5810E-01	3
-9.037	39.331	3.9941E-01	0
-8.989	39.329	3.7238E-01	3
-8.942	39.327	3.7596E-01	0
-8.894	39.324	3.5854E-01	3
-8.847	39.322	3.8628E-01	0
-8.799	39.320	4.4919E-01	3
-8.752	39.318	4.6626E-01	0
-8.706	39.316	4.4577E-01	3
-8.661	39.314	4.6048E-01	0
-8.615	39.312	4.0412E-01	3
-8.570	39.310	3.5736E-01	0
-8.524	39.308	3.9051E-01	3
-8.478	39.306	3.7459E-01	0
-8.432	39.303	3.4018E-01	3
-8.388	39.301	3.5118E-01	0
-8.343	39.299	3.2727E-01	3
-8.299	39.297	3.4371E-01	0
-8.255	39.295	2.9463E-01	3
-9.236	39.322	3.8016E-01	3
-9.187	39.320	3.9050E-01	3
-9.135	39.318	3.9177E-01	3
-9.087	39.316	3.8603E-01	3
-9.039	39.314	3.8117E-01	3
-8.990	39.312	3.7220E-01	3
-8.942	39.310	3.3914E-01	3
-8.895	39.308	3.7105E-01	3
-8.847	39.305	4.0753E-01	3
-8.800	39.303	4.4119E-01	3
-8.753	39.301	4.9026E-01	3
-8.707	39.299	4.7478E-01	3
-8.661	39.297	4.4932E-01	3
-8.616	39.295	3.7262E-01	3
-8.571	39.293	4.1332E-01	3
-8.525	39.291	4.1068E-01	3
-8.478	39.289	3.5106E-01	3
-8.433	39.287	3.3786E-01	3
-8.388	39.285	3.2157E-01	3
-8.344	39.283	3.2125E-01	3
-8.300	39.281	3.0607E-01	3
-8.256	39.279	3.2448E-01	3
-9.236	39.304	3.9878E-01	0
-9.188	39.302	3.8158E-01	3
-9.137	39.300	4.1619E-01	0
-9.088	39.298	4.0183E-01	3
-9.039	39.296	4.1109E-01	0
-8.990	39.294	3.6980E-01	3
-8.943	39.293	3.9682E-01	0
-8.896	39.291	3.9803E-01	3
-8.849	39.289	4.3641E-01	0
-8.801	39.287	4.2940E-01	3
-8.755	39.285	4.7752E-01	0
-8.708	39.283	4.4586E-01	3
-8.663	39.281	4.3786E-01	1
-8.617	39.279	3.9782E-01	3
-8.571	39.277	4.0821E-01	2
-8.526	39.275	3.9246E-01	3
-8.480	39.272	3.6206E-01	0
-8.434	39.270	3.2556E-01	3
-8.389	39.268	3.3547E-01	0
-8.345	39.266	3.4320E-01	3
-8.301	39.264	3.5870E-01	0
-8.257	39.262	3.3982E-01	3
-9.236	39.287	4.0095E-01	3
-9.188	39.285	3.9161E-01	3
-9.139	39.283	3.7661E-01	3
-9.089	39.281	3.9676E-01	3
-9.040	39.279	3.8666E-01	3
-8.991	39.277	3.5946E-01	3
-8.944	39.276	3.4115E-01	3
-8.897	39.274	3.6693E-01	3
-8.850	39.272	3.8610E-01	3
-8.803	39.270	4.3970E-01	3
-8.756	39.268	4.5659E-01	3
-8.709	39.266	4.3135E-01	3
-8.664	39.264	3.8074E-01	3
-8.618	39.262	3.3724E-01	3
-8.572	39.260	4.0358E-01	3
-8.526	39.258	4.0929E-01	3
-8.480	39.256	3.4553E-01	3
-8.435	39.254	3.2811E-01	3
-8.390	39.252	3.5137E-01	3
-8.347	39.250	3.4733E-01	3
-8.302	39.248	3.2747E-01	3
-8.259	39.246	3.3239E-01	3
-9.237	39.270	4.3274E-01	0
-9.189	39.268	3.8362E-01	3
-9.140	39.266	3.7646E-01	1
-9.090	39.264	3.8967E-01	3
-9.041	39.262	3.7594E-01	2
-8.992	39.260	3.5885E-01	3
-8.945	39.259	3.4166E-01	1
-8.898	39.257	3.7323E-01	3
-8.850	39.255	4.7472E-01	0
-8.803	39.253	4.0826E-01	3
-8.757	39.251	3.9145E-01	1
-8.710	39.249	4.0638E-01	3
-8.665	39.247	3.5529E-01	0
-8.619	39.245	3.3598E-01	3
-8.573	39.243	4.1108E-01	2
-8.526	39.241	3.7424E-01	3
-8.481	39.239	3.5515E-01	1
-8.436	39.237	3.4954E-01	3
-8.391	39.235	3.5437E-01	0
-8.347	39.234	3.3527E-01	3
-8.303	39.232	3.3043E-01	0
-8.260	39.230	3.4599E-01	3
-9.239	39.252	4.0940E-01	3
-9.190	39.251	3.8727E-01	3
-9.141	39.249	3.8627E-01	3
-9.091	39.247	3.9965E-01	3
-9.041	39.245	3.9136E-01	3
-8.993	39.243	3.7354E-01	3
-8.946	39.242	3.6748E-01	3
-8.898	39.240	3.9998E-01	3
-8.851	39.238	4.6544E-01	3
-8.804	39.236	4.1551E-01	3
-8.758	39.234	3.7918E-01	3
-8.711	39.232	3.8965E-01	3
-8.665	39.230	3.4112E-01	3
-8.620	39.229	3.7600E-01	3
-8.574	39.227	4.0510E-01	3
-8.528	39.225	3.5931E-01	3
-8.482	39.223	3.8859E-01	3
-8.437	39.221	3.9882E-01	3
-8.393	39.219	3.5199E-01	3
-8.348	39.217	3.0904E-01	3
-8.305	39.215	3.4875E-01	3
-8.261	39.213	3.2809E-01	3
-9.240	39.235	4.3659E-01	0
-9.190	39.233	3.8164E-01	3
-9.141	39.232	3.8511E-01	2
-9.092	39.230	4.0529E-01	3
-9.042	39.228	4.2458E-01	0
-8.994	39.226	3.9231E-01	3
-8.947	39.225	3.8518E-01	0
-8.900	39.223	3.9768E-01	3
-8.852	39.221	4.2840E-01	0
-8.805	39.219	3.9977E-01	3
-8.758	39.217	4.1875E-01	0
-8.713	39.216	4.3194E-01	3
-8.667	39.214	4.1470E-01	0
-8.621	39.212	3.9220E-01	3
-8.575	39.210	4.2349E-01	2
-8.528	39.208	3.6841E-01	3
-8.483	39.206	3.3846E-01	2
-8.438	39.204	3.3273E-01	3
-8.394	39.203	3.4460E-01	0
-8.350	39.201	3.3104E-01	3
-8.306	39.199	3.3711E-01	0
-8.261	39.197	3.1443E-01	3
-9.242	39.218	3.9065E-01	3
-9.191	39.216	3.6720E-01	3
-9.142	39.214	3.5134E-01	3
-9.093	39.213	4.1215E-01	3
-9.041	39.211	3.8820E-01	3
-8.994	39.209	3.8606E-01	3
-8.948	39.208	4.0636E-01	3
-8.900	39.206	4.0808E-01	3
-8.853	39.204	4.0848E-01	3
-8.806	39.202	3.6867E-01	3
-8.759	39.201	3.9976E-01	3
-8.714	39.199	3.7746E-01	3
-8.668	39.197	3.7066E-01	3
-8.621	39.195	4.3636E-01	3
-8.575	39.193	4.2712E-01	3
-8.529	39.192	3.9286E-01	3
-8.484	39.190	3.4417E-01	3
-8.440	39.188	3.5425E-01	3
-8.395	39.186	3.5694E-01	3
-8.351	39.184	3.4932E-01	3
-8.307	39.182	3.2002E-01	3
-8.262	39.181	3.3630E-01	3
-9.242	39.201	4.0251E-01	2
-9.192	39.199	3.8048E-01	3
-9.142	39.197	3.5105E-01	1
-9.092	39.196	4.0409E-01	3
-9.040	39.194	3.5141E-01	2
-8.995	39.192	3.5172E-01	3
-8.949	39.191	4.0396E-01	0
-8.901	39.189	3.8263E-01	3
-8.853	39.187	4.2563E-01	0
-8.806	39.185	4.2054E-01	3
-8.760	39.184	3.9984E-01	2
-8.715	39.182	3.4884E-01	3
-8.669	39.180	3.5511E-01	2
-8.622	39.179	4.3627E-01	3
-8.576	39.177	4.0306E-01	2
-8.530	39.175	3.6955E-01	3
-8.486	39.173	3.5937E-01	2
-8.440	39.171	3.2389E-01	3
-8.396	39.170	3.2352E-01	0
-8.351	39.168	3.1447E-01	3
-8.307	39.166	3.5303E-01	0
-8.263	39.164	3.6231E-01	3
-9.243	39.183	3.8057E-01	3
-9.193	39.182	3.7590E-01	3
-9.143	39.180	3.4924E-01	3
-9.090	39.178	3.7527E-01	3
-9.039	39.177	3.5556E-01	3
-8.997	39.175	3.6466E-01	3
-8.950	39.174	3.4935E-01	3
-8.902	39.172	4.0074E-01	3
-8.854	39.170	4.4410E-01	2
-8.808	39.169	4.2392E-01	3
-8.762	39.167	3.7217E-01	2
-8.716	39.165	3.5058E-01	3
-8.670	39.164	3.8535E-01	3
-8.623	39.162	4.2935E-01	3
-8.576	39.160	3.8999E-01	2
-8.532	39.158	3.9279E-01	3
-8.486	39.157	3.3667E-01	2
-8.441	39.155	3.1967E-01	3
-8.396	39.153	3.2341E-01	2
-8.352	39.151	3.2090E-01	3
-8.308	39.150	3.7068E-01	3
-8.265	39.148	3.6168E-01	3
-9.247	39.251	4.1510E-01	2
-9.197	39.248	3.9710E-01	3
-9.149	39.246	3.9837E-01	0
-9.099	39.244	4.0024E-01	3
-9.050	39.242	4.1147E-01	0
-9.001	39.240	3.8104E-01	3
-8.954	39.238	3.8841E-01	0
-8.906	39.236	3.9611E-01	3
-8.859	39.234	4.6726E-01	2
-8.812	39.232	4.3002E-01	3
-8.766	39.230	4.0413E-01	2
-8.720	39.228	4.1539E-01	3
-8.674	39.226	3.8041E-01	1
-8.628	39.224	3.7825E-01	3
-8.582	39.221	4.1984E-01	0
-8.536	39.219	3.7320E-01	3
-8.491	39.217	3.8747E-01	0
-8.446	39.215	3.9289E-01	3
-8.401	39.213	3.5803E-01	2
-8.357	39.211	3.1668E-01	3
-8.313	39.209	3.4765E-01	3
-8.269	39.206	3.2881E-01	3
-9.249	39.233	4.2852E-01	3
-9.198	39.231	3.9523E-01	3
-9.149	39.229	3.8654E-01	3
-9.100	39.227	4.0748E-01	3
-9.050	39.225	4.2010E-01	3
-9.001	39.223	3.9895E-01	3
-8.955	39.221	3.9126E-01	3
-8.908	39.219	3.8885E-01	3
-8.860	39.217	4.1196E-01	3
-8.813	39.215	3.8902E-01	3
-8.766	39.213	3.9721E-01	3
-8.721	39.211	4.2662E-01	3
-8.675	39.209	3.9496E-01	3
-8.629	39.207	3.9416E-01	3
-8.583	39.205	4.3888E-01	2
-8.536	39.203	3.9792E-01	3
-8.491	39.201	3.4520E-01	3
-8.447	39.198	3.3222E-01	3
-8.402	39.196	3.3967E-01	3
-8.358	39.194	3.4508E-01	3
-8.314	39.192	3.3078E-01	3
-8.270	39.190	3.1997E-01	3
-9.250	39.216	4.2487E-01	0
-9.199	39.214	3.7301E-01	3
-9.150	39.212	3.7186E-01	0
-9.101	39.210	4.0775E-01	3
-9.049	39.208	4.0385E-01	0
-9.002	39.206	3.7644E-01	3
-8.956	39.204	4.1759E-01	0
-8.908	39.202	4.0462E-01	3
-8.861	39.200	4.1650E-01	2
-8.813	39.198	3.8203E-01	3
-8.767	39.196	4.0440E-01	1
-8.722	39.194	3.7631E-01	3
-8.676	39.192	3.6732E-01	0
-8.630	39.190	4.4639E-01	3
-8.583	39.188	4.2156E-01	1
-8.537	39.186	3.9320E-01	3
-8.493	39.184	3.6297E-01	0
-8.448	39.182	3.5893E-01	3
-8.404	39.180	3.6340E-01	0
-8.359	39.178	3.4622E-01	3
-8.315	39.176	3.2811E-01	2
-8.271	39.174	3.4877E-01	3
-9.250	39.199	4.0607E-01	3
-9.200	39.197	4.0110E-01	3
-9.150	39.195	3.5464E-01	3
-9.100	39.193	3.9836E-01	3
-9.046	39.191	3.6000E-01	2
-9.002	39.189	3.4832E-01	3
-8.957	39.187	3.8600E-01	2
-8.909	39.185	3.8309E-01	3
-8.861	39.183	4.2528E-01	2
-8.814	39.181	4.2412E-01	3
-8.768	39.179	4.0969E-01	3
-8.723	39.177	3.5625E-01	3
-8.677	39.176	3.4972E-01	3
-8.630	39.174	4.3058E-01	3
-8.584	39.171	4.0913E-01	3
-8.538	39.169	3.8611E-01	3
-8.494	39.168	3.6190E-01	3
-8.448	39.165	3.2369E-01	3
-8.403	39.163	3.1773E-01	3
-8.359	39.161	3.1281E-01	3
-8.315	39.159	3.5151E-01	3
-8.272	39.157	3.8240E-01	3
-9.201	39.180	3.7902E-01	3
-9.151	39.178	3.8020E-01	0
-9.098	39.176	3.8471E-01	3
-9.046	39.174	3.9053E-01	0
-9.004	39.172	3.7900E-01	3
-8.958	39.170	3.6434E-01	0
-8.910	39.168	4.0071E-01	3
-8.862	39.166	4.4813E-01	2
-8.816	39.164	4.3078E-01	3
-8.769	39.163	3.7925E-01	2
-8.724	39.161	3.5378E-01	3
-8.678	39.159	3.8942E-01	0
-8.631	39.157	4.4145E-01	3
-8.584	39.155	3.9764E-01	0
-8.540	39.153	3.9241E-01	3
-8.495	39.151	3.5727E-01	0
-8.449	39.149	3.2477E-01	3
-8.405	39.147	3.3260E-01	1
-8.361	39.145	3.3195E-01	3
-8.316	39.143	3.6747E-01	1
-8.273	39.141	3.6665E-01	3
-9.202	39.162	3.4298E-01	3
-9.152	39.160	3.6064E-01	1
-9.101	39.159	4.1055E-01	3
-9.053	39.157	4.1002E-01	2
-9.006	39.155	3.9417E-01	3
-8.958	39.153	3.6314E-01	2
-8.911	39.151	4.1689E-01	3
-8.863	39.149	4.1646E-01	3
-8.817	39.148	4.2462E-01	3
-8.771	39.146	3.9387E-01	3
-8.725	39.144	3.4066E-01	3
-8.678	39.142	3.8932E-01	3
-8.632	39.140	4.1897E-01	3
-8.585	39.138	3.4232E-01	3
-8.541	39.136	3.6530E-01	3
-8.496	39.134	3.4351E-01	1
-8.451	39.132	3.3559E-01	3
-8.406	39.131	3.5544E-01	3
-8.362	39.129	3.7060E-01	3
-8.317	39.127	3.4194E-01	3
-8.274	39.125	3.3149E-01	3
-9.203	39.145	3.4674E-01	3
-9.151	39.143	4.0634E-01	0
-9.101	39.141	4.0030E-01	3
-9.055	39.140	4.5401E-01	0
-9.007	39.138	4.2531E-01	3
-8.960	39.136	3.9954E-01	0
-8.912	39.134	4.2765E-01	3
-8.864	39.133	4.3711E-01	2
-8.818	39.131	4.0753E-01	3
-8.772	39.129	3.8933E-01	0
-8.726	39.127	3.6929E-01	3
-8.679	39.125	4.5088E-01	0
-8.633	39.123	4.1831E-01	3
-8.587	39.122	3.5776E-01	0
-8.542	39.120	3.7343E-01	3
-8.497	39.118	3.5531E-01	2
-8.452	39.116	3.4548E-01	3
-8.407	39.114	3.5632E-01	2
-8.363	39.112	3.7127E-01	3
-8.319	39.110	3.4577E-01	2
-8.275	39.108	3.0497E-01	3
-9.203	39.128	3.5657E-01	3
-9.151	39.126	3.9876E-01	2
-9.103	39.124	4.2463E-01	3
-9.056	39.123	3.9699E-01	3
-9.008	39.121	3.7225E-01	3
-8.961	39.119	3.4980E-01	2
-8.913	39.117	3.9612E-01	3
-8.865	39.116	4.0856E-01	3
-8.819	39.114	4.0229E-01	3
-8.773	39.112	3.5246E-01	3
-8.727	39.110	3.1858E-01	3
-8.680	39.109	3.3950E-01	3
-8.634	39.107	3.5016E-01	3
-8.588	39.105	3.8691E-01	2
-8.542	39.103	3.8033E-01	3
-8.497	39.101	3.5244E-01	2
-8.452	39.099	3.6502E-01	3
-8.407	39.098	3.5814E-01	3
-8.363	39.096	3.5590E-01	3
-8.320	39.094	3.1270E-01	3
-8.276	39.092	3.1456E-01	3
-9.203	39.111	3.7832E-01	3
-9.152	39.109	4.2475E-01	0
-9.105	39.107	4.1254E-01	3
-9.056	39.106	4.2983E-01	1
-9.008	39.104	3.6846E-01	3
-8.962	39.102	4.1461E-01	0
-8.914	39.100	3.6928E-01	3
-8.867	39.099	3.8420E-01	0
-8.820	39.097	3.4919E-01	3
-8.774	39.095	3.3750E-01	0
-8.727	39.094	3.4002E-01	3
-8.681	39.092	3.8504E-01	0
-8.635	39.090	3.6007E-01	3
-8.589	39.088	3.4338E-01	0
-8.543	39.087	3.9168E-01	3
-8.498	39.085	3.6727E-01	2
-8.453	39.083	3.8415E-01	3
-8.409	39.081	3.5910E-01	2
-8.364	39.079	3.1506E-01	3
-8.321	39.078	3.0920E-01	2
-8.277	39.076	3.1251E-01	3
-9.204	39.093	3.9002E-01	3
-9.154	39.092	4.0234E-01	3
-9.106	39.090	4.0212E-01	3
-9.057	39.088	3.8258E-01	3
-9.009	39.087	4.0563E-01	3
-8.963	39.085	3.9399E-01	3
-8.915	39.084	3.8503E-01	3
-8.868	39.082	3.8002E-01	3
-8.822	39.080	3.2640E-01	3
-8.775	39.079	3.1264E-01	3
-8.728	39.077	3.6720E-01	3
-8.682	39.075	3.9628E-01	3
-8.636	39.073	3.7641E-01	3
-8.590	39.072	3.5028E-01	2
-8.545	39.070	3.5303E-01	3
-8.499	39.068	3.4494E-01	2
-8.454	39.066	3.4550E-01	3
-8.409	39.065	3.4380E-01	3
-8.366	39.063	3.2514E-01	3
-8.322	39.061	3.2189E-01	3
-8.279	39.059	3.3167E-01	3
-9.208	39.160	3.4564E-01	3
-9.158	39.158	3.8954E-01	0
-9.106	39.156	4.1114E-01	3
-9.059	39.154	4.5131E-01	0
-9.012	39.152	4.1314E-01	3
-8.964	39.149	4.0108E-01	0
-8.917	39.147	4.2777E-01	3
-8.869	39.145	4.1757E-01	1
-8.823	39.143	4.1707E-01	3
-8.777	39.141	3.9763E-01	2
-8.731	39.139	3.5101E-01	3
-8.685	39.137	3.9651E-01	2
-8.638	39.135	4.2570E-01	3
-8.592	39.133	3.5687E-01	0
-8.547	39.131	3.6022E-01	3
-8.502	39.128	3.6599E-01	0
-8.457	39.126	3.4524E-01	3
-8.413	39.124	3.6189E-01	1
-8.368	39.122	3.6728E-01	3
-8.324	39.120	3.4859E-01	2
-8.280	39.118	3.2467E-01	3
-9.209	39.143	3.6108E-01	3
-9.157	39.140	3.8053E-01	2
-9.107	39.138	3.9766E-01	3
-9.061	39.137	4.1639E-01	2
-9.013	39.135	4.2842E-01	3
-8.966	39.132	3.6791E-01	3
-8.918	39.130	4.2467E-01	3
-8.870	39.128	4.4127E-01	2
-8.824	39.126	4.1031E-01	3
-8.778	39.124	3.7416E-01	3
-8.732	39.122	3.6470E-01	3
-8.685	39.120	4.1996E-01	2
-8.639	39.118	4.1269E-01	3
-8.594	39.116	3.7043E-01	2
-8.548	39.114	3.7826E-01	3
-8.503	39.112	3.5251E-01	2
-8.458	39.110	3.3753E-01	3
-8.413	39.108	3.4866E-01	3
-8.369	39.105	3.8357E-01	3
-8.325	39.103	3.3089E-01	3
-8.282	39.101	3.0122E-01	3
-9.209	39.125	3.5179E-01	3
-9.157	39.123	4.2581E-01	0
-9.109	39.121	4.2363E-01	3
-9.061	39.119	4.3714E-01	0
-9.013	39.117	3.6885E-01	3
-8.967	39.116	3.8040E-01	0
-8.918	39.113	3.7369E-01	3
-8.871	39.111	4.0047E-01	2
-8.825	39.109	3.9731E-01	3
-8.779	39.108	3.5930E-01	2
-8.733	39.106	3.1618E-01	3
-8.686	39.103	3.3731E-01	0
-8.640	39.101	3.3667E-01	3
-8.594	39.099	3.6414E-01	1
-8.548	39.097	3.9497E-01	3
-8.503	39.095	3.7932E-01	0
-8.458	39.093	3.8985E-01	3
-8.414	39.091	3.7906E-01	0
-8.369	39.089	3.3026E-01	3
-8.326	39.087	3.1278E-01	2
-8.283	39.085	3.2997E-01	3
-9.209	39.108	3.8555E-01	3
-9.157	39.106	3.9644E-01	2
-9.111	39.104	4.2076E-01	3
-9.063	39.102	4.2266E-01	3
-9.013	39.100	3.8480E-01	3
-8.968	39.099	3.9504E-01	3
-8.920	39.097	3.8629E-01	3
-8.872	39.095	3.5680E-01	2
-8.826	39.093	3.4713E-01	3
-8.780	39.091	3.0878E-01	3
-8.733	39.089	3.3459E-01	3
-8.687	39.087	3.9335E-01	2
-8.641	39.085	3.7989E-01	3
-8.595	39.083	3.2458E-01	2
-8.550	39.081	3.8283E-01	3
-8.504	39.079	3.5116E-01	3
-8.459	39.077	3.6334E-01	3
-8.415	39.075	3.4990E-01	3
-8.371	39.073	3.1589E-01	3
-8.327	39.071	3.1448E-01	3
-8.283	39.069	3.1845E-01	3
-9.210	39.091	3.8221E-01	3
-9.160	39.089	4.3421E-01	0
-9.112	39.087	4.0464E-01	3
-9.063	39.085	4.1643E-01	0
-9.014	39.083	4.0413E-01	3
-8.969	39.082	4.2589E-01	0
-8.921	39.080	3.8778E-01	3
-8.873	39.078	3.9346E-01	2
-8.827	39.076	3.2462E-01	3
-8.781	39.074	3.1565E-01	2
-8.734	39.072	3.7576E-01	3
-8.688	39.070	3.9394E-01	0
-8.642	39.068	3.6882E-01	3
-8.596	39.066	3.6097E-01	0
-8.551	39.064	3.5144E-01	3
-8.506	39.062	3.5846E-01	0
-8.460	39.060	3.5173E-01	3
-8.415	39.058	3.5158E-01	0
-8.372	39.056	3.2933E-01	3
-8.328	39.054	3.2913E-01	1
-8.285	39.052	3.4251E-01	3
-9.211	39.074	3.5823E-01	3
-9.161	39.072	3.9750E-01	2
-9.112	39.070	4.0696E-01	3
-9.064	39.068	3.8508E-01	3
-9.016	39.066	4.0113E-01	3
-8.970	39.065	4.2614E-01	1
-8.922	39.063	3.9874E-01	3
-8.875	39.061	4.2318E-01	1
-8.828	39.059	3.3384E-01	3
-8.782	39.057	3.0212E-01	3
-8.735	39.055	4.0497E-01	3
-8.689	39.053	4.0424E-01	3
-8.642	39.051	3.5866E-01	3
-8.597	39.049	3.1173E-01	3
-8.551	39.048	3.5194E-01	3
-8.506	39.046	3.6519E-01	3
-8.461	39.044	3.7097E-01	3
-8.417	39.042	3.3061E-01	3
-8.373	39.040	3.2351E-01	3
-8.329	39.038	3.3291E-01	3
-8.286	39.036	3.3080E-01	3
-9.212	39.056	4.0448E-01	3
-9.162	39.055	4.3593E-01	0
-9.112	39.053	4.0901E-01	3
-9.063	39.051	4.2949E-01	0
-9.016	39.049	3.9833E-01	3
-8.971	39.048	4.0848E-01	0
-8.923	39.046	3.7186E-01	3
-8.876	39.044	3.3351E-01	2
-8.829	39.042	3.0588E-01	3
-8.783	39.040	3.6346E-01	0
-8.736	39.038	3.8151E-01	3
-8.689	39.037	4.0723E-01	0
-8.643	39.035	3.5550E-01	3
-8.597	39.033	3.2742E-01	0
-8.552	39.031	3.6984E-01	3
-8.507	39.029	3.3477E-01	2
-8.462	39.027	3.5864E-01	3
-8.418	39.025	3.1923E-01	2
-8.375	39.023	3.1993E-01	3
-8.331	39.022	3.3399E-01	2
-8.288	39.020	3.5991E-01	3
-9.211	39.039	4.0837E-01	3
-9.162	39.037	4.0469E-01	3
-9.111	39.036	4.2505E-01	3
-9.063	39.034	4.1531E-01	1
-9.017	39.032	4.0789E-01	3
-8.972	39.031	4.0326E-01	1
-8.924	39.029	2.7475E-01	3
-8.877	39.027	2.2851E-01	1
-8.830	39.025	2.8093E-01	3
-8.783	39.023	3.8071E-01	3
-8.737	39.022	3.9449E-01	3
-8.691	39.020	3.5619E-01	3
-8.644	39.018	3.2429E-01	3
-8.598	39.016	3.3204E-01	3
-8.553	39.014	3.6382E-01	3
-8.508	39.013	3.3674E-01	3
-8.464	39.011	3.4409E-01	3
-8.420	39.009	3.3383E-01	3
-8.376	39.007	3.4344E-01	3
-8.333	39.005	3.9991E-01	3
-8.289	39.003	4.0608E-01	3
-9.212	39.022	3.9395E-01	3
-9.162	39.020	4.3990E-01	0
-9.112	39.018	4.3158E-01	3
-9.065	39.017	4.3466E-01	1
-9.018	39.015	4.0580E-01	3
-8.972	39.014	4.0395E-01	0
-8.925	39.012	2.7858E-01	3
-8.878	39.010	3.3730E-01	0
-8.831	39.008	3.1783E-01	3
-8.784	39.007	4.2427E-01	0
-8.738	39.005	4.1997E-01	3
-8.692	39.003	3.7338E-01	0
-8.645	39.001	4.1367E-01	3
-8.599	39.000	3.5546E-01	0
-8.554	38.998	3.5546E-01	3
-8.509	38.996	3.6466E-01	2
-8.466	38.994	3.8328E-01	3
-8.422	38.993	3.9175E-01	2
-8.378	38.991	3.9904E-01	3
-8.333	38.989	4.0114E-01	2
-8.290	38.987	4.1928E-01	3
-9.213	39.005	4.3414E-01	3
-9.162	39.003	4.2306E-01	3
-9.115	39.001	4.1887E-01	3
-9.067	39.000	4.4795E-01	3
-9.020	38.998	4.2457E-01	3
-8.973	38.997	3.7243E-01	2
-8.926	38.995	2.6666E-01	3
-8.879	38.993	3.0194E-01	3
-8.832	38.992	3.3537E-01	3
-8.785	38.990	3.6800E-01	3
-8.738	38.988	4.2430E-01	3
-8.692	38.986	3.7425E-01	3
-8.646	38.985	3.4061E-01	3
-8.601	38.983	3.7056E-01	3
-8.555	38.981	3.6419E-01	3
-8.511	38.980	3.8164E-01	3
-8.467	38.978	4.0941E-01	3
-8.422	38.976	3.8159E-01	3
-8.378	38.974	3.3736E-01	3
-8.334	38.972	3.4096E-01	3
-8.290	38.971	3.5576E-01	3
-9.219	39.072	3.6850E-01	3
-9.169	39.069	4.1059E-01	0
-9.120	39.067	4.0627E-01	3
-9.071	39.065	4.2144E-01	0
-9.024	39.063	3.9907E-01	3
-8.978	39.061	4.3898E-01	0
-8.930	39.059	3.9325E-01	3
-8.883	39.057	4.3419E-01	0
-8.837	39.055	3.4452E-01	3
-8.790	39.053	3.0294E-01	0
-8.743	39.051	4.0314E-01	3
-8.697	39.049	4.2768E-01	0
-8.651	39.046	3.7059E-01	3
-8.605	39.044	3.1844E-01	2
-8.559	39.042	3.5676E-01	3
-8.514	39.040	3.5732E-01	1
-8.470	39.038	3.6859E-01	3
-8.425	39.036	3.4362E-01	0
-8.382	39.034	3.3030E-01	3
-8.338	39.031	3.4572E-01	0
-8.295	39.029	3.4465E-01	3
-8.252	39.027	3.6141E-01	0
-9.220	39.054	4.1568E-01	3
-9.170	39.052	4.2728E-01	1
-9.120	39.050	4.1889E-01	3
-9.071	39.048	4.1750E-01	1
-9.024	39.046	4.1087E-01	3
-8.979	39.044	4.0014E-01	3
-8.931	39.042	3.8316E-01	3
-8.884	39.040	3.0343E-01	3
-8.837	39.038	3.0112E-01	3
-8.791	39.036	3.5541E-01	3
-8.744	39.034	3.7468E-01	3
-8.698	39.032	3.8698E-01	3
-8.651	39.030	3.6067E-01	3
-8.605	39.028	3.2134E-01	3
-8.560	39.025	3.6361E-01	3
-8.515	39.023	3.3284E-01	3
-8.471	39.021	3.5581E-01	3
-8.427	39.019	3.2073E-01	3
-8.383	39.017	3.2625E-01	3
-8.340	39.015	3.5400E-01	3
-8.296	39.013	3.7761E-01	3
-8.253	39.011	3.3657E-01	3
-9.219	39.037	4.0998E-01	3
-9.170	39.035	4.4419E-01	0
-9.119	39.033	4.3636E-01	3
-9.071	39.031	4.3563E-01	0
-9.025	39.029	4.0960E-01	3
-8.979	39.027	4.2381E-01	0
-8.933	39.025	2.8199E-01	3
-8.885	39.023	2.4713E-01	0
-8.838	39.021	2.9197E-01	3
-8.791	39.019	3.7828E-01	1
-8.745	39.017	4.1333E-01	3
-8.699	39.015	3.6335E-01	1
-8.652	39.013	3.5409E-01	3
-8.606	39.011	3.3997E-01	2
-8.562	39.009	3.7083E-01	3
-8.516	39.007	3.6607E-01	0
-8.472	39.005	3.5755E-01	3
-8.429	39.003	3.7138E-01	0
-8.385	39.001	3.5903E-01	3
-8.341	38.999	4.1812E-01	0
-8.298	38.997	4.3905E-01	3
-8.254	38.995	3.9779E-01	0
-9.220	39.020	4.0134E-01	3
-9.170	39.018	4.1083E-01	3
-9.121	39.016	4.3919E-01	3
-9.073	39.014	4.4420E-01	1
-9.026	39.012	4.2332E-01	3
-8.980	39.010	3.9712E-01	3
-8.933	39.008	2.9054E-01	3
-8.886	39.006	3.2734E-01	3
-8.839	39.004	3.1467E-01	3
-8.792	39.002	3.8387E-01	3
-8.746	39.000	4.2749E-01	3
-8.700	38.998	3.5003E-01	3
-8.653	38.996	3.8843E-01	3
-8.608	38.994	3.6030E-01	3
-8.563	38.992	3.5676E-01	3
-8.518	38.990	3.7493E-01	3
-8.474	38.988	3.8213E-01	3
-8.430	38.986	4.0405E-01	3
-8.385	38.984	3.8653E-01	3
-8.341	38.982	3.6599E-01	3
-8.298	38.980	3.8792E-01	3
-8.255	38.978	3.7654E-01	3
-9.222	39.003	4.3238E-01	3
-9.170	39.001	4.6069E-01	0
-9.121	38.999	4.1842E-01	3
-9.075	38.997	4.5190E-01	0
-9.028	38.995	4.3506E-01	3
-8.980	38.993	3.9438E-01	0
-8.934	38.991	2.8442E-01	3
-8.887	38.989	2.9976E-01	0
-8.840	38.987	3.5499E-01	3
-8.793	38.986	3.6746E-01	1
-8.747	38.984	4.2305E-01	3
-8.700	38.982	4.3509E-01	0
-8.654	38.980	3.7372E-01	3
-8.609	38.978	3.6905E-01	2
-8.564	38.976	3.6680E-01	3
-8.519	38.974	3.9467E-01	0
-8.475	38.972	4.1060E-01	3
-8.431	38.970	3.8888E-01	0
-8.386	38.968	3.4963E-01	3
-8.342	38.966	3.4559E-01	0
-8.298	38.964	3.4138E-01	3
-8.255	38.962	3.5232E-01	0
-9.222	38.985	4.3466E-01	3
-9.170	38.983	4.2692E-01	3
-9.121	38.981	4.1633E-01	3
-9.075	38.980	4.0013E-01	3
-9.028	38.978	4.0492E-01	3
-8.981	38.976	3.5373E-01	3
-8.935	38.974	2.5303E-01	3
-8.888	38.972	3.1667E-01	3
-8.841	38.971	3.9038E-01	3
-8.794	38.969	4.0759E-01	3
-8.748	38.967	3.5779E-01	3
-8.701	38.965	3.7578E-01	3
-8.655	38.963	3.5220E-01	3
-8.610	38.961	3.6262E-01	3
-8.565	38.959	3.5529E-01	3
-8.520	38.957	3.5588E-01	2
-8.476	38.955	4.3157E-01	3
-8.431	38.953	3.8290E-01	3
-8.387	38.951	3.4651E-01	3
-8.343	38.949	3.4884E-01	2
-8.299	38.948	3.5027E-01	3
-8.256	38.946	3.3517E-01	3
-9.222	38.968	4.2168E-01	3
-9.171	38.966	4.5843E-01	0
-9.122	38.964	4.1868E-01	3
-9.074	38.963	4.2174E-01	0
-9.028	38.961	4.2505E-01	3
-8.983	38.959	3.6259E-01	0
-8.936	38.957	3.2902E-01	3
-8.889	38.956	3.6120E-01	0
-8.842	38.954	3.5711E-01	3
-8.795	38.952	4.1617E-01	0
-8.749	38.950	4.0415E-01	3
-8.703	38.948	3.6968E-01	0
-8.657	38.946	3.1601E-01	3
-8.611	38.944	3.5628E-01	0
-8.566	38.943	3.4067E-01	3
-8.522	38.941	3.7942E-01	0
-8.477	38.939	4.1163E-01	3
-8.432	38.937	4.0256E-01	0
-8.388	38.935	3.4692E-01	3
-8.344	38.933	3.5772E-01	0
-8.300	38.931	3.7764E-01	3
-8.257	38.929	3.5503E-01	0
-9.222	38.951	4.2053E-01	3
-9.173	38.949	4.0758E-01	3
-9.123	38.947	4.0351E-01	3
-9.075	38.945	3.9333E-01	3
-9.029	38.944	4.0704E-01	3
-8.984	38.942	2.8919E-01	3
-8.937	38.940	3.7365E-01	3
-8.890	38.939	3.9000E-01	3
-8.843	38.937	3.8556E-01	3
-8.796	38.935	4.1073E-01	3
-8.749	38.933	4.0148E-01	3
-8.703	38.931	4.2429E-01	3
-8.657	38.930	3.6503E-01	3
-8.612	38.928	3.5175E-01	3
-8.567	38.926	3.6608E-01	3
-8.522	38.924	3.8384E-01	1
-8.478	38.922	3.5344E-01	3
-8.433	38.920	3.6787E-01	3
-8.389	38.919	3.6483E-01	3
-8.345	38.917	3.8336E-01	3
-8.302	38.915	3.7541E-01	3
-8.258	38.913	3.4720E-01	3
-9.223	38.933	3.8082E-01	2
-9.175	38.932	4.3811E-01	0
-9.125	38.930	4.0357E-01	3
-9.076	38.928	4.0824E-01	0
-9.031	38.927	3.4023E-01	3
-8.985	38.925	2.6345E-01	0
-8.938	38.923	3.5453E-01	3
-8.891	38.922	4.5718E-01	0
-8.844	38.920	4.0055E-01	3
-8.797	38.918	4.3853E-01	0
-8.750	38.916	3.8357E-01	2
-8.704	38.915	4.0965E-01	0
-8.658	38.913	4.0051E-01	3
-8.613	38.911	3.7506E-01	0
-8.568	38.909	3.7432E-01	3
-8.523	38.908	3.6997E-01	0
-8.478	38.906	3.3538E-01	3
-8.434	38.904	3.6543E-01	0
-8.390	38.902	3.4645E-01	3
-8.346	38.900	3.7524E-01	0
-8.303	38.899	3.5697E-01	3
-8.259	38.897	3.4014E-01	2
-9.223	38.916	3.7700E-01	3
-9.176	38.915	3.8497E-01	3
-9.128	38.913	3.8534E-01	3
-9.078	38.911	3.5503E-01	3
-9.033	38.910	3.2837E-01	3
-8.986	38.908	2.5714E-01	3
-8.939	38.907	2.8048E-01	3
-8.891	38.905	4.0820E-01	3
-8.844	38.903	4.0350E-01	3
-8.798	38.901	3.2765E-01	3
-8.751	38.900	3.7180E-01	3
-8.705	38.898	3.8628E-01	3
-8.659	38.896	4.0161E-01	3
-8.613	38.895	3.6002E-01	3
-8.568	38.893	3.3990E-01	3
-8.524	38.891	3.4068E-01	2
-8.479	38.889	3.3816E-01	3
-8.434	38.888	3.5104E-01	3
-8.390	38.886	3.5288E-01	3
-8.346	38.884	3.4832E-01	3
-8.303	38.882	3.5143E-01	3
-8.260	38.880	3.3103E-01	2
-9.228	38.983	4.3519E-01	3
-9.176	38.981	4.6524E-01	0
-9.127	38.979	4.2792E-01	3
-9.080	38.977	4.3398E-01	0
-9.033	38.975	4.2173E-01	3
-8.987	38.973	3.9851E-01	0
-8.941	38.971	2.6914E-01	3
-8.894	38.968	3.5514E-01	0
-8.847	38.966	3.7707E-01	3
-8.800	38.964	4.3788E-01	0
-8.754	38.962	3.7714E-01	3
-8.708	38.960	3.5309E-01	0
-8.662	38.958	3.5583E-01	3
-8.616	38.956	3.7439E-01	2
-8.571	38.953	3.5790E-01	3
-8.527	38.951	3.3821E-01	2
-8.482	38.949	4.3384E-01	3
-8.438	38.947	4.1718E-01	0
-8.393	38.945	3.4774E-01	3
-8.349	38.943	3.5748E-01	0
-8.305	38.941	3.6911E-01	3
-8.262	38.938	3.5391E-01	0
-9.228	38.966	4.2920E-01	3
-9.177	38.964	4.2488E-01	3
-9.128	38.961	4.2360E-01	3
-9.080	38.959	3.8955E-01	3
-9.034	38.958	4.3007E-01	3
-8.988	38.956	3.2769E-01	3
-8.942	38.954	3.4914E-01	3
-8.895	38.952	3.4599E-01	3
-8.848	38.949	3.5673E-01	3
-8.801	38.947	4.0139E-01	3
-8.755	38.945	4.0733E-01	3
-8.708	38.943	3.8778E-01	3
-8.663	38.941	3.2312E-01	3
-8.618	38.939	3.2781E-01	3
-8.573	38.937	3.2863E-01	3
-8.528	38.935	3.8689E-01	2
-8.483	38.933	3.8361E-01	3
-8.438	38.931	3.8884E-01	2
-8.394	38.928	3.6889E-01	3
-8.351	38.926	3.7036E-01	2
-8.307	38.924	3.7246E-01	3
-8.263	38.922	3.5230E-01	2
-9.228	38.948	4.1570E-01	3
-9.179	38.946	4.4280E-01	0
-9.129	38.944	4.0451E-01	3
-9.081	38.942	4.2084E-01	0
-9.035	38.940	4.0030E-01	3
-8.990	38.939	3.0758E-01	0
-8.943	38.937	3.6923E-01	3
-8.896	38.935	4.3280E-01	0
-8.849	38.933	4.0139E-01	3
-8.802	38.931	4.2454E-01	1
-8.755	38.928	3.9253E-01	3
-8.709	38.926	4.4470E-01	0
-8.663	38.924	3.7410E-01	3
-8.618	38.922	3.5786E-01	2
-8.573	38.920	4.0091E-01	3
-8.529	38.918	3.9353E-01	0
-8.484	38.916	3.5217E-01	3
-8.439	38.914	3.6292E-01	0
-8.395	38.912	3.3705E-01	3
-8.351	38.910	3.7247E-01	0
-8.308	38.908	3.7226E-01	3
-8.265	38.906	3.6832E-01	0
-9.229	38.931	3.7640E-01	3
-9.180	38.929	4.0785E-01	3
-9.131	38.927	4.0321E-01	3
-9.082	38.925	3.7489E-01	3
-9.036	38.923	3.4372E-01	3
-8.991	38.922	2.4911E-01	3
-8.944	38.920	3.1579E-01	3
-8.897	38.918	4.1953E-01	3
-8.849	38.916	3.9917E-01	3
-8.803	38.914	3.9554E-01	3
-8.756	38.912	3.8498E-01	3
-8.710	38.910	3.8248E-01	2
-8.664	38.908	4.1224E-01	3
-8.619	38.906	3.7645E-01	2
-8.574	38.904	3.5248E-01	3
-8.529	38.902	3.4516E-01	3
-8.484	38.900	3.2536E-01	3
-8.440	38.898	3.4813E-01	2
-8.396	38.896	3.5703E-01	3
-8.352	38.894	3.6209E-01	3
-8.309	38.892	3.6041E-01	3
-8.265	38.889	3.2866E-01	3
-9.228	38.914	3.7911E-01	3
-9.181	38.912	4.0635E-01	0
-9.134	38.910	3.8520E-01	3
-9.084	38.908	3.8829E-01	0
-9.039	38.906	3.3779E-01	3
-8.992	38.905	2.7279E-01	0
-8.945	38.903	2.7012E-01	3
-8.897	38.901	4.3047E-01	0
-8.850	38.899	3.9451E-01	3
-8.804	38.897	3.1806E-01	1
-8.757	38.895	3.6168E-01	3
-8.711	38.893	3.9576E-01	0
-8.665	38.891	4.0142E-01	3
-8.619	38.889	3.6283E-01	1
-8.574	38.887	3.3488E-01	3
-8.530	38.885	3.5741E-01	0
-8.485	38.883	3.5842E-01	3
-8.440	38.881	3.6168E-01	0
-8.396	38.879	3.6605E-01	3
-8.353	38.877	3.4813E-01	0
-8.310	38.875	3.6230E-01	3
-8.266	38.873	3.5917E-01	0
-9.229	38.897	4.1286E-01	3
-9.181	38.895	3.7474E-01	3
-9.133	38.893	3.8613E-01	3
-9.085	38.891	3.7771E-01	3
-9.040	38.889	3.1736E-01	3
-8.993	38.888	2.5444E-01	3
-8.946	38.886	3.7550E-01	3
-8.898	38.884	4.3171E-01	3
-8.851	38.882	3.6750E-01	3
-8.805	38.880	3.3806E-01	3
-8.758	38.878	3.4904E-01	3
-8.712	38.876	4.0114E-01	2
-8.666	38.874	3.8106E-01	3
-8.620	38.872	3.4588E-01	3
-8.575	38.871	3.7004E-01	3
-8.530	38.869	3.6547E-01	1
-8.486	38.867	3.6704E-01	3
-8.441	38.865	3.5171E-01	2
-8.397	38.863	3.3128E-01	3
-8.353	38.861	3.3200E-01	2
-8.311	38.859	3.5684E-01	3
-8.267	38.857	3.6083E-01	3
-9.231	38.879	4.0487E-01	3
-9.182	38.878	4.4747E-01	0
-9.135	38.876	4.0676E-01	3
-9.088	38.874	4.0374E-01	0
-9.041	38.872	3.2864E-01	3
-8.994	38.871	3.6747E-01	0
-8.946	38.869	4.2399E-01	3
-8.899	38.867	3.9531E-01	0
-8.852	38.865	4.2041E-01	3
-8.805	38.863	3.9006E-01	0
-8.759	38.861	3.7016E-01	3
-8.713	38.860	3.8093E-01	0
-8.667	38.858	3.3224E-01	3
-8.621	38.856	3.5037E-01	0
-8.576	38.854	3.5130E-01	3
-8.531	38.852	3.7440E-01	0
-8.487	38.850	3.3704E-01	3
-8.443	38.848	3.5971E-01	0
-8.398	38.846	3.3891E-01	3
-8.354	38.844	3.4409E-01	0
-8.311	38.843	3.4337E-01	3
-8.268	38.841	3.8116E-01	0
-9.232	38.862	4.1576E-01	3
-9.185	38.861	4.2794E-01	3
-9.138	38.859	4.0997E-01	3
-9.090	38.857	3.8099E-01	3
-9.043	38.855	2.8055E-01	3
-8.995	38.854	2.6473E-01	3
-8.947	38.852	4.2832E-01	3
-8.900	38.850	4.4422E-01	3
-8.853	38.848	3.4839E-01	3
-8.806	38.846	3.2776E-01	3
-8.760	38.845	3.1186E-01	3
-8.714	38.843	3.4132E-01	3
-8.668	38.841	3.2826E-01	3
-8.622	38.839	3.6988E-01	3
-8.577	38.837	3.8696E-01	3
-8.532	38.835	3.5120E-01	1
-8.487	38.834	3.4819E-01	3
-8.443	38.832	3.4650E-01	2
-8.399	38.830	3.2786E-01	3
-8.355	38.828	3.4335E-01	2
-8.312	38.826	3.4986E-01	3
-8.269	38.824	3.7132E-01	2
-9.234	38.845	4.1919E-01	3
-9.188	38.843	4.0028E-01	0
-9.140	38.842	4.3720E-01	3
-9.091	38.840	3.6596E-01	0
-9.044	38.838	1.8695E-01	3
-8.996	38.837	1.5004E-01	0
-8.948	38.835	3.1225E-01	3
-8.901	38.833	4.4116E-01	0
-8.854	38.831	3.7276E-01	3
-8.807	38.830	3.8491E-01	0
-8.761	38.828	3.1985E-01	3
-8.715	38.826	3.5340E-01	0
-8.669	38.824	3.4723E-01	3
-8.623	38.823	3.4209E-01	0
-8.578	38.821	3.5733E-01	3
-8.533	38.819	3.8865E-01	0
-8.489	38.817	3.3436E-01	3
-8.444	38.815	3.4305E-01	0
-8.400	38.814	3.3253E-01	3
-8.356	38.812	3.5785E-01	0
-8.313	38.810	3.5721E-01	3
-8.269	38.808	3.6918E-01	2
-9.233	38.828	4.0600E-01	3
-9.187	38.826	3.8618E-01	2
-9.140	38.825	4.0891E-01	3
-9.092	38.823	2.9337E-01	3
-9.044	38.821	8.2054E-02	3
-8.997	38.820	7.4771E-02	3
-8.949	38.818	2.6592E-01	3
-8.902	38.816	4.1146E-01	3
-8.855	38.815	4.0933E-01	3
-8.808	38.813	3.6930E-01	2
-8.762	38.811	3.2686E-01	3
-8.716	38.809	3.1734E-01	2
-8.670	38.808	3.4666E-01	3
-8.625	38.806	3.7515E-01	3
-8.580	38.804	3.6321E-01	3
-8.535	38.802	3.8888E-01	2
-8.490	38.801	3.5266E-01	3
-8.445	38.799	3.3530E-01	2
-8.401	38.797	3.4650E-01	3
-8.357	38.795	3.3723E-01	1
-8.313	38.794	3.9760E-01	3
-8.270	38.792	4.1638E-01	3
-9.237	38.894	4.2418E-01	3
-9.188	38.892	4.1743E-01	0
-9.140	38.890	4.0149E-01	3
-9.093	38.888	4.0615E-01	0
-9.048	38.886	3.3036E-01	3
-9.001	38.884	2.5005E-01	0
-8.954	38.882	3.7350E-01	3
-8.907	38.880	4.2128E-01	0
-8.860	38.878	3.8833E-01	3
-8.813	38.876	3.5852E-01	0
-8.767	38.874	3.4666E-01	3
-8.720	38.871	4.0183E-01	0
-8.674	38.869	3.8123E-01	3
-8.629	38.867	3.4282E-01	0
-8.583	38.865	3.6423E-01	3
-8.539	38.863	3.7702E-01	0
-8.494	38.861	3.6283E-01	3
-8.450	38.858	3.7723E-01	0
-8.406	38.856	3.3970E-01	3
-8.362	38.854	3.3642E-01	2
-8.319	38.852	3.5481E-01	3
-8.276	38.850	3.7278E-01	0
-9.239	38.877	4.0330E-01	3
-9.190	38.875	4.3658E-01	2
-9.143	38.873	4.1678E-01	3
-9.096	38.871	3.8730E-01	3
-9.050	38.869	3.5045E-01	3
-9.002	38.867	3.6548E-01	3
-8.955	38.865	4.4061E-01	3
-8.907	38.863	3.8442E-01	3
-8.860	38.861	4.3353E-01	3
-8.814	38.859	3.7726E-01	3
-8.767	38.857	3.7021E-01	3
-8.721	38.855	3.6892E-01	3
-8.675	38.853	3.3799E-01	3
-8.629	38.850	3.4121E-01	2
-8.584	38.848	3.6870E-01	3
-8.539	38.846	3.5677E-01	3
-8.495	38.844	3.5347E-01	3
-8.451	38.842	3.3959E-01	3
-8.406	38.840	3.4134E-01	3
-8.362	38.838	3.3148E-01	3
-8.319	38.836	3.4428E-01	3
-8.277	38.833	3.8730E-01	3
-9.240	38.860	4.2913E-01	3
-9.193	38.858	4.4114E-01	0
-9.147	38.856	4.1499E-01	3
-9.098	38.854	3.9785E-01	0
-9.051	38.852	2.9832E-01	3
-9.003	38.850	2.0248E-01	0
-8.955	38.848	3.9516E-01	3
-8.908	38.846	4.6707E-01	0
-8.861	38.844	3.4691E-01	3
-8.815	38.842	3.4898E-01	0
-8.768	38.840	2.9647E-01	3
-8.722	38.838	3.5437E-01	0
-8.676	38.836	3.3960E-01	2
-8.630	38.834	3.6942E-01	0
-8.585	38.832	3.9403E-01	3
-8.540	38.830	3.7681E-01	0
-8.496	38.828	3.4530E-01	3
-8.451	38.825	3.5181E-01	0
-8.407	38.823	3.2644E-01	3
-8.363	38.821	3.5709E-01	0
-8.320	38.819	3.6625E-01	3
-8.277	38.817	3.7850E-01	0
-9.241	38.843	4.3351E-01	3
-9.196	38.841	3.7256E-01	3
-9.148	38.839	4.3739E-01	3
-9.099	38.837	3.6990E-01	3
-9.052	38.835	2.0351E-01	3
-9.004	38.833	1.1458E-01	3
-8.956	38.831	2.8233E-01	3
-8.909	38.829	4.1784E-01	3
-8.862	38.827	4.1030E-01	3
-8.815	38.825	3.9817E-01	0
-8.769	38.823	3.3021E-01	3
-8.723	38.821	3.3680E-01	1
-8.677	38.819	3.4906E-01	3
-8.632	38.817	3.4489E-01	2
-8.586	38.815	3.4400E-01	3
-8.542	38.813	3.9660E-01	3
-8.497	38.811	3.5207E-01	3
-8.452	38.809	3.3254E-01	3
-8.408	38.807	3.5273E-01	3
-8.364	38.805	3.4260E-01	3
-8.320	38.803	3.6263E-01	3
-8.277	38.801	3.9693E-01	3
-9.240	38.825	4.0934E-01	3
-9.194	38.824	4.2467E-01	0
-9.148	38.822	4.1247E-01	3
-9.099	38.820	3.3634E-01	0
-9.053	38.818	9.1745E-02	3
-9.005	38.816	5.7555E-02	0
-8.957	38.814	2.0695E-01	3
-8.910	38.812	4.1481E-01	0
-8.863	38.810	4.0562E-01	3
-8.816	38.808	3.8368E-01	0
-8.770	38.806	3.3693E-01	3
-8.724	38.804	3.2623E-01	0
-8.678	38.803	3.3522E-01	3
-8.633	38.801	3.8829E-01	0
-8.588	38.799	3.6293E-01	3
-8.543	38.797	3.6361E-01	2
-8.498	38.795	3.6183E-01	3
-8.454	38.793	3.4467E-01	0
-8.409	38.791	3.3565E-01	3
-8.365	38.789	3.5990E-01	0
-8.322	38.787	4.2913E-01	3
-8.279	38.785	4.5994E-01	0
-9.242	38.808	3.8792E-01	3
-9.195	38.806	3.6406E-01	3
-9.148	38.805	3.6250E-01	3
-9.101	38.803	2.5814E-01	3
-9.053	38.801	4.2440E-02	3
-9.006	38.799	2.9090E-02	3
-8.958	38.797	1.4415E-01	3
-8.911	38.795	3.1337E-01	3
-8.864	38.793	3.0606E-01	3
-8.817	38.792	3.4066E-01	3
-8.771	38.790	3.2370E-01	3
-8.725	38.788	3.2697E-01	3
-8.679	38.786	3.5744E-01	3
-8.634	38.784	3.6757E-01	3
-8.588	38.782	3.4895E-01	3
-8.543	38.780	3.4286E-01	3
-8.499	38.778	3.5430E-01	3
-8.455	38.776	3.4003E-01	3
-8.411	38.774	3.5554E-01	3
-8.367	38.772	4.1829E-01	3
-8.323	38.770	4.2841E-01	3
-8.280	38.768	4.0249E-01	3
-9.244	38.791	3.6264E-01	3
-9.197	38.789	3.7480E-01	0
-9.149	38.788	3.4550E-01	2
-9.102	38.786	2.5743E-01	0
-9.054	38.784	3.2091E-02	3
-9.006	38.782	4.4406E-02	0
-8.959	38.780	1.4539E-01	3
-8.912	38.778	3.3639E-01	0
-8.864	38.777	3.5284E-01	3
-8.818	38.775	3.3920E-01	0
-8.772	38.773	3.1758E-01	3
-8.725	38.771	3.3736E-01	2
-8.680	38.769	3.9922E-01	3
-8.634	38.767	4.0210E-01	1
-8.589	38.765	3.6989E-01	3
-8.544	38.763	3.5671E-01	0
-8.499	38.762	3.4314E-01	3
-8.455	38.760	3.6052E-01	0
-8.412	38.758	3.7611E-01	3
-8.368	38.756	4.5311E-01	0
-8.324	38.754	3.9646E-01	3
-8.281	38.752	3.8552E-01	0
-9.245	38.774	3.7622E-01	3
-9.198	38.772	3.4214E-01	3
-9.149	38.770	3.2697E-01	3
-9.102	38.769	2.1762E-01	3
-9.055	38.767	2.4025E-02	3
-9.007	38.765	5.2645E-02	3
-8.960	38.763	1.6360E-01	3
-8.913	38.762	3.2597E-01	3
-8.866	38.760	3.3828E-01	3
-8.819	38.758	3.4476E-01	3
-8.772	38.756	3.5222E-01	3
-8.726	38.754	3.2741E-01	3
-8.680	38.752	3.9311E-01	3
-8.635	38.751	4.1013E-01	3
-8.590	38.749	3.7348E-01	3
-8.546	38.747	3.8282E-01	3
-8.501	38.745	3.4383E-01	3
-8.456	38.743	3.4634E-01	3
-8.412	38.741	3.4832E-01	3
-8.368	38.739	4.3616E-01	3
-8.324	38.738	4.0546E-01	3
-8.281	38.736	3.8154E-01	3
-9.247	38.757	3.3569E-01	2
-9.199	38.755	3.3665E-01	0
-9.151	38.753	3.1058E-01	3
-9.103	38.752	2.4271E-01	0
-9.056	38.750	2.3567E-02	3
-9.008	38.748	7.9609E-02	0
-8.961	38.746	3.0829E-01	3
-8.914	38.745	3.3220E-01	0
-8.867	38.743	3.5604E-01	3
-8.820	38.741	4.0267E-01	0
-8.773	38.739	3.9151E-01	3
-8.727	38.738	3.5618E-01	0
-8.681	38.736	3.6344E-01	3
-8.636	38.734	4.1391E-01	0
-8.591	38.732	3.6236E-01	3
-8.546	38.730	3.6755E-01	0
-8.502	38.729	3.6087E-01	2
-8.458	38.727	3.5050E-01	0
-8.414	38.725	3.6589E-01	3
-8.369	38.723	4.6321E-01	0
-8.325	38.721	4.5317E-01	3
-8.282	38.719	4.5998E-01	0
-9.248	38.739	3.4692E-01	3
-9.199	38.738	2.9119E-01	3
-9.151	38.736	2.9247E-01	3
-9.104	38.734	1.8968E-01	3
-9.057	38.733	2.9801E-02	3
-9.009	38.731	2.0521E-01	3
-8.961	38.729	4.0896E-01	3
-8.914	38.728	3.9288E-01	3
-8.868	38.726	3.6485E-01	3
-8.821	38.724	3.8720E-01	3
-8.774	38.723	4.5003E-01	3
-8.728	38.721	4.1468E-01	3
-8.682	38.719	3.8122E-01	3
-8.637	38.717	3.8292E-01	3
-8.592	38.716	3.7596E-01	3
-8.547	38.714	3.3917E-01	3
-8.503	38.712	3.2941E-01	3
-8.458	38.710	3.3068E-01	3
-8.415	38.709	3.7348E-01	3
-8.371	38.707	4.5857E-01	3
-8.327	38.705	4.2538E-01	3
-8.283	38.703	4.7235E-01	3
-9.248	38.806	3.9096E-01	3
-9.200	38.804	3.9197E-01	0
-9.154	38.802	3.6052E-01	3
-9.106	38.800	3.0346E-01	0
-9.059	38.798	5.5146E-02	3
-9.012	38.796	2.4685E-02	0
-8.964	38.793	1.1792E-01	2
-8.917	38.791	3.2329E-01	0
-8.870	38.789	3.1090E-01	3
-8.823	38.787	3.3241E-01	0
-8.777	38.785	3.2290E-01	3
-8.731	38.783	3.3584E-01	0
-8.685	38.781	3.7244E-01	3
-8.640	38.778	3.9303E-01	0
-8.594	38.776	3.6294E-01	3
-8.549	38.774	3.5064E-01	0
-8.505	38.772	3.6166E-01	3
-8.461	38.770	3.6041E-01	0
-8.417	38.768	3.6248E-01	3
-8.373	38.765	4.1052E-01	1
-8.330	38.763	4.1290E-01	3
-8.286	38.761	4.0543E-01	0
-9.250	38.789	3.6852E-01	3
-9.203	38.787	3.5277E-01	3
-9.154	38.785	3.5241E-01	3
-9.107	38.783	2.5643E-01	3
-9.060	38.781	4.3023E-02	3
-9.012	38.779	3.9350E-02	3
-8.965	38.776	1.3522E-01	3
-8.918	38.774	2.9656E-01	3
-8.870	38.772	3.6276E-01	3
-8.824	38.770	3.3440E-01	3
-8.778	38.768	3.2577E-01	3
-8.732	38.766	3.3804E-01	2
-8.686	38.764	3.9823E-01	3
-8.640	38.762	4.1768E-01	3
-8.596	38.760	3.8004E-01	3
-8.550	38.758	3.5560E-01	3
-8.506	38.755	3.4383E-01	3
-8.461	38.753	3.5090E-01	3
-8.418	38.751	3.6946E-01	3
-8.374	38.749	4.5136E-01	3
-8.330	38.747	4.1428E-01	3
-8.287	38.745	3.8420E-01	3
-9.204	38.769	3.7171E-01	0
-9.155	38.767	3.2338E-01	3
-9.108	38.766	2.6027E-01	0
-9.061	38.764	3.3858E-02	3
-9.013	38.762	4.4805E-02	0
-8.966	38.760	1.6941E-01	3
-8.919	38.757	3.2157E-01	0
-8.872	38.755	3.4290E-01	3
-8.825	38.753	3.7083E-01	0
-8.778	38.751	3.7588E-01	3
-8.732	38.749	3.3949E-01	0
-8.686	38.747	3.6579E-01	3
-8.641	38.745	4.2192E-01	0
-8.596	38.743	3.7621E-01	3
-8.552	38.741	3.8570E-01	0
-8.507	38.739	3.6099E-01	3
-8.463	38.737	3.5604E-01	0
-8.419	38.735	3.3725E-01	3
-8.375	38.733	4.3940E-01	0
-8.331	38.731	4.2550E-01	3
-8.287	38.728	4.1955E-01	0
-9.204	38.752	3.0717E-01	3
-9.156	38.750	3.1118E-01	3
-9.109	38.748	2.4744E-01	2
-9.062	38.747	3.0637E-02	3
-9.014	38.745	7.8285E-02	2
-8.966	38.743	3.2567E-01	3
-8.919	38.741	3.3116E-01	2
-8.873	38.739	3.7225E-01	3
-8.826	38.737	3.7323E-01	3
-8.779	38.735	4.0898E-01	3
-8.733	38.733	3.6117E-01	3
-8.687	38.731	3.7093E-01	3
-8.642	38.728	4.0387E-01	3
-8.597	38.726	3.7323E-01	3
-8.552	38.724	3.5575E-01	1
-8.508	38.722	3.4756E-01	3
-8.464	38.720	3.2971E-01	3
-8.420	38.718	3.7960E-01	3
-8.376	38.716	4.5029E-01	3
-8.332	38.714	4.6314E-01	3
-8.288	38.712	5.1659E-01	3
-9.205	38.735	3.1911E-01	0
-9.157	38.733	2.8825E-01	3
-9.110	38.731	2.1789E-01	0
-9.063	38.729	3.3884E-02	3
-9.015	38.728	2.4871E-01	0
-8.967	38.726	4.0854E-01	3
-8.920	38.724	4.3792E-01	0
-8.873	38.722	3.6762E-01	3
-8.827	38.720	4.1388E-01	0
-8.780	38.718	4.5836E-01	3
-8.734	38.716	4.5015E-01	0
-8.688	38.714	3.9824E-01	3
-8.643	38.712	3.8303E-01	0
-8.598	38.710	3.9163E-01	3
-8.553	38.708	3.3568E-01	2
-8.509	38.706	3.2342E-01	3
-8.464	38.704	3.4423E-01	0
-8.421	38.702	3.6015E-01	3
-8.377	38.700	4.3320E-01	0
-8.333	38.698	3.9357E-01	3
-8.290	38.696	4.1568E-01	0
-9.206	38.718	3.0469E-01	3
-9.158	38.716	2.9887E-01	3
-9.111	38.714	1.1726E-01	3
-9.063	38.712	7.9262E-02	3
-9.016	38.711	3.4877E-01	3
-8.968	38.709	3.7983E-01	3
-8.921	38.707	4.1508E-01	3
-8.874	38.705	3.9872E-01	3
-8.828	38.703	3.8771E-01	3
-8.781	38.701	4.2610E-01	3
-8.735	38.699	4.4362E-01	3
-8.689	38.697	4.0910E-01	3
-8.644	38.695	3.9114E-01	3
-8.598	38.693	4.0682E-01	3
-8.554	38.691	3.4699E-01	3
-8.509	38.689	3.3862E-01	3
-8.465	38.687	3.7874E-01	3
-8.421	38.686	4.5410E-01	3
-8.378	38.684	4.6464E-01	3
-8.335	38.682	3.5426E-01	3
-8.291	38.680	3.7870E-01	3
-9.209	38.701	2.7442E-01	0
-9.161	38.699	1.0897E-01	3
-9.112	38.697	1.5949E-02	0
-9.064	38.695	5.0009E-02	3
-9.017	38.694	1.3078E-01	0
-8.969	38.692	2.8870E-01	3
-8.922	38.690	4.5456E-01	0
-8.875	38.688	3.9078E-01	3
-8.829	38.686	3.6634E-01	0
-8.782	38.684	4.1228E-01	3
-8.736	38.682	4.1601E-01	2
-8.690	38.681	4.0780E-01	3
-8.645	38.679	4.2243E-01	1
-8.599	38.677	3.9603E-01	3
-8.555	38.675	3.3739E-01	0
-8.510	38.673	3.7239E-01	3
-8.466	38.671	4.0958E-01	0
-8.422	38.669	4.0549E-01	3
-8.378	38.667	4.5531E-01	0
-8.335	38.665	4.0790E-01	3
-8.292	38.663	3.7514E-01	0
-9.210	38.684	5.3124E-02	3
-9.161	38.682	1.3729E-01	3
-9.113	38.680	2.4421E-02	3
-9.065	38.678	8.5890E-02	3
-9.018	38.677	2.0707E-01	3
-8.970	38.675	4.0465E-01	3
-8.923	38.673	4.4198E-01	3
-8.876	38.671	4.2307E-01	3
-8.830	38.669	3.8702E-01	3
-8.783	38.668	4.0433E-01	3
-8.737	38.666	4.3543E-01	3
-8.692	38.664	3.7714E-01	3
-8.646	38.662	3.5634E-01	3
-8.601	38.660	3.8250E-01	3
-8.556	38.658	3.3856E-01	3
-8.511	38.656	3.7076E-01	3
-8.467	38.655	4.4442E-01	3
-8.423	38.653	4.7244E-01	3
-8.379	38.651	4.4564E-01	3
-8.335	38.649	4.0551E-01	3
-8.292	38.647	3.9098E-01	3
-9.210	38.666	3.6728E-01	0
-9.162	38.665	2.8637E-01	3
-9.114	38.663	8.0476E-02	0
-9.066	38.661	2.4881E-01	3
-9.018	38.660	3.2222E-01	0
-8.971	38.658	4.1340E-01	3
-8.923	38.656	4.5730E-01	0
-8.877	38.654	4.4162E-01	3
-8.830	38.653	3.8487E-01	0
-8.784	38.651	3.7478E-01	3
-8.738	38.649	4.3613E-01	0
-8.692	38.647	4.1681E-01	3
-8.647	38.645	3.9296E-01	0
-8.602	38.644	3.6763E-01	3
-8.557	38.642	3.2788E-01	0
-8.513	38.640	3.5332E-01	3
-8.468	38.638	4.7970E-01	0
-8.424	38.636	4.3336E-01	3
-8.380	38.634	3.9344E-01	0
-8.336	38.633	3.5037E-01	3
-8.292	38.631	3.7773E-01	0
-9.211	38.649	3.3479E-01	3
-9.162	38.648	3.3994E-01	3
-9.115	38.646	2.3095E-01	3
-9.067	38.644	2.5716E-01	3
-9.019	38.643	3.8421E-01	3
-8.972	38.641	4.2390E-01	3
-8.924	38.639	4.3749E-01	3
-8.878	38.637	4.3578E-01	3
-8.831	38.636	3.8683E-01	3
-8.785	38.634	4.1558E-01	3
-8.739	38.632	3.9713E-01	3
-8.694	38.630	4.0564E-01	3
-8.648	38.629	3.4551E-01	3
-8.603	38.627	3.5832E-01	3
-8.558	38.625	3.6266E-01	3
-8.514	38.623	3.4586E-01	3
-8.470	38.622	4.4100E-01	3
-8.425	38.620	4.5331E-01	3
-8.381	38.618	3.7353E-01	3
-8.337	38.616	3.7087E-01	3
-8.293	38.614	3.8570E-01	3
-8.250	38.613	3.8911E-01	3
-9.215	38.715	3.2454E-01	0
-9.166	38.713	3.0767E-01	3
-9.119	38.711	1.3976E-01	0
-9.072	38.709	5.2639E-02	3
-9.024	38.707	2.9897E-01	1
-8.976	38.705	3.3097E-01	3
-8.929	38.703	4.2961E-01	0
-8.883	38.701	4.1771E-01	3
-8.836	38.699	3.9521E-01	0
-8.790	38.696	4.3232E-01	3
-8.744	38.694	4.5172E-01	0
-8.698	38.692	4.2836E-01	3
-8.652	38.690	4.1276E-01	0
-8.607	38.688	4.0539E-01	3
-8.562	38.686	3.6501E-01	0
-8.517	38.683	3.6463E-01	3
-8.473	38.681	4.0837E-01	0
-8.429	38.679	4.4060E-01	3
-8.386	38.677	4.8999E-01	0
-8.343	38.675	4.0206E-01	3
-8.299	38.672	3.8344E-01	0
-8.256	38.670	4.1705E-01	3
-9.217	38.698	2.2851E-01	3
-9.169	38.696	9.9393E-02	3
-9.121	38.694	1.1397E-02	3
-9.073	38.692	3.0963E-02	3
-9.025	38.690	1.1432E-01	3
-8.977	38.688	2.9125E-01	3
-8.930	38.686	4.3672E-01	3
-8.883	38.684	4.0573E-01	3
-8.837	38.682	3.6134E-01	3
-8.791	38.680	3.9180E-01	3
-8.745	38.677	4.2960E-01	3
-8.699	38.675	3.9311E-01	3
-8.653	38.673	4.2632E-01	3
-8.608	38.671	3.9986E-01	3
-8.563	38.669	3.3761E-01	3
-8.519	38.667	3.4933E-01	3
-8.474	38.665	4.0540E-01	3
-8.430	38.663	4.4572E-01	3
-8.386	38.660	4.5495E-01	3
-8.343	38.658	4.2211E-01	3
-8.300	38.656	3.6629E-01	3
-8.257	38.654	4.5963E-01	3
-9.218	38.681	7.6941E-02	0
-9.169	38.679	1.7910E-01	3
-9.121	38.677	4.2688E-02	1
-9.073	38.675	9.2169E-02	3
-9.026	38.673	2.0098E-01	2
-8.978	38.671	3.9857E-01	3
-8.931	38.669	4.5134E-01	1
-8.884	38.667	4.5882E-01	3
-8.838	38.665	4.0334E-01	0
-8.791	38.663	4.0109E-01	3
-8.746	38.661	4.5657E-01	0
-8.700	38.659	3.8916E-01	3
-8.654	38.657	3.7002E-01	0
-8.609	38.655	3.8631E-01	3
-8.564	38.652	3.6329E-01	0
-8.520	38.650	3.6284E-01	3
-8.475	38.648	4.6264E-01	0
-8.431	38.646	4.6995E-01	3
-8.387	38.644	4.3123E-01	0
-8.343	38.642	4.0442E-01	3
-8.300	38.640	3.8688E-01	0
-8.257	38.638	4.1124E-01	3
-9.218	38.664	3.2665E-01	3
-9.169	38.662	3.2671E-01	3
-9.122	38.660	1.1823E-01	3
-9.074	38.658	2.3088E-01	3
-9.026	38.656	3.4233E-01	3
-8.979	38.654	4.0658E-01	3
-8.932	38.652	4.4552E-01	3
-8.885	38.650	4.3240E-01	3
-8.839	38.648	3.8191E-01	3
-8.792	38.646	3.5981E-01	3
-8.746	38.644	4.1042E-01	3
-8.701	38.642	4.2764E-01	3
-8.655	38.640	3.8116E-01	3
-8.610	38.638	3.6272E-01	3
-8.565	38.636	3.3111E-01	3
-8.521	38.634	3.3596E-01	3
-8.477	38.632	4.5517E-01	3
-8.432	38.630	4.5259E-01	3
-8.388	38.628	3.8377E-01	3
-8.344	38.626	3.5945E-01	3
-8.301	38.624	3.8127E-01	3
-8.258	38.621	3.8645E-01	3
-9.219	38.647	3.4519E-01	0
-9.170	38.645	3.5440E-01	3
-9.123	38.643	2.7338E-01	0
-9.075	38.641	2.5290E-01	3
-9.027	38.639	3.8449E-01	0
-8.980	38.637	4.2265E-01	3
-8.932	38.635	4.5029E-01	0
-8.886	38.633	4.4580E-01	3
-8.839	38.631	4.2531E-01	0
-8.793	38.629	4.4972E-01	3
-8.747	38.627	4.2306E-01	0
-8.702	38.625	4.1104E-01	3
-8.656	38.623	3.7130E-01	0
-8.611	38.621	3.5761E-01	3
-8.566	38.619	3.7963E-01	0
-8.522	38.617	3.5430E-01	3
-8.478	38.615	4.1270E-01	0
-8.433	38.613	4.6331E-01	3
-8.389	38.611	3.8574E-01	0
-8.345	38.609	3.8782E-01	3
-8.301	38.607	3.7094E-01	1
-8.258	38.605	4.0101E-01	3
-9.220	38.630	2.1876E-01	3
-9.171	38.628	3.4693E-01	3
-9.123	38.626	3.0952E-01	3
-9.076	38.624	2.7553E-01	3
-9.028	38.622	3.4377E-01	3
-8.980	38.620	3.9283E-01	3
-8.933	38.618	3.9588E-01	3
-8.886	38.616	4.2540E-01	3
-8.840	38.614	4.0884E-01	3
-8.794	38.613	4.4493E-01	3
-8.748	38.611	4.4565E-01	3
-8.703	38.609	4.2432E-01	3
-8.658	38.607	3.7386E-01	3
-8.612	38.605	3.8966E-01	3
-8.567	38.603	3.5683E-01	3
-8.523	38.601	3.3258E-01	3
-8.479	38.599	3.8944E-01	3
-8.435	38.597	4.2868E-01	3
-8.390	38.595	3.8870E-01	3
-8.346	38.593	4.1642E-01	3
-8.302	38.591	3.8594E-01	3
-8.259	38.589	3.7045E-01	3
-9.221	38.612	1.4767E-01	1
-9.172	38.611	3.4356E-01	3
-9.124	38.609	3.3360E-01	0
-9.076	38.607	3.0477E-01	3
-9.028	38.605	3.4126E-01	0
-8.981	38.603	3.9685E-01	3
-8.934	38.601	4.2323E-01	0
-8.887	38.599	3.9791E-01	3
-8.841	38.598	4.2556E-01	0
-8.795	38.596	4.2932E-01	3
-8.749	38.594	4.2503E-01	0
-8.704	38.592	3.6857E-01	3
-8.659	38.590	3.7618E-01	0
-8.614	38.588	3.5401E-01	3
-8.569	38.586	3.6215E-01	0
-8.525	38.584	3.7219E-01	3
-8.480	38.582	4.1783E-01	0
-8.435	38.581	4.1273E-01	3
-8.391	38.579	4.4590E-01	0
-8.347	38.577	4.7878E-01	3
-8.304	38.575	4.6614E-01	0
-8.261	38.573	4.2175E-01	3
-9.222	38.595	7.5742E-02	3
-9.173	38.593	2.8760E-01	3
-9.125	38.592	2.6345E-01	3
-9.077	38.590	3.2071E-01	3
-9.029	38.588	3.4868E-01	3
-8.982	38.586	3.6413E-01	3
-8.934	38.584	3.8710E-01	3
-8.887	38.583	3.7978E-01	3
-8.842	38.581	3.8105E-01	3
-8.796	38.579	4.2364E-01	3
-8.751	38.577	3.5100E-01	3
-8.705	38.575	3.5737E-01	3
-8.659	38.573	3.5830E-01	3
-8.614	38.572	3.5674E-01	3
-8.569	38.570	3.2426E-01	3
-8.525	38.568	3.3195E-01	3
-8.481	38.566	3.4357E-01	3
-8.436	38.564	4.0113E-01	3
-8.392	38.562	3.4693E-01	3
-8.348	38.560	4.3725E-01	3
-8.305	38.558	4.7021E-01	3
-8.262	38.557	4.5343E-01	3
-9.223	38.578	4.4411E-02	2
-9.174	38.576	2.5513E-01	3
-9.125	38.575	3.1509E-01	0
-9.078	38.573	3.3810E-01	3
-9.030	38.571	3.6397E-01	0
-8.982	38.569	3.6205E-01	3
-8.934	38.567	4.1794E-01	0
-8.888	38.566	3.8139E-01	3
-8.843	38.564	4.0215E-01	0
-8.797	38.562	4.0347E-01	3
-8.752	38.560	3.2470E-01	0
-8.706	38.559	3.5615E-01	3
-8.660	38.557	3.4840E-01	0
-8.615	38.555	3.3972E-01	3
-8.570	38.553	3.4347E-01	0
-8.526	38.551	3.2051E-01	3
-8.482	38.550	3.6900E-01	0
-8.438	38.548	4.0240E-01	3
-8.393	38.546	4.3537E-01	0
-8.349	38.544	4.3998E-01	3
-8.306	38.542	4.3525E-01	0
-8.264	38.540	4.2129E-01	2
-9.224	38.561	1.7607E-02	3
-9.175	38.559	2.0316E-01	3
-9.126	38.557	2.5806E-01	3
-9.078	38.556	3.3495E-01	3
-9.031	38.554	3.3939E-01	3
-8.983	38.552	3.7389E-01	3
-8.934	38.551	3.8546E-01	3
-8.890	38.549	3.6043E-01	3
-8.844	38.547	3.5962E-01	3
-8.799	38.545	2.9954E-01	3
-8.753	38.544	2.3498E-01	3
-8.707	38.542	3.2090E-01	3
-8.661	38.540	3.2298E-01	3
-8.616	38.538	3.2704E-01	3
-8.571	38.537	3.1193E-01	3
-8.527	38.535	3.3230E-01	3
-8.484	38.533	3.7657E-01	3
-8.439	38.531	4.2510E-01	3
-8.395	38.529	4.2085E-01	3
-8.350	38.528	3.9062E-01	3
-8.308	38.526	4.1234E-01	3
-8.266	38.524	4.4570E-01	3
-9.227	38.627	2.0060E-01	0
-9.177	38.625	3.5136E-01	3
-9.129	38.623	3.4080E-01	0
-9.082	38.621	3.0036E-01	3
-9.034	38.619	3.2301E-01	1
-8.986	38.616	3.9811E-01	3
-8.939	38.614	4.2572E-01	0
-8.893	38.612	4.1672E-01	3
-8.846	38.610	4.3604E-01	0
-8.800	38.608	4.3528E-01	3
-8.754	38.606	4.6062E-01	0
-8.709	38.603	4.1560E-01	3
-8.664	38.601	3.7780E-01	0
-8.619	38.599	3.7044E-01	3
-8.574	38.597	3.6086E-01	0
-8.530	38.595	3.4794E-01	3
-8.485	38.593	3.9050E-01	0
-8.441	38.590	4.1268E-01	3
-8.396	38.588	4.3395E-01	0
-8.353	38.586	4.4738E-01	3
-8.309	38.584	4.5456E-01	0
-8.266	38.581	4.2050E-01	3
-9.228	38.610	1.0147E-01	3
-9.178	38.608	3.3730E-01	3
-9.130	38.606	3.0469E-01	3
-9.082	38.604	3.0640E-01	3
-9.035	38.602	3.2379E-01	3
-8.987	38.599	3.9630E-01	3
-8.940	38.597	3.9115E-01	3
-8.893	38.595	3.9654E-01	3
-8.847	38.593	4.0179E-01	3
-8.801	38.591	4.2990E-01	3
-8.755	38.589	3.9532E-01	3
-8.710	38.587	3.6441E-01	3
-8.665	38.585	3.6412E-01	3
-8.620	38.583	3.7591E-01	3
-8.575	38.580	3.4430E-01	3
-8.531	38.578	3.5265E-01	3
-8.486	38.576	3.8163E-01	3
-8.442	38.574	4.1127E-01	3
-8.397	38.572	3.8955E-01	3
-8.353	38.570	4.5257E-01	3
-8.310	38.567	4.6763E-01	3
-8.267	38.565	4.3193E-01	3
-9.228	38.593	5.6797E-02	0
-9.179	38.591	2.6889E-01	3
-9.131	38.589	2.8729E-01	0
-9.083	38.587	3.2224E-01	3
-9.036	38.585	3.3812E-01	2
-8.988	38.582	3.5343E-01	3
-8.940	38.580	3.9080E-01	1
-8.893	38.578	3.8301E-01	3
-8.848	38.576	3.9565E-01	0
-8.802	38.574	4.2129E-01	3
-8.757	38.572	3.6930E-01	0
-8.711	38.570	3.5827E-01	3
-8.665	38.568	3.6269E-01	0
-8.620	38.566	3.4006E-01	3
-8.575	38.564	3.3818E-01	0
-8.531	38.562	3.3066E-01	3
-8.487	38.560	3.4969E-01	0
-8.443	38.558	4.1947E-01	3
-8.398	38.555	3.8885E-01	0
-8.355	38.553	4.1412E-01	3
-8.311	38.551	4.6296E-01	0
-8.269	38.549	4.4823E-01	3
-9.229	38.575	2.6175E-02	3
-9.180	38.573	2.3535E-01	3
-9.131	38.571	2.8224E-01	3
-9.083	38.569	3.4056E-01	3
-9.036	38.568	3.4174E-01	3
-8.988	38.565	3.6245E-01	3
-8.940	38.563	3.8763E-01	3
-8.894	38.561	3.8605E-01	3
-8.849	38.559	3.8528E-01	3
-8.803	38.557	3.9249E-01	3
-8.758	38.555	3.0965E-01	3
-8.712	38.553	3.2698E-01	3
-8.666	38.551	3.3503E-01	3
-8.621	38.549	3.3934E-01	3
-8.576	38.547	3.2856E-01	3
-8.532	38.545	3.2365E-01	3
-8.488	38.543	3.5161E-01	3
-8.444	38.541	3.8823E-01	3
-8.400	38.539	4.2885E-01	3
-8.355	38.537	4.2734E-01	3
-8.313	38.535	4.2522E-01	3
-8.270	38.533	4.3659E-01	3
-9.230	38.558	1.1483E-02	0
-9.180	38.556	1.7700E-01	3
-9.132	38.554	2.7014E-01	0
-9.084	38.552	3.2769E-01	3
-9.037	38.550	3.6829E-01	0
-8.989	38.548	3.7392E-01	3
-8.940	38.546	3.8176E-01	0
-8.896	38.545	3.6199E-01	3
-8.850	38.543	3.8007E-01	0
-8.805	38.541	2.8136E-01	3
-8.759	38.539	2.0585E-01	0
-8.713	38.537	3.1865E-01	3
-8.667	38.535	3.3560E-01	0
-8.622	38.533	3.2685E-01	3
-8.578	38.531	3.2131E-01	0
-8.534	38.529	3.4726E-01	3
-8.490	38.527	4.3102E-01	0
-8.445	38.525	4.3440E-01	3
-8.401	38.523	4.2471E-01	0
-8.357	38.521	3.6069E-01	3
-8.314	38.519	4.1183E-01	1
-8.272	38.517	4.4247E-01	3
-9.231	38.541	4.9308E-03	3
-9.182	38.539	1.5060E-01	3
-9.133	38.537	2.7686E-01	3
-9.085	38.535	2.9371E-01	3
-9.037	38.533	3.3740E-01	3
-8.989	38.532	3.6616E-01	3
-8.941	38.530	3.6108E-01	3
-8.897	38.528	3.5435E-01	3
-8.851	38.526	3.6184E-01	3
-8.805	38.524	2.7194E-01	3
-8.760	38.522	1.1259E-01	3
-8.714	38.520	2.4111E-01	3
-8.668	38.518	3.0782E-01	3
-8.623	38.516	3.3223E-01	3
-8.579	38.514	3.4036E-01	3
-8.535	38.512	3.8867E-01	3
-8.491	38.510	3.8551E-01	3
-8.446	38.508	4.1975E-01	3
-8.402	38.506	3.9533E-01	3
-8.359	38.504	3.5574E-01	3
-8.315	38.502	4.3014E-01	3
-8.273	38.500	4.1452E-01	3
-9.232	38.524	4.1793E-03	1
-9.183	38.522	1.2153E-01	3
-9.134	38.520	2.7290E-01	0
-9.086	38.518	3.1172E-01	3
-9.038	38.516	3.5879E-01	0
-8.990	38.515	3.6953E-01	3
-8.944	38.513	3.0886E-01	0
-8.899	38.511	9.4075E-02	3
-8.852	38.509	1.8262E-01	0
-8.806	38.507	2.3648E-01	3
-8.761	38.505	1.5259E-01	0
-8.715	38.503	2.4468E-01	3
-8.669	38.501	3.3024E-01	0
-8.624	38.500	3.2514E-01	3
-8.580	38.498	3.6443E-01	0
-8.535	38.496	3.5314E-01	3
-8.492	38.494	3.8082E-01	0
-8.447	38.492	4.0478E-01	3
-8.403	38.490	3.7541E-01	0
-8.360	38.488	3.6887E-01	3
-8.317	38.486	4.5452E-01	0
-8.274	38.484	4.2328E-01	3
-9.233	38.507	3.4089E-03	3
-9.184	38.505	1.4828E-01	3
-9.135	38.503	3.0256E-01	3
-9.086	38.501	3.0931E-01	3
-9.038	38.499	3.4049E-01	3
-8.990	38.498	3.2931E-01	3
-8.944	38.496	2.6369E-01	3
-8.900	38.494	9.8984E-02	3
-8.853	38.492	5.3556E-02	3
-8.807	38.490	2.2648E-01	3
-8.762	38.489	1.5536E-01	3
-8.716	38.487	2.3232E-01	3
-8.670	38.485	3.0831E-01	3
-8.625	38.483	3.2878E-01	3
-8.581	38.481	3.9647E-01	3
-8.536	38.479	3.8439E-01	3
-8.492	38.477	3.8527E-01	3
-8.448	38.475	3.6045E-01	3
-8.405	38.474	3.6217E-01	3
-8.362	38.472	3.5806E-01	3
-8.318	38.470	4.2795E-01	3
-8.275	38.468	4.1212E-01	3
-9.234	38.489	3.3036E-03	2
-9.185	38.488	1.6510E-01	3
-9.135	38.486	3.3770E-01	1
-9.087	38.484	3.2556E-01	3
-9.038	38.482	3.4767E-01	0
-8.990	38.481	2.7405E-01	3
-8.947	38.479	8.8732E-02	0
-8.901	38.477	1.4958E-01	3
-8.854	38.475	7.4570E-02	0
-8.808	38.474	6.4525E-02	3
-8.763	38.472	5.9155E-02	0
-8.717	38.470	2.1819E-01	3
-8.671	38.468	3.3823E-01	0
-8.627	38.466	3.3605E-01	3
-8.582	38.465	3.6207E-01	0
-8.537	38.463	3.5505E-01	3
-8.493	38.461	3.6121E-01	0
-8.450	38.459	4.8415E-01	3
-8.407	38.457	4.7820E-01	0
-8.363	38.455	3.6679E-01	3
-8.319	38.454	4.1321E-01	0
-8.276	38.452	4.1947E-01	3
-9.235	38.472	3.7670E-03	3
-9.185	38.471	1.9888E-01	3
-9.135	38.469	3.8201E-01	3
-9.087	38.467	3.8128E-01	3
-9.038	38.465	3.5864E-01	3
-8.993	38.464	1.8241E-01	3
-8.948	38.462	7.0858E-03	3
-8.902	38.460	2.9362E-02	3
-8.855	38.459	1.2887E-01	3
-8.809	38.457	1.5995E-02	3
-8.764	38.455	3.9792E-02	3
-8.718	38.453	2.1934E-01	3
-8.672	38.452	2.9017E-01	3
-8.628	38.450	3.3092E-01	3
-8.583	38.448	3.1888E-01	3
-8.539	38.446	3.5121E-01	3
-8.495	38.445	3.9353E-01	3
-8.451	38.443	4.6682E-01	3
-8.408	38.441	4.5008E-01	3
-8.364	38.439	3.3332E-01	3
-8.321	38.437	3.9818E-01	3
-8.278	38.435	4.1865E-01	3
-9.239	38.539	3.9732E-03	2
-9.190	38.536	1.1016E-01	3
-9.142	38.534	2.8189E-01	0
-9.093	38.532	2.9746E-01	3
-9.045	38.530	3.3801E-01	0
-8.998	38.528	3.7102E-01	3
-8.951	38.526	3.6995E-01	0
-8.905	38.524	3.2267E-01	3
-8.859	38.521	3.4075E-01	0
-8.814	38.519	2.7907E-01	3
-8.768	38.517	1.1758E-01	0
-8.723	38.515	2.0541E-01	3
-8.677	38.513	3.2095E-01	0
-8.631	38.511	3.3358E-01	3
-8.587	38.508	3.5563E-01	0
-8.543	38.506	3.8372E-01	3
-8.499	38.504	3.9882E-01	0
-8.454	38.502	4.2009E-01	3
-8.411	38.500	3.9462E-01	0
-8.367	38.497	3.6095E-01	3
-8.324	38.495	4.5700E-01	0
-8.281	38.493	4.2537E-01	3
-9.240	38.521	3.7179E-03	3
-9.191	38.519	8.7184E-02	3
-9.143	38.517	2.5928E-01	3
-9.094	38.515	3.0743E-01	3
-9.046	38.513	3.4139E-01	3
-8.998	38.511	3.6919E-01	3
-8.952	38.509	3.0910E-01	3
-8.907	38.507	8.8520E-02	3
-8.861	38.505	9.8248E-02	3
-8.814	38.502	2.7878E-01	3
-8.769	38.500	1.8827E-01	3
-8.723	38.498	2.1066E-01	3
-8.678	38.496	3.1603E-01	3
-8.632	38.494	3.2687E-01	3
-8.588	38.492	3.6170E-01	3
-8.543	38.490	3.5925E-01	3
-8.499	38.488	3.6393E-01	3
-8.455	38.485	3.8867E-01	3
-8.412	38.483	3.7176E-01	3
-8.369	38.481	3.5473E-01	3
-8.325	38.479	4.1954E-01	3
-8.282	38.477	4.1979E-01	3
-9.241	38.504	4.8276E-03	0
-9.192	38.502	1.1664E-01	3
-9.143	38.500	3.2118E-01	0
-9.094	38.498	3.0721E-01	3
-9.046	38.496	3.5385E-01	0
-8.998	38.494	3.2760E-01	3
-8.951	38.492	2.8564E-01	0
-8.908	38.490	1.4324E-01	3
-8.862	38.488	5.4744E-02	0
-8.815	38.486	1.5930E-01	3
-8.770	38.484	1.5601E-01	0
-8.724	38.482	1.9604E-01	3
-8.679	38.479	3.3286E-01	0
-8.634	38.477	3.1910E-01	3
-8.589	38.475	3.9525E-01	0
-8.544	38.473	4.0426E-01	3
-8.500	38.471	3.8124E-01	0
-8.456	38.469	3.9118E-01	3
-8.414	38.467	4.1455E-01	0
-8.370	38.465	3.8386E-01	3
-8.326	38.463	4.3188E-01	0
-8.283	38.460	4.3554E-01	3
-9.242	38.487	3.6932E-03	3
-9.193	38.485	1.2412E-01	3
-9.143	38.483	3.4110E-01	3
-9.094	38.481	3.4010E-01	3
-9.047	38.479	3.4224E-01	3
-8.998	38.477	2.8484E-01	3
-8.955	38.475	5.7190E-02	3
-8.909	38.473	1.0021E-01	3
-8.862	38.471	1.0278E-01	3
-8.816	38.469	2.6431E-02	3
-8.771	38.467	3.9401E-02	3
-8.725	38.465	1.8503E-01	3
-8.680	38.463	3.0960E-01	3
-8.635	38.461	3.4023E-01	3
-8.590	38.459	3.3886E-01	3
-8.545	38.457	3.3810E-01	3
-8.502	38.455	3.5283E-01	3
-8.458	38.453	4.8659E-01	3
-8.415	38.451	4.7724E-01	3
-8.371	38.448	3.5419E-01	3
-8.328	38.446	3.9321E-01	3
-8.284	38.444	4.1807E-01	3
-9.242	38.470	4.4297E-03	0
-9.193	38.468	1.6145E-01	3
-9.143	38.466	3.9160E-01	0
-9.094	38.464	3.8399E-01	3
-9.047	38.462	3.7276E-01	0
-9.001	38.460	1.8974E-01	3
-8.956	38.458	1.0917E-02	0
-8.910	38.456	9.9192E-03	3
-8.863	38.454	1.3719E-01	0
-8.817	38.452	5.8696E-02	3
-8.772	38.450	2.6645E-02	0
-8.726	38.448	1.6116E-01	3
-8.681	38.446	2.8803E-01	0
-8.636	38.444	3.1960E-01	3
-8.591	38.442	3.2661E-01	0
-8.547	38.440	3.6133E-01	3
-8.503	38.438	4.0177E-01	0
-8.459	38.436	4.5333E-01	3
-8.416	38.434	4.5500E-01	0
-8.373	38.432	3.2596E-01	3
-8.330	38.430	4.1842E-01	0
-8.287	38.428	3.9826E-01	3
-9.243	38.453	8.5325E-03	3
-9.193	38.451	2.2404E-01	3
-9.143	38.449	3.6232E-01	3
-9.095	38.447	3.2488E-01	3
-9.048	38.445	2.1648E-01	3
-9.004	38.443	2.4223E-02	3
-8.957	38.441	2.6673E-03	3
-8.911	38.439	2.9686E-03	3
-8.864	38.437	5.0090E-02	3
-8.818	38.435	1.6586E-01	3
-8.773	38.433	1.1813E-01	3
-8.727	38.432	4.5068E-02	3
-8.682	38.430	1.9880E-01	3
-8.637	38.428	3.1051E-01	3
-8.592	38.426	3.3577E-01	3
-8.548	38.424	3.3709E-01	3
-8.504	38.422	3.5067E-01	3
-8.460	38.420	4.4316E-01	3
-8.417	38.418	4.3038E-01	3
-8.373	38.416	2.9670E-01	3
-8.331	38.414	3.3248E-01	3
-8.287	38.412	4.0230E-01	3
-9.244	38.435	2.5335E-02	0
-9.194	38.433	2.7385E-01	3
-9.145	38.432	2.2832E-01	0
-9.099	38.430	4.6758E-02	3
-9.052	38.428	1.1525E-02	0
-9.005	38.426	1.8404E-03	3
-8.958	38.424	2.4677E-03	0
-8.911	38.422	3.0544E-03	3
-8.865	38.421	1.0350E-02	0
-8.819	38.419	1.2784E-01	3
-8.774	38.417	1.9859E-01	0
-8.728	38.415	2.3376E-01	3
-8.683	38.413	1.9673E-01	0
-8.638	38.411	1.9424E-01	3
-8.594	38.409	2.3110E-01	0
-8.550	38.407	2.3053E-01	3
-8.505	38.405	3.6394E-01	0
-8.462	38.403	4.4704E-01	3
-8.418	38.401	3.9704E-01	0
-8.374	38.399	3.8133E-01	3
-8.332	38.398	4.8098E-01	0
-8.289	38.396	4.3094E-01	3
-9.245	38.418	3.3712E-02	3
-9.195	38.416	1.7575E-01	3
-9.148	38.415	1.1478E-02	3
-9.101	38.413	1.0755E-03	3
-9.053	38.411	1.2526E-03	3
-9.006	38.409	1.2527E-03	3
-8.959	38.407	1.6622E-03	3
-8.912	38.406	2.7182E-03	3
-8.866	38.404	3.2621E-03	3
-8.820	38.402	9.9882E-02	3
-8.774	38.400	2.8962E-01	3
-8.729	38.398	3.3227E-01	3
-8.684	38.396	3.1178E-01	3
-8.639	38.394	3.1047E-01	3
-8.594	38.393	3.3006E-01	3
-8.550	38.391	2.9299E-01	3
-8.506	38.389	3.3641E-01	3
-8.463	38.387	3.4407E-01	3
-8.419	38.385	3.9598E-01	3
-8.375	38.383	3.9608E-01	3
-8.332	38.381	4.7708E-01	3
-8.290	38.379	4.8467E-01	3
-9.246	38.401	1.8905E-03	0
-9.197	38.399	5.0286E-04	3
-9.149	38.398	7.9555E-04	0
-9.101	38.396	4.8245E-04	2
-9.054	38.394	3.3349E-04	0
-9.007	38.392	6.7226E-04	2
-8.960	38.390	1.1250E-03	0
-8.913	38.389	1.8460E-03	3
-8.867	38.387	3.2305E-03	0
-8.821	38.385	7.1086E-02	3
-8.775	38.383	2.9638E-01	0
-8.730	38.382	3.1136E-01	3
-8.684	38.380	3.0887E-01	0
-8.640	38.378	3.0067E-01	3
-8.595	38.376	2.9970E-01	0
-8.551	38.374	2.9746E-01	3
-8.508	38.372	3.5394E-01	0
-8.464	38.371	3.3441E-01	3
-8.419	38.369	3.3790E-01	0
-8.376	38.367	3.5707E-01	3
-8.333	38.365	3.6068E-01	0
-8.291	38.363	3.7008E-01	3
-9.247	38.384	4.8818E-04	3
-9.198	38.382	7.4380E-05	3
-9.150	38.380	0.0000E+00	3
-9.102	38.379	0.0000E+00	3
-9.055	38.377	0.0000E+00	3
-9.008	38.375	5.8722E-04	3
-8.961	38.374	1.1329E-03	3
-8.914	38.372	1.7934E-03	3
-8.868	38.370	2.3879E-03	3
-8.822	38.368	3.4160E-02	3
-8.776	38.367	2.2377E-01	3
-8.731	38.365	2.8305E-01	3
-8.685	38.363	3.3444E-01	3
-8.640	38.361	2.7856E-01	3
-8.596	38.360	2.7383E-01	3
-8.552	38.358	3.1432E-01	3
-8.509	38.356	3.2182E-01	3
-8.464	38.354	3.3727E-01	3
-8.420	38.352	3.4192E-01	3
-8.377	38.350	3.4294E-01	3
-9.249	38.450	5.1600E-03	2
-9.200	38.448	2.0189E-01	3
-9.149	38.445	3.9692E-01	0
-9.102	38.443	2.8594E-01	3
-9.055	38.441	1.8625E-01	0
-9.010	38.439	1.4179E-02	3
-8.963	38.437	2.4402E-03	0
-8.917	38.435	2.8021E-03	3
-8.870	38.433	2.2282E-02	0
-8.824	38.430	1.5220E-01	3
-8.779	38.428	1.4706E-01	0
-8.734	38.426	7.8438E-02	3
-8.689	38.424	1.4457E-01	0
-8.644	38.422	2.7530E-01	3
-8.599	38.420	3.3390E-01	0
-8.555	38.417	2.8492E-01	3
-8.510	38.415	3.6009E-01	0
-8.467	38.413	4.4286E-01	3
-8.424	38.411	4.3545E-01	0
-8.380	38.409	3.2725E-01	3
-8.337	38.406	3.7850E-01	0
-8.294	38.404	3.9559E-01	3
-8.251	38.402	4.3305E-01	0
-9.200	38.430	2.5205E-01	3
-9.152	38.428	1.7651E-01	3
-9.106	38.426	3.0342E-02	3
-9.058	38.424	7.8450E-04	3
-9.011	38.422	7.8840E-04	3
-8.964	38.420	1.2777E-03	3
-8.918	38.418	1.9484E-03	3
-8.871	38.416	2.9029E-03	3
-8.825	38.414	9.8617E-02	3
-8.780	38.412	2.2484E-01	3
-8.734	38.409	2.9573E-01	3
-8.689	38.407	2.6122E-01	3
-8.645	38.405	2.1206E-01	3
-8.600	38.403	2.5096E-01	3
-8.556	38.401	2.6845E-01	3
-8.511	38.399	3.3222E-01	3
-8.468	38.397	3.8973E-01	3
-8.425	38.394	3.9388E-01	3
-8.380	38.392	3.9948E-01	3
-8.338	38.390	4.8590E-01	3
-8.295	38.388	4.7447E-01	3
-8.252	38.386	4.2739E-01	3
-9.202	38.413	1.3666E-01	3
-9.154	38.411	1.4262E-02	0
-9.107	38.409	1.4421E-04	3
-9.059	38.407	9.0202E-04	0
-9.012	38.405	1.1099E-03	3
-8.965	38.403	1.4540E-03	0
-8.918	38.401	2.2914E-03	3
-8.872	38.399	3.3588E-03	0
-8.826	38.397	7.0716E-02	3
-8.781	38.395	2.9630E-01	0
-8.735	38.393	3.4157E-01	3
-8.690	38.391	3.3346E-01	0
-8.645	38.389	3.1276E-01	3
-8.601	38.386	3.1872E-01	0
-8.556	38.384	2.8533E-01	3
-8.512	38.382	3.6002E-01	0
-8.469	38.380	3.4068E-01	3
-8.425	38.378	3.8349E-01	0
-8.381	38.376	3.6448E-01	3
-8.338	38.374	4.1127E-01	0
-8.296	38.372	4.2837E-01	3
-8.253	38.369	4.4096E-01	0
-9.203	38.396	7.7470E-05	3
-9.155	38.394	1.7413E-04	3
-9.107	38.392	0.0000E+00	3
-9.060	38.390	0.0000E+00	3
-9.013	38.388	4.7579E-04	3
-8.966	38.386	9.4764E-04	3
-8.919	38.384	1.9511E-03	3
-8.873	38.382	2.6564E-03	3
-8.827	38.380	4.0336E-02	3
-8.781	38.378	2.4602E-01	3
-8.736	38.376	2.9614E-01	3
-8.690	38.374	2.9886E-01	3
-8.646	38.372	2.9675E-01	3
-8.601	38.370	2.8194E-01	3
-8.557	38.368	3.0397E-01	3
-8.514	38.366	3.2293E-01	3
-8.470	38.364	3.4304E-01	3
-8.425	38.362	3.3059E-01	3
-8.382	38.360	3.5952E-01	3
-8.340	38.357	3.3860E-01	3
-8.298	38.355	3.7787E-01	3
-8.254	38.353	4.2144E-01	3
-9.204	38.379	1.9604E-04	3
-9.156	38.377	0.0000E+00	0
-9.108	38.375	0.0000E+00	3
-9.061	38.373	0.0000E+00	0
-9.014	38.371	3.4559E-04	3
-8.967	38.369	9.8378E-04	0
-8.920	38.367	1.8531E-03	3
-8.874	38.365	2.8386E-03	0
-8.828	38.363	1.7398E-02	3
-8.782	38.361	1.9384E-01	0
-8.737	38.359	2.7072E-01	3
-8.691	38.357	3.2126E-01	0
-8.646	38.355	2.6867E-01	3
-8.602	38.353	2.7324E-01	0
-8.558	38.351	2.9350E-01	3
-9.205	38.362	0.0000E+00	3
-9.157	38.360	0.0000E+00	3
-9.109	38.358	0.0000E+00	3
-9.062	38.356	0.0000E+00	3
-9.015	38.354	1.6613E-04	3
-8.968	38.352	8.2123E-04	3
-8.921	38.350	1.2472E-03	3
-9.213	38.359	0.0000E+00	3
-9.165	38.357	0.0000E+00	0
-9.117	38.355	0.0000E+00	3
-9.070	38.353	0.0000E+00	0
-9.023	38.351	0.0000E+00	3
