-8.397	39.349	3.4895E-01	3
-8.342	39.347	3.3373E-01	3
-8.288	39.346	2.8369E-01	3
-8.622	39.337	4.3092E-01	0
-8.567	39.335	3.4073E-01	3
-8.511	39.334	3.4704E-01	3
-8.454	39.332	3.4585E-01	3
-8.398	39.331	3.8177E-01	3
-8.344	39.329	3.7962E-01	3
-8.289	39.328	3.7095E-01	3
-8.623	39.319	4.1139E-01	3
-8.568	39.317	3.4664E-01	3
-8.512	39.316	3.8955E-01	3
-8.455	39.314	3.9459E-01	3
-8.400	39.313	4.1470E-01	3
-8.344	39.311	3.8596E-01	3
-8.289	39.310	3.7186E-01	3
-8.402	39.350	3.5052E-01	3
-8.348	39.348	3.3688E-01	3
-8.294	39.346	2.9068E-01	3
-8.628	39.339	2.7565E-01	3
-8.572	39.337	3.4423E-01	3
-8.517	39.335	3.4627E-01	3
-8.460	39.334	3.4784E-01	3
-8.404	39.332	3.8009E-01	3
-8.350	39.330	3.8338E-01	3
-8.295	39.328	3.7281E-01	3
-8.628	39.321	4.7329E-01	0
-8.573	39.319	3.5444E-01	3
-8.517	39.317	3.8343E-01	3
-8.461	39.316	3.9422E-01	3
-8.406	39.314	4.1511E-01	3
-8.350	39.312	3.8962E-01	3
-8.295	39.310	3.7004E-01	3
-8.629	39.303	4.1211E-01	3
-8.574	39.301	4.0471E-01	3
-8.517	39.299	4.3439E-01	3
-8.460	39.298	4.0477E-01	3
-8.405	39.296	4.0321E-01	3
-8.350	39.294	3.7805E-01	3
-8.296	39.293	3.7211E-01	3
-8.630	39.284	3.9048E-01	3
-8.574	39.283	4.5849E-01	3
-8.518	39.281	4.2884E-01	3
-8.460	39.280	4.0285E-01	3
-8.405	39.278	3.7642E-01	3
-8.351	39.276	3.7203E-01	3
-8.296	39.275	3.7848E-01	3
-8.631	39.266	3.6511E-01	3
-8.575	39.265	4.2162E-01	3
-8.518	39.263	4.3176E-01	3
-8.461	39.262	3.9768E-01	3
-8.406	39.260	3.8484E-01	3
-8.352	39.259	3.9949E-01	3
-8.297	39.257	4.0153E-01	3
-8.632	39.248	3.5853E-01	3
-8.575	39.247	4.2978E-01	3
-8.518	39.245	4.2621E-01	3
-8.462	39.244	3.9935E-01	3
-8.407	39.242	3.8839E-01	3
-8.353	39.241	3.7794E-01	3
-8.298	39.239	3.6341E-01	3
-8.632	39.230	4.2021E-01	3
-8.576	39.229	4.4663E-01	3
-8.519	39.227	4.0378E-01	3
-8.463	39.226	4.1769E-01	3
-8.408	39.224	4.1011E-01	3
-8.353	39.223	3.8036E-01	3
-8.300	39.221	3.9149E-01	3
-8.638	39.305	3.1259E-01	3
-8.582	39.303	3.9874E-01	3
-8.526	39.301	4.3073E-01	2
-8.469	39.299	4.0647E-01	3
-8.414	39.297	4.0030E-01	3
-8.358	39.295	3.8898E-01	3
-8.304	39.293	3.7941E-01	3
-8.250	39.291	3.4541E-01	3
-8.638	39.287	3.5930E-01	3
-8.583	39.285	4.4274E-01	3
-8.526	39.283	4.4244E-01	3
-8.469	39.281	4.0406E-01	3
-8.413	39.279	3.8393E-01	3
-8.359	39.278	3.7343E-01	3
-8.305	39.276	3.7585E-01	3
-8.251	39.274	3.8164E-01	3
-8.639	39.269	3.3847E-01	3
-8.583	39.267	4.1890E-01	3
-8.526	39.265	4.3861E-01	3
-8.470	39.263	4.0301E-01	3
-8.414	39.262	3.8259E-01	3
-8.360	39.260	3.9831E-01	3
-8.306	39.258	4.0529E-01	3
-8.252	39.256	3.9312E-01	3
-8.640	39.251	3.2998E-01	3
-8.583	39.249	4.1752E-01	3
-8.526	39.247	4.3791E-01	3
-8.470	39.245	4.1173E-01	3
-8.415	39.244	3.9090E-01	3
-8.361	39.242	3.8457E-01	3
-8.306	39.240	3.6543E-01	3
-8.253	39.238	3.8357E-01	3
-8.641	39.233	4.2810E-01	0
-8.584	39.231	4.4712E-01	3
-8.527	39.229	4.1199E-01	3
-8.471	39.227	4.0380E-01	3
-8.416	39.226	4.1612E-01	3
-8.362	39.224	3.8582E-01	3
-8.308	39.222	3.8721E-01	3
-8.254	39.221	3.9069E-01	3
-8.641	39.214	3.1737E-01	3
-8.584	39.213	4.5368E-01	3
-8.527	39.211	4.2092E-01	3
-8.472	39.210	4.0104E-01	3
-8.417	39.208	3.9078E-01	3
-8.362	39.206	3.7781E-01	3
-8.308	39.204	3.8620E-01	3
-8.254	39.203	3.8104E-01	3
-8.642	39.196	3.9147E-01	3
-8.585	39.195	4.6796E-01	3
-8.528	39.193	4.4321E-01	3
-8.473	39.192	3.8943E-01	3
-8.418	39.190	3.9934E-01	3
-8.363	39.188	3.9812E-01	3
-8.309	39.187	3.7989E-01	3
-8.255	39.185	3.8102E-01	3
-8.642	39.178	4.2181E-01	3
-8.585	39.177	4.4651E-01	3
-8.529	39.175	4.2405E-01	3
-8.474	39.174	4.0267E-01	3
-8.418	39.172	3.8619E-01	3
-8.364	39.170	3.7781E-01	3
-8.309	39.169	3.8363E-01	3
-8.256	39.167	4.0940E-01	3
-8.643	39.160	4.4425E-01	3
-8.585	39.159	4.3991E-01	3
-8.530	39.157	4.2893E-01	3
-8.474	39.156	3.8159E-01	3
-8.419	39.154	3.6994E-01	3
-8.364	39.153	3.6537E-01	3
-8.310	39.151	4.1249E-01	3
-8.257	39.150	4.1326E-01	3
-8.643	39.142	4.5820E-01	3
-8.585	39.141	4.1529E-01	3
-8.531	39.139	4.1042E-01	3
-8.475	39.138	3.8522E-01	3
-8.420	39.136	3.9299E-01	3
-8.365	39.135	4.1462E-01	3
-8.311	39.133	4.0655E-01	3
-8.257	39.132	3.8698E-01	3
-8.647	39.217	3.0391E-01	3
-8.590	39.215	4.5182E-01	3
-8.533	39.213	4.2943E-01	3
-8.478	39.211	4.0909E-01	3
-8.423	39.209	3.9802E-01	3
-8.368	39.207	3.8179E-01	3
-8.314	39.205	3.8978E-01	3
-8.260	39.203	3.8268E-01	3
-8.647	39.198	3.8562E-01	3
-8.590	39.196	4.6794E-01	3
-8.533	39.195	4.5224E-01	3
-8.478	39.193	3.9170E-01	3
-8.424	39.191	3.9482E-01	3
-8.369	39.189	3.9731E-01	3
-8.315	39.187	3.8378E-01	3
-8.260	39.185	3.7881E-01	3
-8.648	39.180	3.9999E-01	3
-8.590	39.178	4.4777E-01	3
-8.534	39.177	4.2463E-01	3
-8.480	39.175	4.0653E-01	3
-8.424	39.173	3.9315E-01	3
-8.369	39.171	3.8382E-01	3
-8.315	39.169	3.8154E-01	3
-8.261	39.167	4.0682E-01	3
-8.648	39.162	4.5153E-01	3
-8.591	39.160	4.4468E-01	3
-8.535	39.159	4.3418E-01	3
-8.479	39.157	3.8752E-01	3
-8.424	39.155	3.7045E-01	3
-8.370	39.153	3.6580E-01	3
-8.316	39.151	4.0763E-01	3
-8.262	39.150	4.1592E-01	3
-8.649	39.144	4.6205E-01	3
-8.591	39.142	4.2116E-01	3
-8.536	39.141	4.1206E-01	3
-8.480	39.139	3.8450E-01	3
-8.425	39.137	3.8907E-01	3
-8.371	39.135	4.0904E-01	3
-8.316	39.134	4.0598E-01	3
-8.263	39.132	3.8625E-01	3
-8.649	39.126	4.4891E-01	3
-8.592	39.124	4.0463E-01	3
-8.537	39.123	4.0199E-01	3
-8.482	39.121	3.9377E-01	3
-8.426	39.119	4.1023E-01	3
-8.371	39.117	4.1731E-01	3
-8.317	39.116	3.8883E-01	3
-8.264	39.114	3.5933E-01	3
-8.650	39.108	3.2880E-01	3
-8.594	39.106	4.1433E-01	3
-8.537	39.104	4.3623E-01	3
-8.481	39.103	4.1361E-01	3
-8.426	39.101	4.0373E-01	3
-8.372	39.100	4.1462E-01	3
-8.318	39.098	3.6724E-01	3
-8.265	39.096	3.6536E-01	3
-8.650	39.090	4.1017E-01	3
-8.593	39.088	3.9333E-01	3
-8.537	39.086	4.2878E-01	3
-8.482	39.085	4.2440E-01	3
-8.427	39.083	4.1919E-01	3
-8.372	39.082	3.7955E-01	3
-8.319	39.080	3.6003E-01	3
-8.265	39.079	3.7975E-01	3
-8.651	39.071	4.1827E-01	3
-8.594	39.070	4.1195E-01	3
-8.539	39.068	3.9649E-01	3
-8.483	39.067	3.8893E-01	3
-8.427	39.065	3.9869E-01	3
-8.373	39.064	3.7023E-01	3
-8.320	39.062	3.6179E-01	3
-8.266	39.061	3.8190E-01	3
-8.651	39.053	4.0038E-01	3
-8.595	39.052	3.7328E-01	3
-8.539	39.050	4.0277E-01	3
-8.483	39.049	4.2170E-01	3
-8.428	39.048	3.8913E-01	3
-8.374	39.046	3.6995E-01	3
-8.320	39.045	3.8429E-01	3
-8.268	39.043	3.6709E-01	3
-8.658	39.128	3.4208E-01	3
-8.601	39.127	4.0956E-01	3
-8.545	39.125	3.9913E-01	3
-8.490	39.123	3.9947E-01	3
-8.435	39.121	4.0840E-01	3
-8.380	39.119	4.1474E-01	3
-8.325	39.117	4.0133E-01	3
-8.272	39.115	3.6439E-01	3
-8.658	39.110	3.4435E-01	3
-8.602	39.108	4.1550E-01	3
-8.546	39.107	4.3923E-01	3
-8.490	39.105	4.1276E-01	3
-8.434	39.103	4.0233E-01	3
-8.380	39.101	4.2200E-01	3
-8.326	39.099	3.8032E-01	3
-8.273	39.097	3.5998E-01	3
-8.659	39.092	3.5520E-01	3
-8.602	39.090	3.8816E-01	3
-8.546	39.089	4.3719E-01	3
-8.490	39.087	4.2708E-01	3
-8.435	39.085	4.3048E-01	3
-8.381	39.083	3.8595E-01	3
-8.327	39.081	3.6318E-01	3
-8.273	39.079	3.7868E-01	3
-8.659	39.074	3.9948E-01	3
-8.603	39.072	4.0854E-01	3
-8.547	39.070	4.0196E-01	3
-8.491	39.069	3.9149E-01	3
-8.436	39.067	3.9845E-01	3
-8.381	39.065	3.7455E-01	3
-8.328	39.063	3.6628E-01	3
-8.275	39.061	3.7853E-01	3
-8.659	39.056	4.0353E-01	3
-8.603	39.054	3.7937E-01	3
-8.547	39.052	4.0673E-01	3
-8.492	39.051	4.2410E-01	3
-8.436	39.049	3.9647E-01	3
-8.382	39.047	3.7194E-01	3
-8.329	39.045	3.8369E-01	3
-8.276	39.044	3.6705E-01	3
-8.660	39.038	3.2764E-01	3
-8.603	39.036	3.6962E-01	3
-8.548	39.034	4.0482E-01	3
-8.492	39.033	3.9543E-01	3
-8.437	39.031	3.8859E-01	3
-8.384	39.029	3.6962E-01	3
-8.330	39.028	3.7876E-01	3
-8.277	39.026	4.0063E-01	3
-8.660	39.020	3.3247E-01	3
-8.604	39.018	3.7491E-01	3
-8.548	39.016	3.9722E-01	3
-8.493	39.015	3.7987E-01	3
-8.439	39.013	3.7664E-01	3
-8.385	39.012	3.7394E-01	3
-8.332	39.010	4.0102E-01	3
-8.278	39.008	3.9591E-01	3
-8.661	39.001	3.9548E-01	3
-8.605	39.000	3.9819E-01	3
-8.549	38.998	4.0573E-01	3
-8.494	38.997	4.0896E-01	3
-8.441	38.995	4.1534E-01	3
-8.387	38.994	4.1128E-01	3
-8.332	38.992	4.2932E-01	3
-8.279	38.991	4.3467E-01	3
-8.662	38.983	3.7201E-01	2
-8.606	38.982	3.9909E-01	2
-8.550	38.980	4.0564E-01	3
-8.496	38.979	4.1157E-01	3
-8.442	38.977	4.2644E-01	3
-8.387	38.976	3.8915E-01	3
-8.332	38.974	3.8449E-01	3
-8.279	38.973	3.8409E-01	3
-8.662	38.965	3.8431E-01	3
-8.606	38.964	4.0385E-01	3
-8.551	38.962	3.9128E-01	3
-8.497	38.961	4.1921E-01	3
-8.442	38.959	4.2401E-01	3
-8.387	38.958	3.8631E-01	3
-8.333	38.956	3.7747E-01	3
-8.279	38.955	3.5114E-01	3
-8.666	39.040	3.2189E-01	1
-8.609	39.038	3.7116E-01	3
-8.553	39.036	4.0791E-01	3
-8.498	39.034	4.0019E-01	3
-8.443	39.032	3.9543E-01	3
-8.389	39.030	3.7421E-01	3
-8.336	39.028	3.7846E-01	3
-8.283	39.026	4.0030E-01	3
-8.666	39.022	3.4023E-01	3
-8.610	39.020	3.6938E-01	3
-8.554	39.018	3.9808E-01	3
-8.499	39.016	3.7680E-01	3
-8.445	39.014	3.8010E-01	3
-8.391	39.012	3.7400E-01	3
-8.338	39.010	3.9842E-01	3
-8.284	39.008	4.0086E-01	3
-8.667	39.004	3.7716E-01	2
-8.610	39.002	3.9919E-01	2
-8.555	39.000	4.0991E-01	3
-8.500	38.998	4.1464E-01	3
-8.446	38.996	4.1615E-01	3
-8.392	38.994	4.0610E-01	3
-8.338	38.993	4.2662E-01	3
-8.285	38.991	4.3421E-01	3
-8.668	38.986	3.6683E-01	3
-8.611	38.984	3.9764E-01	3
-8.556	38.982	4.0380E-01	3
-8.501	38.980	4.0875E-01	3
-8.447	38.978	4.2872E-01	3
-8.392	38.977	3.9486E-01	3
-8.338	38.975	3.8419E-01	3
-8.284	38.973	3.8483E-01	3
-8.668	38.967	3.8246E-01	1
-8.612	38.966	3.9985E-01	2
-8.557	38.964	3.9066E-01	2
-8.502	38.962	4.1178E-01	3
-8.448	38.960	4.2451E-01	3
-8.393	38.959	3.8751E-01	3
-8.339	38.957	3.7644E-01	3
-8.284	38.955	3.4953E-01	3
-8.669	38.949	3.3144E-01	3
-8.613	38.948	3.7631E-01	3
-8.558	38.946	3.4063E-01	3
-8.503	38.944	4.0420E-01	3
-8.448	38.943	4.4450E-01	3
-8.393	38.941	4.0919E-01	3
-8.339	38.939	3.8000E-01	3
-8.285	38.937	4.0325E-01	3
-8.669	38.931	3.9544E-01	1
-8.614	38.930	3.3883E-01	2
-8.559	38.928	3.5930E-01	2
-8.503	38.926	4.1315E-01	3
-8.448	38.925	4.0735E-01	3
-8.394	38.923	4.2483E-01	3
-8.340	38.921	4.3034E-01	3
-8.287	38.920	3.9263E-01	3
-8.670	38.913	4.4147E-01	3
-8.614	38.911	4.2180E-01	3
-8.559	38.910	4.0927E-01	3
-8.504	38.908	3.8953E-01	3
-8.449	38.907	3.8163E-01	3
-8.394	38.905	3.9617E-01	3
-8.341	38.904	3.9798E-01	3
-8.288	38.902	3.9035E-01	3
-8.671	38.895	3.9188E-01	1
-8.614	38.893	4.1482E-01	2
-8.559	38.892	3.8685E-01	2
-8.504	38.890	3.7362E-01	3
-8.449	38.889	3.7927E-01	3
-8.395	38.887	3.8701E-01	3
-8.341	38.886	3.9334E-01	3
-8.288	38.884	3.8317E-01	3
-8.671	38.877	4.1476E-01	3
-8.615	38.875	4.0948E-01	3
-8.559	38.874	4.1137E-01	3
-8.505	38.872	4.1265E-01	3
-8.450	38.871	3.8639E-01	3
-8.395	38.869	3.8410E-01	3
-8.342	38.868	3.8429E-01	3
-8.289	38.866	4.0605E-01	3
-8.678	38.952	2.6860E-01	1
-8.622	38.950	3.9216E-01	3
-8.566	38.948	3.7073E-01	2
-8.512	38.946	3.8417E-01	3
-8.456	38.944	4.5207E-01	3
-8.402	38.942	4.1488E-01	3
-8.347	38.940	3.8568E-01	3
-8.294	38.938	4.0611E-01	3
-8.678	38.934	3.6152E-01	3
-8.622	38.932	3.2732E-01	3
-8.567	38.930	3.2819E-01	3
-8.512	38.928	4.1759E-01	3
-8.457	38.926	4.0524E-01	3
-8.403	38.924	4.2319E-01	3
-8.349	38.922	4.2864E-01	3
-8.295	38.920	3.9977E-01	3
-8.678	38.916	4.0860E-01	2
-8.622	38.914	4.1898E-01	2
-8.567	38.912	4.1977E-01	2
-8.512	38.910	3.9813E-01	3
-8.457	38.908	3.8359E-01	3
-8.403	38.906	3.9711E-01	3
-8.349	38.904	3.9764E-01	3
-8.296	38.902	3.9304E-01	3
-8.679	38.897	4.0577E-01	3
-8.623	38.896	4.1939E-01	3
-8.567	38.894	3.9196E-01	3
-8.512	38.892	3.7474E-01	3
-8.457	38.890	3.7718E-01	3
-8.403	38.888	3.9175E-01	3
-8.349	38.887	3.9531E-01	3
-8.296	38.885	3.8870E-01	3
-8.679	38.879	4.3374E-01	1
-8.623	38.878	4.1778E-01	2
-8.568	38.876	4.1144E-01	2
-8.513	38.874	4.1204E-01	3
-8.458	38.872	3.9238E-01	3
-8.403	38.870	3.9027E-01	3
-8.350	38.869	3.8422E-01	3
-8.297	38.867	4.0649E-01	3
-8.680	38.861	3.3076E-01	3
-8.624	38.859	3.7863E-01	3
-8.568	38.858	4.0001E-01	3
-8.513	38.856	3.9435E-01	3
-8.459	38.854	3.8782E-01	3
-8.404	38.853	3.7584E-01	3
-8.350	38.851	3.8184E-01	3
-8.297	38.849	4.0479E-01	3
-8.681	38.843	3.3855E-01	1
-8.624	38.841	4.0943E-01	2
-8.568	38.840	4.1048E-01	2
-8.513	38.838	3.9076E-01	3
-8.459	38.836	3.8558E-01	3
-8.404	38.835	3.7389E-01	3
-8.351	38.833	3.8397E-01	3
-8.298	38.831	4.1299E-01	3
-8.682	38.825	3.7827E-01	3
-8.625	38.823	3.8378E-01	3
-8.569	38.822	4.1513E-01	3
-8.514	38.820	3.9963E-01	3
-8.459	38.819	3.7346E-01	3
-8.405	38.817	3.6377E-01	3
-8.351	38.815	3.9693E-01	3
-8.298	38.814	4.1014E-01	3
-8.682	38.807	3.8497E-01	1
-8.626	38.805	4.2496E-01	2
-8.571	38.804	4.1452E-01	2
-8.516	38.802	4.2105E-01	3
-8.461	38.801	3.7507E-01	3
-8.406	38.799	3.8596E-01	3
-8.352	38.798	3.9366E-01	3
-8.298	38.796	4.2051E-01	3
-8.682	38.789	4.1386E-01	3
-8.627	38.787	4.1800E-01	3
-8.571	38.786	3.8652E-01	3
-8.516	38.784	3.9558E-01	3
-8.462	38.783	3.9252E-01	3
-8.407	38.781	3.9241E-01	3
-8.353	38.780	4.4192E-01	3
-8.300	38.778	4.6673E-01	3
-8.686	38.863	3.3869E-01	1
-8.629	38.861	3.7791E-01	2
-8.574	38.859	4.0285E-01	1
-8.519	38.857	4.0195E-01	2
-8.465	38.855	3.9158E-01	3
-8.410	38.853	3.8202E-01	3
-8.356	38.851	3.8092E-01	3
-8.303	38.849	4.0594E-01	3
-8.250	38.847	3.8123E-01	3
-8.687	38.845	3.4461E-01	3
-8.630	38.843	4.0330E-01	3
-8.574	38.841	4.1308E-01	3
-8.519	38.839	3.9137E-01	3
-8.465	38.837	3.8561E-01	3
-8.410	38.835	3.7656E-01	3
-8.356	38.834	3.7949E-01	3
-8.304	38.832	4.0962E-01	3
-8.251	38.830	4.5043E-01	3
-8.687	38.827	3.8415E-01	1
-8.631	38.825	3.8596E-01	2
-8.575	38.823	4.1442E-01	1
-8.520	38.821	4.0339E-01	2
-8.465	38.820	3.7685E-01	3
-8.411	38.818	3.6107E-01	3
-8.357	38.816	3.9449E-01	3
-8.304	38.814	4.1016E-01	3
-8.251	38.812	4.5468E-01	3
-8.688	38.809	3.7503E-01	3
-8.632	38.807	4.2679E-01	3
-8.576	38.805	4.1544E-01	3
-8.521	38.803	4.2996E-01	3
-8.466	38.802	3.7792E-01	3
-8.411	38.800	3.8538E-01	3
-8.357	38.798	3.9281E-01	3
-8.304	38.796	4.1769E-01	3
-8.251	38.794	4.3926E-01	3
-8.688	38.791	3.9811E-01	1
-8.632	38.789	4.1671E-01	2
-8.577	38.787	3.8523E-01	1
-8.522	38.785	3.9070E-01	2
-8.467	38.784	3.8884E-01	3
-8.412	38.782	3.8830E-01	3
-8.359	38.780	4.3507E-01	3
-8.305	38.778	4.6438E-01	3
-8.252	38.776	4.6657E-01	3
-8.688	38.773	4.5974E-01	3
-8.633	38.771	4.4197E-01	3
-8.577	38.769	4.0690E-01	3
-8.522	38.768	3.9038E-01	3
-8.467	38.766	4.1557E-01	3
-8.413	38.764	4.3051E-01	3
-8.360	38.762	4.4945E-01	3
-8.306	38.761	4.1243E-01	3
-8.252	38.759	4.6361E-01	3
-8.689	38.754	4.4703E-01	1
-8.633	38.753	4.4245E-01	2
-8.578	38.751	4.0952E-01	1
-8.523	38.750	4.1039E-01	2
-8.468	38.748	3.8573E-01	2
-8.414	38.746	4.0970E-01	3
-8.360	38.745	4.6301E-01	3
-8.306	38.743	4.2925E-01	3
-8.253	38.741	4.5596E-01	3
-8.690	38.736	4.2076E-01	3
-8.634	38.735	4.4331E-01	3
-8.578	38.733	4.0983E-01	3
-8.524	38.732	4.1379E-01	3
-8.469	38.730	3.9475E-01	3
-8.415	38.728	3.9767E-01	3
-8.360	38.727	4.5063E-01	3
-8.306	38.725	4.6785E-01	3
-8.253	38.723	4.5201E-01	3
-8.690	38.718	4.2856E-01	1
-8.634	38.717	4.2077E-01	2
-8.579	38.715	4.1002E-01	1
-8.524	38.714	3.7130E-01	2
-8.470	38.712	3.6442E-01	2
-8.416	38.711	4.2602E-01	3
-8.362	38.709	4.7399E-01	3
-8.307	38.707	5.0460E-01	3
-8.254	38.706	5.0495E-01	3
-8.691	38.700	4.1983E-01	3
-8.635	38.699	4.2716E-01	3
-8.579	38.697	4.2356E-01	3
-8.524	38.696	3.6569E-01	3
-8.470	38.694	3.8767E-01	3
-8.416	38.693	4.3698E-01	3
-8.362	38.691	4.3666E-01	3
-8.309	38.690	4.0336E-01	3
-8.255	38.688	4.5345E-01	3
-8.697	38.775	3.8498E-01	1
-8.641	38.773	4.4478E-01	2
-8.585	38.771	4.1658E-01	1
-8.530	38.769	3.9461E-01	2
-8.476	38.767	4.1423E-01	3
-8.422	38.765	4.2635E-01	3
-8.368	38.763	4.5568E-01	3
-8.314	38.761	4.3045E-01	3
-8.261	38.759	4.5199E-01	3
-8.697	38.757	4.3536E-01	3
-8.641	38.755	4.5335E-01	3
-8.586	38.753	4.1391E-01	3
-8.531	38.751	4.1680E-01	3
-8.476	38.749	3.8949E-01	3
-8.422	38.747	4.0896E-01	3
-8.368	38.745	4.6816E-01	3
-8.314	38.743	4.3435E-01	3
-8.261	38.741	4.4973E-01	3
-8.698	38.739	3.7845E-01	1
-8.642	38.737	4.4185E-01	2
-8.586	38.735	4.1734E-01	1
-8.532	38.733	4.1793E-01	2
-8.477	38.731	4.0082E-01	3
-8.423	38.729	3.9509E-01	3
-8.368	38.727	4.4659E-01	3
-8.314	38.725	4.6728E-01	3
-8.261	38.724	4.5663E-01	3
-8.698	38.721	4.2315E-01	3
-8.642	38.719	4.2574E-01	3
-8.587	38.717	4.1903E-01	3
-8.532	38.715	3.8371E-01	3
-8.478	38.713	3.6801E-01	3
-8.424	38.712	4.1796E-01	3
-8.370	38.710	4.7579E-01	3
-8.315	38.708	5.0552E-01	3
-8.262	38.706	5.1766E-01	3
-8.699	38.702	4.2869E-01	1
-8.643	38.701	4.1846E-01	2
-8.587	38.699	4.2967E-01	1
-8.532	38.697	3.7123E-01	2
-8.478	38.695	3.7405E-01	3
-8.424	38.694	4.2742E-01	3
-8.370	38.692	4.4180E-01	3
-8.317	38.690	4.0666E-01	3
-8.263	38.688	4.4812E-01	3
-8.700	38.684	4.0927E-01	3
-8.644	38.683	4.5388E-01	3
-8.588	38.681	4.2209E-01	3
-8.533	38.679	3.8341E-01	3
-8.478	38.678	4.2978E-01	3
-8.424	38.676	4.4911E-01	3
-8.371	38.674	4.7558E-01	3
-8.317	38.672	4.1489E-01	3
-8.264	38.670	4.5347E-01	3
-8.700	38.666	4.0370E-01	1
-8.644	38.665	4.1815E-01	2
-8.589	38.663	4.1829E-01	1
-8.534	38.661	3.6939E-01	2
-8.479	38.660	4.4000E-01	2
-8.425	38.658	4.7905E-01	3
-8.371	38.656	4.7160E-01	3
-8.317	38.654	4.2255E-01	3
-8.264	38.653	4.6184E-01	3
-8.701	38.648	4.3418E-01	3
-8.645	38.647	4.2169E-01	3
-8.589	38.645	4.0039E-01	3
-8.535	38.643	3.6919E-01	3
-8.480	38.642	4.5510E-01	3
-8.425	38.640	4.7278E-01	3
-8.371	38.638	4.4490E-01	3
-8.317	38.637	4.2790E-01	3
-8.264	38.635	4.3905E-01	3
-8.702	38.630	4.5770E-01	1
-8.646	38.628	3.9924E-01	2
-8.590	38.627	4.0621E-01	1
-8.536	38.625	3.8881E-01	2
-8.481	38.624	4.2083E-01	2
-8.426	38.622	4.5056E-01	2
-8.372	38.621	4.2200E-01	3
-8.318	38.619	4.1947E-01	3
-8.264	38.617	4.4175E-01	3
-8.703	38.612	4.7471E-01	3
-8.647	38.610	4.1768E-01	3
-8.592	38.609	4.2298E-01	3
-8.537	38.607	3.8791E-01	3
-8.482	38.606	4.1410E-01	3
-8.427	38.604	4.4747E-01	3
-8.373	38.603	4.3799E-01	3
-8.318	38.601	4.3468E-01	3
-8.264	38.600	4.0485E-01	3
-8.706	38.686	4.1274E-01	1
-8.650	38.684	4.5599E-01	3
-8.594	38.682	4.3276E-01	1
-8.539	38.680	3.8444E-01	2
-8.484	38.678	4.3321E-01	1
-8.430	38.676	4.5016E-01	2
-8.377	38.674	4.8175E-01	2
-8.323	38.672	4.2295E-01	3
-8.270	38.670	4.5096E-01	3
-8.706	38.668	4.0215E-01	3
-8.650	38.666	4.3046E-01	3
-8.594	38.664	4.2274E-01	3
-8.539	38.662	3.6838E-01	3
-8.485	38.661	4.3336E-01	3
-8.430	38.659	4.7602E-01	3
-8.376	38.657	4.7321E-01	3
-8.323	38.655	4.2707E-01	3
-8.270	38.653	4.5509E-01	3
-8.707	38.650	4.2893E-01	1
-8.651	38.648	4.1843E-01	3
-8.595	38.646	4.0754E-01	1
-8.540	38.645	3.6817E-01	2
-8.486	38.643	4.4820E-01	2
-8.431	38.641	4.7835E-01	2
-8.377	38.639	4.4830E-01	2
-8.323	38.637	4.3096E-01	3
-8.270	38.635	4.3393E-01	3
-8.707	38.632	4.5610E-01	3
-8.652	38.630	4.0556E-01	3
-8.596	38.628	4.0648E-01	3
-8.541	38.627	3.9083E-01	3
-8.487	38.625	4.1648E-01	3
-8.432	38.623	4.5566E-01	3
-8.377	38.621	4.2388E-01	3
-8.324	38.619	4.2066E-01	3
-8.270	38.617	4.3950E-01	3
-8.708	38.614	4.8617E-01	1
-8.653	38.612	4.2453E-01	3
-8.597	38.610	4.2160E-01	1
-8.542	38.609	3.9105E-01	2
-8.488	38.607	4.0404E-01	1
-8.433	38.605	4.4867E-01	2
-8.379	38.603	4.3402E-01	2
-8.324	38.601	4.3624E-01	2
-8.270	38.599	4.0525E-01	3
-8.709	38.596	4.3283E-01	3
-8.654	38.594	4.1023E-01	3
-8.598	38.592	4.0230E-01	3
-8.543	38.591	3.9705E-01	3
-8.489	38.589	4.0671E-01	3
-8.434	38.587	4.3802E-01	3
-8.379	38.585	4.7396E-01	3
-8.325	38.584	5.1956E-01	3
-8.272	38.582	4.5779E-01	3
-8.710	38.578	3.8676E-01	2
-8.654	38.576	4.1324E-01	3
-8.599	38.574	4.0807E-01	2
-8.543	38.573	3.9543E-01	3
-8.489	38.571	4.0256E-01	2
-8.434	38.569	4.4998E-01	2
-8.379	38.568	4.5379E-01	2
-8.326	38.566	5.2084E-01	2
-8.273	38.564	4.7634E-01	2
-8.711	38.560	3.8064E-01	3
-8.654	38.558	3.9078E-01	3
-8.599	38.556	3.9443E-01	3
-8.544	38.555	3.7502E-01	3
-8.490	38.553	3.7863E-01	3
-8.435	38.551	4.4797E-01	3
-8.380	38.550	4.7058E-01	3
-8.327	38.548	4.9306E-01	3
-8.274	38.546	4.7585E-01	3
-8.711	38.541	3.7771E-01	2
-8.655	38.540	3.6875E-01	3
-8.599	38.538	3.8328E-01	2
-8.545	38.537	3.6021E-01	3
-8.491	38.535	4.0928E-01	2
-8.436	38.534	4.5168E-01	2
-8.381	38.532	4.6324E-01	2
-8.327	38.530	4.7421E-01	2
-8.276	38.529	4.7642E-01	1
-8.712	38.523	3.3816E-01	3
-8.656	38.522	3.7189E-01	3
-8.600	38.520	3.9092E-01	3
-8.546	38.519	3.9973E-01	3
-8.492	38.517	4.5238E-01	3
-8.437	38.516	4.4823E-01	3
-8.383	38.514	4.0936E-01	3
-8.329	38.513	4.4234E-01	3
-8.277	38.511	4.6175E-01	3
-8.718	38.599	4.2023E-01	2
-8.662	38.597	4.1140E-01	3
-8.606	38.595	4.0132E-01	1
-8.552	38.593	3.9338E-01	2
-8.497	38.591	4.0326E-01	1
-8.442	38.589	4.3466E-01	2
-8.387	38.586	4.7074E-01	2
-8.334	38.584	5.1238E-01	3
-8.280	38.582	4.6851E-01	3
-8.719	38.581	3.8693E-01	3
-8.663	38.579	4.0883E-01	3
-8.607	38.577	4.2108E-01	3
-8.552	38.575	3.9367E-01	3
-8.497	38.573	4.0634E-01	3
-8.443	38.571	4.5645E-01	3
-8.388	38.569	4.4848E-01	3
-8.334	38.567	5.2200E-01	3
-8.281	38.565	4.7939E-01	3
-8.719	38.562	3.7501E-01	1
-8.663	38.560	3.9036E-01	3
-8.607	38.559	3.9320E-01	1
-8.552	38.557	3.8004E-01	2
-8.498	38.555	3.7401E-01	1
-8.444	38.553	4.4465E-01	2
-8.389	38.551	4.6079E-01	2
-8.335	38.549	4.9340E-01	3
-8.282	38.547	4.8104E-01	3
-8.720	38.544	3.6551E-01	3
-8.663	38.542	3.7348E-01	3
-8.608	38.541	3.8733E-01	3
-8.553	38.539	3.6304E-01	3
-8.499	38.537	4.0339E-01	3
-8.444	38.535	4.4265E-01	3
-8.390	38.533	4.6875E-01	3
-8.336	38.531	4.7523E-01	3
-8.284	38.529	4.7276E-01	3
-8.720	38.526	3.4307E-01	1
-8.664	38.524	3.7105E-01	3
-8.608	38.523	3.9420E-01	1
-8.554	38.521	3.7807E-01	2
-8.500	38.519	4.5268E-01	1
-8.445	38.517	4.5059E-01	2
-8.391	38.515	4.1988E-01	1
-8.337	38.513	4.3195E-01	2
-8.285	38.512	4.5959E-01	3
-8.721	38.508	3.0487E-01	3
-8.664	38.506	3.7930E-01	3
-8.609	38.504	3.8903E-01	3
-8.555	38.503	4.2009E-01	3
-8.501	38.501	4.2543E-01	3
-8.446	38.499	4.4574E-01	3
-8.392	38.497	4.0546E-01	3
-8.338	38.496	4.5367E-01	3
-8.286	38.494	4.7224E-01	3
-8.722	38.490	3.1017E-01	2
-8.665	38.488	3.7790E-01	3
-8.610	38.487	4.1095E-01	2
-8.555	38.485	4.2358E-01	3
-8.501	38.483	4.1227E-01	1
-8.446	38.481	4.1638E-01	2
-8.393	38.480	4.0374E-01	2
-8.340	38.478	4.2337E-01	2
-8.286	38.476	4.5860E-01	1
-8.723	38.472	2.7958E-01	3
-8.666	38.470	3.6088E-01	3
-8.612	38.469	3.8287E-01	3
-8.556	38.467	4.0882E-01	3
-8.502	38.465	3.9862E-01	3
-8.448	38.464	4.5360E-01	3
-8.395	38.462	4.4306E-01	3
-8.340	38.460	4.2239E-01	3
-8.287	38.458	4.7490E-01	3
-8.723	38.454	2.6415E-01	1
-8.667	38.452	3.3324E-01	3
-8.612	38.450	3.7329E-01	2
-8.557	38.449	3.9504E-01	3
-8.503	38.447	4.2095E-01	2
-8.449	38.446	4.7178E-01	3
-8.396	38.444	4.2653E-01	2
-8.342	38.442	3.8705E-01	2
-8.288	38.441	4.5285E-01	1
-8.724	38.435	6.1886E-02	3
-8.668	38.434	2.7715E-01	3
-8.613	38.432	3.6220E-01	3
-8.558	38.431	3.8589E-01	3
-8.504	38.429	4.0551E-01	3
-8.450	38.428	4.6916E-01	3
-8.397	38.426	3.8489E-01	3
-8.343	38.425	3.8025E-01	3
-8.290	38.423	4.0758E-01	3
-8.727	38.510	2.6033E-01	2
-8.670	38.508	3.7564E-01	3
-8.614	38.506	3.8986E-01	1
-8.560	38.504	4.2104E-01	2
-8.506	38.502	4.3304E-01	2
-8.451	38.500	4.4903E-01	3
-8.398	38.498	4.1366E-01	2
-8.344	38.496	4.4831E-01	2
-8.291	38.494	4.7430E-01	2
-8.727	38.492	2.6855E-01	3
-8.671	38.490	3.7730E-01	3
-8.615	38.488	4.0711E-01	3
-8.561	38.486	4.2509E-01	3
-8.506	38.484	4.0729E-01	3
-8.452	38.482	4.2082E-01	3
-8.398	38.480	4.0822E-01	3
-8.345	38.478	4.1663E-01	3
-8.292	38.476	4.5872E-01	3
-8.728	38.474	2.3769E-01	3
-8.672	38.472	3.6337E-01	3
-8.617	38.470	3.8235E-01	2
-8.561	38.468	4.0944E-01	3
-8.507	38.466	4.0221E-01	1
-8.453	38.464	4.4293E-01	2
-8.400	38.462	4.4911E-01	2
-8.346	38.460	4.1787E-01	3
-8.293	38.458	4.6848E-01	2
-8.728	38.456	2.3676E-01	3
-8.672	38.454	3.2878E-01	3
-8.617	38.452	3.7440E-01	3
-8.562	38.450	3.9503E-01	3
-8.508	38.448	4.1548E-01	3
-8.454	38.446	4.6849E-01	3
-8.401	38.444	4.4073E-01	3
-8.347	38.442	3.7915E-01	3
-8.294	38.441	4.5114E-01	3
-8.729	38.437	7.0118E-02	2
-8.673	38.436	2.7171E-01	3
-8.618	38.434	3.5710E-01	2
-8.563	38.432	3.8305E-01	3
-8.509	38.430	4.0432E-01	2
-8.455	38.428	4.6188E-01	3
-8.402	38.427	3.9646E-01	2
-8.348	38.425	3.7516E-01	3
-8.296	38.423	4.0255E-01	2
-8.730	38.419	1.5375E-01	3
-8.674	38.418	1.7231E-01	3
-8.619	38.416	2.6252E-01	3
-8.565	38.414	2.4671E-01	3
-8.510	38.412	3.6551E-01	3
-8.456	38.411	4.4668E-01	3
-8.403	38.409	3.8626E-01	3
-8.349	38.407	3.8740E-01	3
-8.296	38.405	4.4804E-01	3
-8.730	38.401	3.6722E-01	3
-8.675	38.400	3.0728E-01	3
-8.620	38.398	2.9752E-01	2
-8.565	38.396	3.1661E-01	3
-8.511	38.394	3.5007E-01	3
-8.457	38.393	3.8689E-01	3
-8.403	38.391	4.2396E-01	2
-8.350	38.389	4.8415E-01	3
-8.297	38.388	5.1135E-01	2
-8.730	38.383	3.3985E-01	3
-8.675	38.381	3.4523E-01	3
-8.620	38.380	3.3762E-01	3
-8.565	38.378	3.2859E-01	3
-8.511	38.377	3.6831E-01	3
-8.457	38.375	3.7122E-01	3
-8.403	38.373	3.9435E-01	3
-8.350	38.372	4.1431E-01	3
-8.298	38.370	4.2953E-01	3
-8.731	38.365	3.1306E-01	2
-8.675	38.363	3.4886E-01	3
-8.620	38.362	2.9946E-01	2
-8.566	38.360	2.9781E-01	3
-8.512	38.359	3.3652E-01	3
-8.458	38.357	3.3834E-01	3
-8.404	38.355	3.7735E-01	3
-8.351	38.354	3.6700E-01	3
-8.299	38.352	3.9687E-01	3
-8.738	38.422	1.1579E-01	2
-8.683	38.420	1.5496E-01	3
-8.628	38.418	2.8674E-01	1
-8.573	38.416	2.7406E-01	2
-8.518	38.414	3.5509E-01	2
-8.464	38.412	4.5161E-01	3
-8.411	38.410	4.0834E-01	2
-8.358	38.408	3.7272E-01	2
-8.305	38.406	4.3057E-01	2
-8.251	38.403	4.6283E-01	2
-8.739	38.404	3.6124E-01	3
-8.683	38.402	2.9852E-01	3
-8.628	38.400	2.5891E-01	3
-8.574	38.398	3.0100E-01	3
-8.519	38.396	3.4180E-01	3
-8.465	38.394	3.9277E-01	3
-8.412	38.392	4.1422E-01	3
-8.358	38.390	4.7795E-01	3
-8.306	38.388	5.1463E-01	3
-8.252	38.386	4.8275E-01	3
-8.739	38.386	3.6065E-01	3
-8.683	38.384	3.5023E-01	3
-8.628	38.382	3.4597E-01	2
-8.574	38.380	3.3174E-01	3
-8.520	38.378	3.6569E-01	1
-8.466	38.376	3.7295E-01	2
-8.411	38.374	3.9612E-01	2
-8.358	38.372	4.1687E-01	3
-8.306	38.370	4.3207E-01	2
-8.253	38.368	4.8181E-01	3
-8.739	38.368	3.1635E-01	3
-8.684	38.366	3.5608E-01	3
-8.629	38.364	3.0994E-01	3
-8.574	38.362	2.9331E-01	3
-8.521	38.360	3.3079E-01	3
-8.466	38.358	3.3115E-01	3
-8.412	38.356	3.7838E-01	3
-8.359	38.354	3.7349E-01	3
-8.307	38.353	3.9077E-01	3
-8.254	38.351	4.3935E-01	3
