-8.515	39.349	3.4120E-01	0
-8.479	39.347	3.1508E-01	2
-8.442	39.345	3.7165E-01	0
-8.406	39.343	3.0202E-01	2
-8.372	39.341	3.5177E-01	0
-8.337	39.340	3.0288E-01	2
-8.302	39.338	3.7686E-01	0
-8.267	39.336	2.7061E-01	2
-8.807	39.349	3.6619E-01	0
-8.769	39.347	3.6431E-01	3
-8.732	39.345	4.0107E-01	0
-8.696	39.343	3.3863E-01	3
-8.660	39.341	4.0590E-01	0
-8.624	39.340	3.1948E-01	3
-8.588	39.338	3.6833E-01	0
-8.552	39.336	3.0502E-01	3
-8.517	39.334	3.9288E-01	0
-8.481	39.332	3.4157E-01	3
-8.444	39.330	3.7776E-01	0
-8.408	39.328	3.2554E-01	3
-8.374	39.327	3.8604E-01	0
-8.339	39.325	3.6019E-01	3
-8.304	39.323	4.0543E-01	0
-8.269	39.321	3.2627E-01	3
-8.487	39.348	3.1860E-01	2
-8.450	39.346	3.7282E-01	0
-8.414	39.344	3.1496E-01	2
-8.379	39.342	3.5296E-01	0
-8.344	39.340	2.9473E-01	2
-8.310	39.338	3.8525E-01	0
-8.275	39.336	2.7604E-01	2
-8.777	39.350	3.6546E-01	3
-8.739	39.348	3.9993E-01	0
-8.703	39.346	3.5127E-01	3
-8.667	39.344	4.0057E-01	0
-8.631	39.342	3.3129E-01	3
-8.595	39.340	3.7219E-01	0
-8.560	39.338	3.0805E-01	3
-8.524	39.336	3.9333E-01	0
-8.488	39.333	3.4646E-01	3
-8.452	39.331	3.8891E-01	0
-8.416	39.329	3.2435E-01	3
-8.381	39.327	3.9217E-01	0
-8.346	39.325	3.5805E-01	3
-8.311	39.323	4.1744E-01	0
-8.276	39.321	3.2567E-01	3
-9.041	39.349	3.9202E-01	0
-9.002	39.347	3.5674E-01	2
-8.965	39.345	3.5732E-01	0
-8.927	39.343	3.1823E-01	2
-8.889	39.341	3.4016E-01	0
-8.853	39.339	3.2768E-01	2
-8.816	39.337	3.8890E-01	0
-8.777	39.335	3.8102E-01	2
-8.740	39.333	4.0318E-01	0
-8.704	39.331	3.7091E-01	2
-8.668	39.329	4.0979E-01	0
-8.632	39.327	3.6742E-01	2
-8.597	39.325	3.6166E-01	0
-8.561	39.323	3.0278E-01	2
-8.525	39.321	3.6792E-01	0
-8.489	39.319	3.6293E-01	2
-8.454	39.316	3.7176E-01	0
-8.418	39.314	3.6377E-01	2
-8.383	39.312	4.0656E-01	0
-8.347	39.310	3.5323E-01	2
-8.312	39.308	3.6641E-01	0
-8.277	39.306	3.4475E-01	2
-9.238	39.343	3.5990E-01	3
-9.200	39.341	3.8532E-01	0
-9.159	39.339	3.5650E-01	3
-9.120	39.337	3.7424E-01	0
-9.081	39.335	3.5392E-01	3
-9.042	39.333	4.3829E-01	0
-9.004	39.331	3.9285E-01	3
-8.966	39.329	3.9570E-01	0
-8.929	39.327	3.5294E-01	3
-8.891	39.325	3.9488E-01	0
-8.854	39.323	3.4883E-01	3
-8.817	39.321	4.0605E-01	0
-8.779	39.319	3.8926E-01	3
-8.742	39.317	4.1455E-01	0
-8.706	39.315	3.7443E-01	2
-8.670	39.313	4.1122E-01	0
-8.634	39.312	3.6866E-01	3
-8.598	39.310	3.3397E-01	0
-8.562	39.308	3.1770E-01	3
-8.526	39.306	3.9526E-01	0
-8.490	39.303	3.5690E-01	3
-8.454	39.301	3.8089E-01	0
-8.419	39.299	3.3845E-01	3
-8.383	39.297	3.8561E-01	0
-8.348	39.295	3.5841E-01	3
-8.313	39.293	3.9187E-01	0
-8.278	39.291	3.5440E-01	3
-9.239	39.327	4.5299E-01	3
-9.201	39.326	4.7887E-01	0
-9.160	39.324	3.9120E-01	2
-9.120	39.322	4.8714E-01	0
-9.082	39.320	3.8495E-01	2
-9.044	39.318	4.5799E-01	0
-9.005	39.316	3.7496E-01	2
-8.967	39.314	4.1488E-01	0
-8.930	39.312	3.3701E-01	2
-8.892	39.310	4.3075E-01	0
-8.855	39.308	3.6131E-01	2
-8.817	39.306	4.2351E-01	0
-8.780	39.304	3.6938E-01	2
-8.743	39.302	4.3538E-01	0
-8.707	39.300	3.6843E-01	2
-8.671	39.298	4.3547E-01	0
-8.635	39.296	3.4766E-01	2
-8.599	39.294	3.4761E-01	0
-8.563	39.293	3.6979E-01	2
-8.527	39.291	4.1804E-01	0
-8.490	39.288	3.3076E-01	2
-8.454	39.286	3.8055E-01	0
-8.419	39.285	3.4072E-01	2
-8.384	39.283	3.9728E-01	0
-8.349	39.281	3.2714E-01	2
-8.314	39.279	3.8936E-01	0
-8.280	39.277	3.2458E-01	2
-9.239	39.312	4.8747E-01	3
-9.201	39.310	4.9251E-01	0
-9.161	39.308	4.4314E-01	3
-9.121	39.306	5.2577E-01	0
-9.083	39.304	3.9233E-01	3
-9.045	39.302	4.6424E-01	0
-9.006	39.300	3.8566E-01	3
-8.968	39.298	4.3073E-01	0
-8.931	39.297	3.7125E-01	3
-8.894	39.295	4.2910E-01	0
-8.856	39.293	3.6186E-01	3
-8.818	39.291	4.4439E-01	0
-8.782	39.289	3.8483E-01	2
-8.745	39.287	4.4997E-01	0
-8.709	39.285	3.7926E-01	2
-8.672	39.283	4.2680E-01	0
-8.636	39.281	3.4732E-01	2
-8.601	39.279	4.2806E-01	0
-8.564	39.277	3.8518E-01	3
-8.528	39.276	4.1828E-01	0
-8.492	39.274	3.6363E-01	3
-8.456	39.272	3.9620E-01	0
-8.420	39.270	3.4110E-01	2
-8.385	39.268	3.8019E-01	0
-8.351	39.266	3.4587E-01	2
-8.316	39.264	3.9622E-01	0
-8.281	39.262	3.4468E-01	2
-9.240	39.296	5.0027E-01	3
-9.201	39.294	5.5608E-01	0
-9.163	39.292	4.1624E-01	3
-9.124	39.291	4.8471E-01	0
-9.084	39.289	4.2161E-01	3
-9.046	39.287	4.7073E-01	0
-9.007	39.285	3.8886E-01	3
-8.969	39.283	4.1742E-01	0
-8.932	39.281	3.5690E-01	3
-8.895	39.279	4.2078E-01	0
-8.858	39.277	3.5786E-01	2
-8.820	39.276	4.4307E-01	0
-8.783	39.274	3.7968E-01	2
-8.747	39.272	4.3446E-01	0
-8.710	39.270	3.6155E-01	2
-8.674	39.268	4.1463E-01	0
-8.638	39.266	3.3128E-01	3
-8.602	39.264	3.8462E-01	0
-8.565	39.262	3.6383E-01	3
-8.529	39.260	4.3113E-01	0
-8.493	39.259	3.6083E-01	2
-8.457	39.257	3.9597E-01	0
-8.422	39.255	3.3589E-01	2
-8.387	39.253	4.1985E-01	0
-8.352	39.251	3.4113E-01	2
-8.317	39.249	4.1160E-01	0
-8.283	39.247	3.4337E-01	2
-9.241	39.280	5.1987E-01	3
-9.203	39.279	5.4480E-01	0
-9.165	39.277	4.5121E-01	2
-9.125	39.275	4.7319E-01	0
-9.086	39.273	4.3677E-01	3
-9.047	39.271	4.8508E-01	0
-9.009	39.269	3.7831E-01	3
-8.971	39.268	4.1731E-01	0
-8.934	39.266	3.4204E-01	3
-8.896	39.264	4.1914E-01	0
-8.859	39.262	3.8613E-01	2
-8.821	39.260	4.4736E-01	0
-8.785	39.258	3.6537E-01	2
-8.748	39.257	4.1594E-01	0
-8.711	39.255	3.4482E-01	2
-8.675	39.253	4.0475E-01	0
-8.639	39.251	3.4051E-01	2
-8.603	39.249	3.8760E-01	0
-8.567	39.247	3.7030E-01	2
-8.530	39.245	4.1136E-01	0
-8.494	39.244	3.6066E-01	2
-8.458	39.242	3.8425E-01	0
-8.423	39.240	3.5720E-01	2
-8.388	39.238	3.8907E-01	0
-8.354	39.236	3.3952E-01	2
-8.319	39.234	3.9644E-01	0
-8.284	39.232	3.2999E-01	2
-8.250	39.231	4.0158E-01	0
-9.245	39.333	4.2767E-01	2
-9.207	39.330	4.6217E-01	0
-9.166	39.328	3.9600E-01	2
-9.126	39.326	4.6602E-01	0
-9.088	39.324	3.8884E-01	2
-9.050	39.322	4.5548E-01	0
-9.011	39.320	3.9671E-01	2
-8.973	39.317	4.1621E-01	0
-8.936	39.315	3.4712E-01	3
-8.898	39.313	4.1897E-01	0
-8.861	39.311	3.5706E-01	2
-8.824	39.309	4.0726E-01	0
-8.786	39.307	3.7291E-01	2
-8.749	39.304	4.3229E-01	0
-8.713	39.302	3.7854E-01	2
-8.677	39.300	4.3178E-01	0
-8.641	39.298	3.7353E-01	2
-8.605	39.296	3.4905E-01	0
-8.570	39.294	3.5768E-01	2
-8.534	39.292	4.2297E-01	0
-8.497	39.289	3.4179E-01	2
-8.461	39.287	3.7739E-01	0
-8.425	39.285	3.4258E-01	2
-8.390	39.283	3.9707E-01	0
-8.356	39.281	3.2797E-01	2
-8.321	39.278	3.8765E-01	0
-8.286	39.276	3.2411E-01	2
-8.252	39.274	3.3828E-01	0
-9.245	39.317	4.7845E-01	3
-9.207	39.315	4.8987E-01	0
-9.167	39.313	4.2566E-01	3
-9.127	39.310	5.0703E-01	0
-9.089	39.308	3.9036E-01	3
-9.051	39.306	4.6582E-01	0
-9.012	39.304	3.9531E-01	3
-8.974	39.302	4.2498E-01	0
-8.937	39.300	3.6848E-01	2
-8.900	39.298	4.2559E-01	0
-8.862	39.296	3.6768E-01	2
-8.824	39.293	4.4070E-01	0
-8.788	39.291	3.9112E-01	2
-8.751	39.289	4.4643E-01	0
-8.715	39.287	3.8211E-01	2
-8.678	39.285	4.2257E-01	0
-8.642	39.283	3.5878E-01	2
-8.607	39.281	4.2095E-01	0
-8.571	39.279	3.9005E-01	2
-8.535	39.277	4.2178E-01	0
-8.498	39.274	3.6927E-01	2
-8.462	39.272	3.9938E-01	0
-8.427	39.270	3.4290E-01	2
-8.391	39.268	3.8287E-01	0
-8.357	39.266	3.4870E-01	2
-8.322	39.264	3.9794E-01	0
-8.288	39.262	3.5335E-01	2
-8.253	39.259	3.8361E-01	0
-9.246	39.301	4.8807E-01	2
-9.207	39.299	5.5536E-01	0
-9.169	39.297	4.4262E-01	2
-9.129	39.295	5.2113E-01	0
-9.090	39.293	4.2542E-01	2
-9.051	39.291	4.6853E-01	0
-9.012	39.289	3.9063E-01	2
-8.975	39.287	4.1239E-01	0
-8.938	39.285	3.5898E-01	2
-8.901	39.282	4.2747E-01	0
-8.864	39.280	3.6696E-01	2
-8.826	39.278	4.3512E-01	0
-8.789	39.276	3.8532E-01	2
-8.752	39.274	4.4009E-01	0
-8.716	39.272	3.6904E-01	2
-8.680	39.270	4.1606E-01	0
-8.644	39.268	3.3493E-01	2
-8.608	39.266	3.8043E-01	0
-8.572	39.264	3.6571E-01	2
-8.535	39.262	4.2802E-01	0
-8.499	39.259	3.6660E-01	2
-8.463	39.257	3.9898E-01	0
-8.428	39.255	3.3463E-01	2
-8.393	39.253	4.1622E-01	0
-8.359	39.251	3.4486E-01	2
-8.324	39.249	4.0719E-01	0
-8.289	39.247	3.4650E-01	2
-8.255	39.245	3.9778E-01	0
-9.247	39.285	5.3640E-01	3
-9.208	39.283	5.6530E-01	0
-9.170	39.281	4.2173E-01	2
-9.131	39.279	4.6231E-01	0
-9.092	39.277	4.3079E-01	3
-9.053	39.275	4.8055E-01	0
-9.015	39.273	3.9180E-01	3
-8.976	39.271	4.2620E-01	0
-8.939	39.269	3.4326E-01	3
-8.902	39.267	4.2076E-01	0
-8.865	39.265	3.7537E-01	2
-8.827	39.263	4.5055E-01	0
-8.791	39.261	3.7210E-01	2
-8.754	39.259	4.2221E-01	0
-8.717	39.257	3.4898E-01	2
-8.681	39.255	4.0782E-01	0
-8.645	39.253	3.4992E-01	2
-8.609	39.251	3.8537E-01	0
-8.573	39.249	3.6208E-01	2
-8.536	39.246	4.2222E-01	0
-8.500	39.244	3.6170E-01	2
-8.465	39.242	3.8888E-01	0
-8.429	39.240	3.5790E-01	2
-8.394	39.238	3.9478E-01	0
-8.360	39.236	3.4184E-01	2
-8.325	39.234	4.0181E-01	0
-8.290	39.232	3.3138E-01	2
-8.256	39.230	4.0973E-01	0
-9.248	39.270	4.5541E-01	2
-9.209	39.268	5.5623E-01	0
-9.171	39.266	5.0013E-01	2
-9.132	39.264	5.1127E-01	0
-9.093	39.262	4.3065E-01	2
-9.054	39.260	4.5568E-01	0
-9.015	39.258	4.0252E-01	2
-8.978	39.256	4.0952E-01	0
-8.940	39.254	3.4889E-01	2
-8.903	39.252	3.8921E-01	0
-8.865	39.250	4.0397E-01	2
-8.828	39.248	4.2771E-01	0
-8.792	39.246	3.7438E-01	2
-8.755	39.244	3.8470E-01	0
-8.718	39.242	3.6548E-01	2
-8.682	39.240	3.6762E-01	0
-8.646	39.238	3.1047E-01	2
-8.610	39.236	4.0029E-01	0
-8.574	39.234	3.9657E-01	2
-8.538	39.232	3.9529E-01	0
-8.502	39.229	3.3705E-01	2
-8.466	39.227	3.7613E-01	0
-8.431	39.225	3.4839E-01	2
-8.396	39.223	3.8462E-01	0
-8.361	39.221	3.3713E-01	2
-8.326	39.219	3.8500E-01	0
-8.292	39.217	3.4371E-01	2
-8.257	39.215	3.7728E-01	0
-9.250	39.254	4.1683E-01	2
-9.210	39.252	5.5446E-01	0
-9.172	39.250	5.5998E-01	2
-9.133	39.248	5.2809E-01	0
-9.094	39.246	4.2410E-01	3
-9.055	39.244	4.6004E-01	0
-9.016	39.242	3.9624E-01	2
-8.979	39.240	4.1743E-01	0
-8.942	39.238	3.5325E-01	3
-8.904	39.236	4.0953E-01	0
-8.866	39.234	3.9546E-01	3
-8.830	39.232	4.3119E-01	0
-8.793	39.230	3.7885E-01	2
-8.756	39.228	3.9559E-01	0
-8.720	39.227	3.6913E-01	2
-8.683	39.224	3.6505E-01	0
-8.648	39.223	3.5019E-01	2
-8.611	39.221	4.0869E-01	0
-8.575	39.219	4.0402E-01	2
-8.539	39.216	4.2653E-01	0
-8.503	39.214	3.4200E-01	2
-8.468	39.212	3.8195E-01	0
-8.432	39.210	3.5886E-01	2
-8.397	39.208	3.7754E-01	0
-8.362	39.206	3.4005E-01	2
-8.328	39.204	3.7833E-01	0
-8.293	39.202	3.5253E-01	2
-8.258	39.200	3.6694E-01	0
-9.212	39.237	5.6766E-01	0
-9.173	39.235	5.2296E-01	2
-9.134	39.233	5.8345E-01	0
-9.095	39.231	4.0726E-01	2
-9.056	39.229	4.9474E-01	0
-9.017	39.227	4.0439E-01	2
-8.980	39.225	4.4680E-01	0
-8.943	39.223	3.4441E-01	2
-8.906	39.221	4.1226E-01	0
-8.868	39.219	3.7418E-01	2
-8.831	39.217	4.3798E-01	0
-8.794	39.215	3.4403E-01	2
-8.757	39.213	4.1399E-01	0
-8.721	39.211	3.6317E-01	2
-8.685	39.209	3.8835E-01	0
-8.649	39.207	3.4828E-01	2
-8.612	39.205	4.1818E-01	0
-8.576	39.203	3.9729E-01	2
-8.540	39.201	4.4701E-01	0
-8.504	39.199	3.6229E-01	2
-8.469	39.198	3.9903E-01	0
-8.434	39.196	3.5082E-01	2
-8.399	39.194	3.9140E-01	0
-8.364	39.192	3.3202E-01	2
-8.329	39.190	3.9321E-01	0
-8.294	39.188	3.2082E-01	2
-8.260	39.186	3.6427E-01	0
-9.213	39.221	5.5377E-01	0
-9.174	39.219	5.3136E-01	2
-9.135	39.217	5.7655E-01	0
-9.096	39.215	4.4474E-01	2
-9.056	39.213	4.7820E-01	0
-9.017	39.211	3.8935E-01	2
-8.981	39.209	4.4377E-01	0
-8.944	39.208	3.8537E-01	3
-8.907	39.206	4.4670E-01	0
-8.869	39.204	3.8888E-01	3
-8.832	39.202	4.3491E-01	0
-8.795	39.200	3.6629E-01	2
-8.758	39.198	4.3302E-01	0
-8.722	39.196	3.6166E-01	2
-8.686	39.194	4.0754E-01	0
-8.650	39.192	3.6584E-01	2
-8.613	39.190	4.4872E-01	0
-8.577	39.188	3.8373E-01	2
-8.541	39.186	4.2279E-01	0
-8.506	39.185	3.5471E-01	2
-8.471	39.183	4.0912E-01	0
-8.435	39.181	3.7029E-01	2
-8.400	39.179	4.1131E-01	0
-8.365	39.177	3.5885E-01	2
-8.330	39.175	3.8459E-01	0
-8.296	39.173	3.2527E-01	2
-8.261	39.171	3.7873E-01	0
-9.214	39.205	4.8668E-01	0
-9.175	39.203	4.6914E-01	2
-9.136	39.202	6.3048E-01	0
-9.097	39.200	5.0905E-01	2
-9.055	39.198	4.9462E-01	0
-9.017	39.196	3.5152E-01	2
-8.982	39.194	4.2308E-01	0
-8.945	39.192	3.8293E-01	2
-8.908	39.190	4.1283E-01	0
-8.870	39.188	3.7699E-01	2
-8.832	39.187	4.3649E-01	0
-8.796	39.185	3.8988E-01	2
-8.759	39.183	4.2090E-01	0
-8.724	39.181	3.3856E-01	2
-8.687	39.179	3.8605E-01	0
-8.651	39.177	3.8566E-01	2
-8.615	39.175	4.5547E-01	0
-8.578	39.173	3.7875E-01	2
-8.542	39.171	4.2132E-01	0
-8.507	39.170	3.6430E-01	2
-8.471	39.168	3.9284E-01	0
-8.436	39.166	3.3091E-01	2
-8.401	39.164	3.8896E-01	0
-8.366	39.162	3.0670E-01	2
-8.331	39.160	3.6849E-01	0
-8.297	39.158	3.3508E-01	2
-8.262	39.156	3.8300E-01	0
-9.215	39.190	5.6314E-01	0
-9.176	39.188	4.0584E-01	2
-9.137	39.186	4.9645E-01	0
-9.096	39.184	5.2588E-01	2
-9.053	39.182	4.8589E-01	0
-9.020	39.180	3.7155E-01	2
-8.984	39.179	3.9341E-01	0
-8.946	39.177	3.3490E-01	2
-8.908	39.175	4.1031E-01	0
-8.871	39.173	3.6843E-01	2
-8.834	39.171	4.2519E-01	0
-8.798	39.169	3.6418E-01	2
-8.761	39.168	4.1910E-01	0
-8.725	39.166	3.5014E-01	2
-8.689	39.164	3.9136E-01	0
-8.652	39.162	3.9682E-01	2
-8.616	39.160	4.4825E-01	0
-8.579	39.158	3.4720E-01	2
-8.544	39.156	4.2679E-01	0
-8.508	39.155	3.6628E-01	3
-8.472	39.153	3.8424E-01	0
-8.437	39.151	3.2500E-01	2
-8.402	39.149	3.9020E-01	0
-8.367	39.147	3.1977E-01	2
-8.333	39.145	3.8235E-01	0
-8.298	39.143	3.2932E-01	2
-8.264	39.141	3.5606E-01	0
-9.219	39.242	5.5644E-01	0
-9.180	39.240	5.3254E-01	2
-9.141	39.238	5.9914E-01	0
-9.102	39.235	4.1506E-01	2
-9.064	39.233	4.9402E-01	0
-9.024	39.231	4.1301E-01	2
-8.987	39.229	4.5576E-01	0
-8.950	39.227	3.5792E-01	2
-8.913	39.225	4.0620E-01	0
-8.875	39.222	3.7980E-01	2
-8.838	39.220	4.4188E-01	0
-8.801	39.218	3.5961E-01	2
-8.764	39.216	4.0506E-01	0
-8.728	39.214	3.6984E-01	2
-8.692	39.212	3.9148E-01	0
-8.656	39.209	3.4586E-01	2
-8.620	39.207	3.9877E-01	0
-8.584	39.205	4.0739E-01	2
-8.547	39.203	4.5705E-01	0
-8.511	39.201	3.7317E-01	2
-8.476	39.199	3.9895E-01	0
-8.441	39.196	3.5305E-01	2
-8.406	39.194	3.9374E-01	0
-8.371	39.192	3.3750E-01	2
-8.337	39.190	3.9281E-01	0
-8.302	39.188	3.2591E-01	2
-8.267	39.185	3.8069E-01	0
-9.220	39.226	5.1841E-01	0
-9.181	39.224	5.3462E-01	2
-9.142	39.222	6.1113E-01	0
-9.104	39.220	4.6488E-01	2
-9.064	39.218	4.9399E-01	0
-9.024	39.215	4.1403E-01	2
-8.988	39.213	4.5602E-01	0
-8.951	39.211	3.8352E-01	2
-8.914	39.209	4.2904E-01	0
-8.876	39.207	3.9686E-01	2
-8.839	39.205	4.3567E-01	0
-8.802	39.203	3.7245E-01	2
-8.765	39.201	4.2906E-01	0
-8.729	39.199	3.7151E-01	2
-8.693	39.196	4.1189E-01	0
-8.657	39.194	3.7214E-01	2
-8.621	39.192	4.4726E-01	0
-8.585	39.190	3.8740E-01	2
-8.548	39.188	4.3313E-01	0
-8.513	39.186	3.6285E-01	2
-8.478	39.184	4.0768E-01	0
-8.443	39.181	3.7686E-01	2
-8.408	39.179	4.1649E-01	0
-8.373	39.177	3.6712E-01	2
-8.338	39.175	3.9200E-01	0
-8.303	39.173	3.3061E-01	2
-8.268	39.171	3.9349E-01	0
-9.222	39.211	4.7592E-01	0
-9.182	39.208	4.8318E-01	2
-9.143	39.206	6.0658E-01	0
-9.105	39.204	5.1015E-01	2
-9.064	39.202	4.8496E-01	0
-9.024	39.200	3.6830E-01	2
-8.989	39.198	4.3510E-01	0
-8.952	39.196	3.9577E-01	2
-8.915	39.194	4.3780E-01	0
-8.877	39.192	3.8888E-01	2
-8.840	39.190	4.4510E-01	0
-8.803	39.188	3.8810E-01	2
-8.767	39.185	4.3945E-01	0
-8.730	39.183	3.4634E-01	2
-8.695	39.181	3.9878E-01	0
-8.658	39.179	3.7311E-01	2
-8.622	39.177	4.6123E-01	0
-8.585	39.175	3.6808E-01	2
-8.549	39.173	4.2369E-01	0
-8.514	39.171	3.7131E-01	2
-8.479	39.169	3.9724E-01	0
-8.443	39.167	3.3796E-01	2
-8.408	39.164	3.8859E-01	0
-8.373	39.162	3.1327E-01	2
-8.339	39.160	3.6407E-01	0
-8.304	39.158	3.3697E-01	2
-8.270	39.156	4.0266E-01	0
-9.222	39.195	4.9892E-01	0
-9.183	39.193	4.1776E-01	3
-9.144	39.191	5.0852E-01	0
-9.105	39.189	5.4692E-01	3
-9.062	39.186	5.2481E-01	0
-9.025	39.184	3.7557E-01	2
-8.990	39.183	3.9499E-01	0
-8.953	39.181	3.5121E-01	2
-8.916	39.178	4.1184E-01	0
-8.878	39.176	3.7033E-01	2
-8.841	39.174	4.2761E-01	0
-8.804	39.172	3.7617E-01	2
-8.768	39.170	4.2554E-01	0
-8.732	39.168	3.4541E-01	2
-8.696	39.166	3.9681E-01	0
-8.659	39.164	3.7744E-01	2
-8.623	39.162	4.7106E-01	0
-8.586	39.160	3.6405E-01	2
-8.551	39.158	4.2907E-01	0
-8.516	39.156	3.7767E-01	2
-8.480	39.154	3.9933E-01	0
-8.444	39.152	3.2988E-01	3
-8.409	39.150	3.9676E-01	0
-8.375	39.147	3.2835E-01	3
-8.340	39.145	3.8192E-01	0
-8.305	39.143	3.3915E-01	3
-8.271	39.141	3.9755E-01	0
-9.224	39.179	4.8184E-01	0
-9.184	39.177	4.6256E-01	2
-9.145	39.175	4.6169E-01	0
-9.104	39.173	4.7869E-01	2
-9.062	39.171	4.5645E-01	0
-9.028	39.169	3.8388E-01	2
-8.992	39.167	3.8011E-01	0
-8.955	39.165	3.4398E-01	2
-8.917	39.163	4.0324E-01	0
-8.879	39.161	3.8547E-01	2
-8.843	39.159	4.2340E-01	0
-8.806	39.157	3.8783E-01	2
-8.769	39.155	4.0770E-01	0
-8.733	39.153	3.7569E-01	2
-8.697	39.151	3.6433E-01	0
-8.661	39.149	4.2053E-01	2
-8.624	39.147	4.2473E-01	0
-8.587	39.145	3.5769E-01	2
-8.552	39.143	4.0511E-01	0
-8.517	39.141	3.4852E-01	2
-8.481	39.139	3.8470E-01	0
-8.446	39.137	3.5131E-01	2
-8.411	39.135	3.7834E-01	0
-8.376	39.133	3.5394E-01	2
-8.341	39.131	3.9463E-01	0
-8.307	39.129	3.2767E-01	2
-8.272	39.127	3.5426E-01	0
-9.225	39.164	4.7102E-01	0
-9.185	39.162	4.8979E-01	2
-9.146	39.160	4.9000E-01	0
-9.105	39.158	4.4859E-01	3
-9.068	39.156	4.4022E-01	0
-9.031	39.154	3.9298E-01	3
-8.993	39.152	4.0580E-01	0
-8.956	39.150	3.7380E-01	3
-8.919	39.148	4.1566E-01	0
-8.881	39.146	3.8661E-01	3
-8.844	39.144	4.1554E-01	0
-8.807	39.142	3.7797E-01	2
-8.771	39.140	3.9477E-01	0
-8.735	39.138	3.4571E-01	2
-8.698	39.136	3.9323E-01	0
-8.662	39.134	4.2756E-01	2
-8.625	39.132	4.2332E-01	0
-8.589	39.130	3.4304E-01	2
-8.554	39.128	3.7046E-01	0
-8.518	39.126	3.6466E-01	2
-8.483	39.124	3.6743E-01	0
-8.447	39.122	3.6352E-01	3
-8.412	39.120	3.8156E-01	0
-8.377	39.118	3.6239E-01	3
-8.342	39.116	3.8015E-01	0
-8.308	39.114	3.2358E-01	3
-8.274	39.112	3.3068E-01	0
-9.226	39.148	4.9472E-01	0
-9.187	39.146	4.3691E-01	2
-9.146	39.144	5.6802E-01	0
-9.107	39.142	3.8652E-01	2
-9.070	39.140	4.7561E-01	0
-9.032	39.138	3.8337E-01	2
-8.995	39.136	4.2721E-01	0
-8.957	39.134	3.5986E-01	2
-8.920	39.132	4.3075E-01	0
-8.882	39.131	3.7494E-01	2
-8.845	39.129	4.3159E-01	0
-8.809	39.127	3.5696E-01	2
-8.772	39.125	4.0447E-01	0
-8.736	39.123	3.4810E-01	2
-8.699	39.121	4.2222E-01	0
-8.663	39.119	3.8683E-01	2
-8.627	39.117	4.1497E-01	0
-8.591	39.115	3.2837E-01	2
-8.555	39.113	4.2628E-01	0
-8.519	39.111	3.5951E-01	2
-8.484	39.109	3.9965E-01	0
-8.448	39.107	3.4331E-01	2
-8.413	39.105	4.0435E-01	0
-8.378	39.103	3.5986E-01	2
-8.344	39.101	4.0863E-01	0
-8.310	39.099	3.1848E-01	2
-8.275	39.097	3.3614E-01	0
-9.227	39.132	4.9248E-01	0
-9.188	39.130	5.2533E-01	2
-9.146	39.128	5.1620E-01	0
-9.109	39.127	3.9962E-01	3
-9.071	39.125	4.4510E-01	0
-9.033	39.123	3.7496E-01	2
-8.996	39.121	4.1360E-01	0
-8.959	39.119	3.4633E-01	2
-8.921	39.117	4.1460E-01	0
-8.883	39.115	3.7076E-01	2
-8.846	39.113	4.1840E-01	0
-8.810	39.111	3.6497E-01	2
-8.774	39.109	3.8371E-01	0
-8.737	39.108	3.3401E-01	2
-8.701	39.106	3.4472E-01	0
-8.664	39.104	2.6763E-01	2
-8.628	39.102	3.7203E-01	0
-8.592	39.100	3.6514E-01	3
-8.556	39.098	4.3307E-01	0
-8.520	39.096	3.5973E-01	2
-8.485	39.094	4.2083E-01	0
-8.449	39.092	3.6697E-01	3
-8.414	39.090	4.0683E-01	0
-8.379	39.088	3.2430E-01	3
-8.345	39.086	3.7443E-01	0
-8.311	39.084	3.2484E-01	3
-8.276	39.082	3.7581E-01	0
-9.228	39.117	5.0008E-01	0
-9.187	39.115	4.5099E-01	2
-9.147	39.113	5.4219E-01	0
-9.111	39.111	4.0766E-01	3
-9.073	39.109	4.6367E-01	0
-9.034	39.107	3.8357E-01	3
-8.997	39.106	3.9936E-01	0
-8.960	39.104	3.5878E-01	3
-8.922	39.102	4.0720E-01	0
-8.885	39.100	3.5913E-01	3
-8.848	39.098	3.9508E-01	0
-8.811	39.096	3.2312E-01	2
-8.775	39.094	3.5434E-01	0
-8.738	39.092	3.2317E-01	2
-8.702	39.090	4.0762E-01	0
-8.665	39.089	3.5455E-01	2
-8.629	39.087	3.9578E-01	0
-8.593	39.085	3.4192E-01	2
-8.557	39.083	4.0541E-01	0
-8.522	39.081	3.5024E-01	3
-8.486	39.079	4.0138E-01	0
-8.451	39.077	3.6305E-01	2
-8.416	39.075	3.8989E-01	0
-8.381	39.073	3.2544E-01	2
-8.347	39.071	3.7925E-01	0
-8.312	39.069	3.2631E-01	2
-8.278	39.068	3.7421E-01	0
-9.229	39.101	5.4462E-01	0
-9.188	39.099	5.0415E-01	2
-9.149	39.097	4.8473E-01	0
-9.112	39.096	3.9780E-01	2
-9.074	39.094	4.5161E-01	0
-9.035	39.092	3.8749E-01	2
-8.998	39.090	4.3448E-01	0
-8.962	39.088	3.6075E-01	2
-8.923	39.086	4.0490E-01	0
-8.886	39.085	3.7564E-01	2
-8.849	39.083	3.7196E-01	0
-8.813	39.081	2.5892E-01	3
-8.776	39.079	3.6182E-01	0
-8.739	39.077	3.2302E-01	2
-8.703	39.075	4.3425E-01	0
-8.666	39.073	3.5757E-01	2
-8.630	39.072	4.0973E-01	0
-8.594	39.070	3.4785E-01	3
-8.559	39.068	4.0718E-01	0
-8.523	39.066	3.4684E-01	3
-8.488	39.064	3.9243E-01	0
-8.452	39.062	3.3663E-01	3
-8.417	39.060	3.8728E-01	0
-8.382	39.058	3.3830E-01	2
-8.348	39.057	3.6788E-01	0
-8.313	39.055	3.2680E-01	3
-8.279	39.053	3.7964E-01	0
-9.232	39.153	4.3761E-01	0
-9.192	39.151	4.4474E-01	2
-9.153	39.149	5.6970E-01	0
-9.113	39.146	3.9690E-01	2
-9.076	39.144	4.7762E-01	0
-9.038	39.142	3.7845E-01	2
-9.000	39.140	4.3050E-01	0
-8.963	39.138	3.6725E-01	2
-8.926	39.136	4.2950E-01	0
-8.888	39.133	3.7625E-01	2
-8.851	39.131	4.3480E-01	0
-8.814	39.129	3.6582E-01	2
-8.778	39.127	4.1520E-01	0
-8.742	39.125	3.5177E-01	2
-8.705	39.123	4.1928E-01	0
-8.669	39.120	4.0985E-01	2
-8.633	39.118	4.2759E-01	0
-8.597	39.116	3.2740E-01	2
-8.561	39.114	4.1670E-01	0
-8.525	39.112	3.7602E-01	2
-8.490	39.110	3.9697E-01	0
-8.454	39.107	3.4834E-01	2
-8.419	39.105	3.9721E-01	0
-8.384	39.103	3.6419E-01	2
-8.350	39.101	4.1054E-01	0
-8.316	39.099	3.2957E-01	2
-8.281	39.097	3.6856E-01	0
-9.233	39.137	4.6779E-01	0
-9.194	39.135	4.7733E-01	2
-9.152	39.133	5.2034E-01	0
-9.114	39.131	4.0722E-01	2
-9.077	39.129	4.5458E-01	0
-9.039	39.127	3.8643E-01	3
-9.001	39.125	4.3235E-01	0
-8.965	39.122	3.5355E-01	2
-8.927	39.120	4.1558E-01	0
-8.889	39.118	3.7927E-01	3
-8.852	39.116	4.3164E-01	0
-8.816	39.114	3.6890E-01	3
-8.779	39.112	3.9070E-01	0
-8.743	39.110	3.3709E-01	3
-8.707	39.108	3.4597E-01	0
-8.670	39.105	2.6983E-01	3
-8.634	39.103	3.5916E-01	0
-8.598	39.101	3.6695E-01	3
-8.562	39.099	4.3104E-01	0
-8.526	39.097	3.6333E-01	3
-8.491	39.095	4.1684E-01	0
-8.455	39.092	3.7121E-01	3
-8.420	39.090	4.1852E-01	0
-8.385	39.088	3.3041E-01	2
-8.351	39.086	3.7593E-01	0
-8.317	39.084	3.2382E-01	3
-8.283	39.082	3.8909E-01	0
-9.234	39.122	4.7405E-01	0
-9.194	39.120	4.7656E-01	2
-9.153	39.117	5.5070E-01	0
-9.116	39.115	4.1725E-01	2
-9.078	39.113	4.6206E-01	0
-9.040	39.111	3.8654E-01	2
-9.002	39.109	3.9224E-01	0
-8.966	39.107	3.6058E-01	2
-8.928	39.105	4.0251E-01	0
-8.890	39.103	3.6434E-01	2
-8.854	39.101	4.0217E-01	0
-8.817	39.099	3.3925E-01	2
-8.781	39.097	3.5594E-01	0
-8.744	39.095	3.2459E-01	2
-8.708	39.092	4.0395E-01	0
-8.671	39.090	3.5241E-01	2
-8.635	39.088	3.9899E-01	0
-8.599	39.086	3.4051E-01	2
-8.563	39.084	4.0902E-01	0
-8.527	39.082	3.5753E-01	2
-8.492	39.080	4.0052E-01	0
-8.457	39.078	3.6288E-01	2
-8.422	39.075	3.9938E-01	0
-8.387	39.073	3.2745E-01	2
-8.353	39.071	3.8235E-01	0
-8.318	39.069	3.2879E-01	2
-8.284	39.067	3.7689E-01	0
-9.235	39.106	5.0613E-01	0
-9.194	39.104	5.0349E-01	2
-9.154	39.102	4.9008E-01	0
-9.117	39.100	4.0906E-01	2
-9.080	39.098	4.5045E-01	0
-9.041	39.096	3.8377E-01	2
-9.003	39.094	4.3761E-01	0
-8.967	39.092	3.5662E-01	3
-8.929	39.090	4.1096E-01	0
-8.892	39.088	3.7168E-01	2
-8.855	39.086	3.9113E-01	0
-8.819	39.083	2.6548E-01	2
-8.782	39.081	3.5505E-01	0
-8.745	39.079	3.1549E-01	2
-8.709	39.077	4.3382E-01	0
-8.672	39.075	3.6125E-01	2
-8.636	39.073	4.1734E-01	0
-8.600	39.071	3.4897E-01	3
-8.565	39.069	4.1048E-01	0
-8.529	39.067	3.4744E-01	3
-8.494	39.065	3.9618E-01	0
-8.458	39.063	3.3659E-01	3
-8.423	39.061	3.9083E-01	0
-8.388	39.058	3.4285E-01	2
-8.354	39.056	3.7049E-01	0
-8.319	39.054	3.3093E-01	3
-8.285	39.052	3.7559E-01	0
-8.252	39.050	3.3446E-01	3
-9.236	39.090	4.8850E-01	0
-9.196	39.088	4.4554E-01	2
-9.157	39.086	4.8470E-01	0
-9.118	39.084	4.5027E-01	2
-9.080	39.082	4.2761E-01	0
-9.042	39.080	4.0605E-01	2
-9.004	39.078	4.2995E-01	0
-8.968	39.076	3.7648E-01	2
-8.931	39.074	3.8690E-01	0
-8.893	39.072	3.7459E-01	2
-8.857	39.070	3.5697E-01	0
-8.820	39.068	2.8967E-01	2
-8.783	39.066	3.6811E-01	0
-8.746	39.064	3.5698E-01	2
-8.710	39.062	4.3159E-01	0
-8.673	39.060	3.7242E-01	2
-8.637	39.058	3.7963E-01	0
-8.601	39.056	3.4371E-01	2
-8.566	39.054	3.8681E-01	0
-8.530	39.052	3.6589E-01	2
-8.495	39.050	3.8039E-01	0
-8.459	39.048	3.6060E-01	2
-8.424	39.046	3.6383E-01	0
-8.390	39.044	3.3018E-01	2
-8.355	39.042	3.6283E-01	0
-8.321	39.040	3.3995E-01	2
-8.287	39.038	3.6920E-01	0
-8.253	39.036	3.5026E-01	2
-9.237	39.075	5.5150E-01	0
-9.198	39.073	4.5789E-01	2
-9.158	39.071	4.6826E-01	0
-9.119	39.069	4.4739E-01	2
-9.081	39.067	4.5592E-01	0
-9.043	39.065	4.0573E-01	2
-9.006	39.063	4.0554E-01	0
-8.970	39.061	3.7625E-01	2
-8.932	39.059	3.7259E-01	0
-8.895	39.057	3.3792E-01	2
-8.858	39.055	3.1060E-01	0
-8.821	39.053	3.3332E-01	3
-8.784	39.051	3.3263E-01	0
-8.748	39.049	3.6264E-01	3
-8.711	39.047	4.1777E-01	0
-8.675	39.045	3.5638E-01	3
-8.638	39.043	3.7624E-01	0
-8.602	39.041	3.1400E-01	3
-8.566	39.039	3.8074E-01	0
-8.531	39.037	3.4353E-01	3
-8.496	39.035	3.6964E-01	0
-8.460	39.033	3.4339E-01	3
-8.426	39.031	3.5379E-01	0
-8.391	39.029	3.3124E-01	3
-8.357	39.027	3.5898E-01	0
-8.322	39.025	3.4574E-01	3
-8.289	39.023	3.9908E-01	0
-8.255	39.021	3.6929E-01	3
-9.237	39.059	5.6685E-01	0
-9.199	39.057	4.6521E-01	2
-9.160	39.055	4.7853E-01	0
-9.120	39.053	4.3281E-01	2
-9.081	39.051	4.7041E-01	0
-9.043	39.049	3.9671E-01	2
-9.007	39.047	4.2031E-01	0
-8.971	39.046	3.6216E-01	2
-8.933	39.044	3.8952E-01	0
-8.896	39.042	2.4964E-01	2
-8.859	39.040	3.7331E-01	0
-8.822	39.038	3.6190E-01	2
-8.785	39.036	4.0825E-01	0
-8.749	39.034	3.3196E-01	2
-8.712	39.032	3.9992E-01	0
-8.676	39.030	3.5408E-01	2
-8.639	39.028	3.8739E-01	0
-8.603	39.026	3.2754E-01	2
-8.568	39.024	3.9733E-01	0
-8.532	39.022	3.1357E-01	2
-8.497	39.020	3.7431E-01	0
-8.462	39.018	3.3255E-01	2
-8.427	39.016	3.8905E-01	0
-8.393	39.014	3.3409E-01	2
-8.359	39.012	3.8033E-01	0
-8.325	39.010	3.3100E-01	2
-8.290	39.008	4.1908E-01	0
-8.256	39.006	3.3672E-01	2
-9.238	39.043	5.6405E-01	0
-9.199	39.042	5.0983E-01	2
-9.160	39.040	5.5737E-01	0
-9.120	39.038	4.2352E-01	2
-9.082	39.036	4.6257E-01	0
-9.045	39.034	4.1589E-01	2
-9.008	39.032	4.2621E-01	0
-8.972	39.030	3.6071E-01	2
-8.935	39.028	3.0480E-01	0
-8.897	39.026	2.0959E-01	2
-8.860	39.024	2.7779E-01	0
-8.823	39.023	2.6375E-01	3
-8.787	39.021	3.8332E-01	0
-8.750	39.019	3.6702E-01	3
-8.714	39.017	3.7977E-01	0
-8.677	39.015	3.4673E-01	3
-8.641	39.013	3.8189E-01	0
-8.605	39.011	3.4432E-01	3
-8.569	39.009	4.1101E-01	0
-8.534	39.007	3.3935E-01	3
-8.498	39.005	4.0054E-01	0
-8.464	39.003	3.4865E-01	3
-8.429	39.001	3.9953E-01	0
-8.395	38.999	3.3554E-01	3
-8.360	38.997	4.0527E-01	0
-8.326	38.995	3.6924E-01	3
-8.292	38.993	4.5270E-01	0
-8.258	38.991	3.7881E-01	3
-9.240	39.028	5.0734E-01	0
-9.199	39.026	4.4870E-01	2
-9.160	39.024	4.9523E-01	0
-9.121	39.022	4.5371E-01	2
-9.083	39.020	4.6534E-01	0
-9.046	39.018	3.9367E-01	2
-9.009	39.017	4.2449E-01	0
-8.973	39.015	3.4639E-01	2
-8.936	39.013	2.8709E-01	0
-8.899	39.011	2.8218E-01	2
-8.862	39.009	3.6878E-01	0
-8.825	39.007	2.4860E-01	2
-8.788	39.005	4.2481E-01	0
-8.751	39.003	3.7344E-01	2
-8.715	39.002	4.1390E-01	0
-8.678	39.000	3.2585E-01	2
-8.642	38.998	4.1839E-01	0
-8.606	38.996	3.6948E-01	2
-8.571	38.994	4.0176E-01	0
-8.535	38.992	3.4621E-01	2
-8.500	38.990	3.9313E-01	0
-8.466	38.988	3.5417E-01	2
-8.431	38.986	3.9436E-01	0
-8.396	38.984	3.3815E-01	2
-8.361	38.982	3.9329E-01	0
-8.326	38.981	3.5218E-01	2
-8.292	38.979	3.9802E-01	0
-8.258	38.977	3.3678E-01	2
-9.241	39.012	5.5851E-01	0
-9.201	39.010	4.6530E-01	3
-9.161	39.008	5.2899E-01	0
-9.123	39.007	4.1155E-01	3
-9.086	39.005	4.6724E-01	0
-9.048	39.003	4.1013E-01	3
-9.011	39.001	4.1988E-01	0
-8.974	38.999	3.4711E-01	2
-8.937	38.998	2.8725E-01	0
-8.900	38.996	2.9616E-01	2
-8.863	38.994	3.1988E-01	0
-8.826	38.992	2.6066E-01	3
-8.789	38.990	3.4838E-01	0
-8.752	38.988	3.9048E-01	3
-8.716	38.986	4.3900E-01	0
-8.680	38.985	3.5314E-01	3
-8.643	38.983	3.9361E-01	0
-8.608	38.981	3.3850E-01	3
-8.572	38.979	3.9682E-01	0
-8.536	38.977	3.4792E-01	3
-8.502	38.975	3.9014E-01	0
-8.467	38.973	3.5788E-01	3
-8.432	38.971	4.0466E-01	0
-8.397	38.970	3.3952E-01	3
-8.362	38.968	3.8604E-01	0
-8.328	38.966	3.3196E-01	3
-8.293	38.964	3.9561E-01	0
-8.259	38.962	3.5721E-01	3
-9.245	39.064	5.3067E-01	0
-9.206	39.062	4.9756E-01	2
-9.167	39.060	4.7689E-01	0
-9.128	39.058	4.3347E-01	2
-9.089	39.056	4.8228E-01	0
-9.051	39.053	4.0675E-01	2
-9.014	39.051	4.1741E-01	0
-8.978	39.049	3.7774E-01	2
-8.941	39.047	4.0031E-01	0
-8.904	39.045	2.7612E-01	2
-8.867	39.043	3.3789E-01	0
-8.830	39.041	3.6530E-01	2
-8.793	39.038	4.0170E-01	0
-8.756	39.036	3.2757E-01	2
-8.720	39.034	4.0883E-01	0
-8.683	39.032	3.6542E-01	2
-8.647	39.030	3.9793E-01	0
-8.611	39.027	3.2573E-01	2
-8.575	39.025	3.9268E-01	0
-8.540	39.023	3.2758E-01	2
-8.504	39.021	3.7035E-01	0
-8.469	39.019	3.3539E-01	2
-8.435	39.017	3.8504E-01	0
-8.400	39.014	3.4245E-01	2
-8.366	39.012	3.8440E-01	0
-8.332	39.010	3.2400E-01	2
-8.298	39.008	4.1942E-01	0
-8.264	39.006	3.4293E-01	2
-9.246	39.049	5.5146E-01	0
-9.206	39.047	5.1886E-01	3
-9.168	39.044	5.5535E-01	0
-9.128	39.042	4.3268E-01	3
-9.089	39.040	4.7877E-01	0
-9.052	39.038	4.2040E-01	3
-9.015	39.036	4.3431E-01	0
-8.979	39.034	3.7379E-01	3
-8.942	39.032	3.4873E-01	0
-8.905	39.030	2.0146E-01	3
-8.868	39.027	2.6767E-01	0
-8.831	39.025	2.6261E-01	3
-8.794	39.023	3.7048E-01	0
-8.757	39.021	3.7874E-01	3
-8.721	39.019	3.7419E-01	0
-8.685	39.017	3.4552E-01	3
-8.648	39.015	3.7267E-01	0
-8.612	39.012	3.4285E-01	3
-8.576	39.010	4.0829E-01	0
-8.541	39.008	3.5359E-01	3
-8.506	39.006	3.9402E-01	0
-8.471	39.004	3.5366E-01	3
-8.437	39.002	3.9708E-01	0
-8.402	39.000	3.4488E-01	3
-8.368	38.997	3.9500E-01	0
-8.333	38.995	3.7216E-01	3
-8.299	38.993	4.5484E-01	0
-8.265	38.991	3.7740E-01	3
-9.247	39.033	5.0430E-01	0
-9.206	39.031	4.7125E-01	2
-9.168	39.029	5.0255E-01	0
-9.128	39.027	4.6525E-01	2
-9.090	39.025	4.6248E-01	0
-9.052	39.022	4.0457E-01	2
-9.016	39.020	4.3638E-01	0
-8.980	39.018	3.5616E-01	2
-8.943	39.016	2.9987E-01	0
-8.906	39.014	2.6953E-01	2
-8.869	39.012	3.7020E-01	0
-8.832	39.010	2.7299E-01	2
-8.795	39.008	4.1454E-01	0
-8.758	39.006	3.7949E-01	2
-8.722	39.004	4.2126E-01	0
-8.686	39.002	3.4381E-01	2
-8.649	38.999	4.2851E-01	0
-8.613	38.997	3.6987E-01	2
-8.578	38.995	4.0943E-01	0
-8.542	38.993	3.4489E-01	2
-8.507	38.991	3.9647E-01	0
-8.473	38.989	3.5513E-01	2
-8.438	38.987	4.0149E-01	0
-8.403	38.985	3.4094E-01	2
-8.369	38.983	3.9177E-01	0
-8.334	38.980	3.4908E-01	2
-8.300	38.978	4.0849E-01	0
-8.266	38.976	3.2422E-01	2
-9.247	39.017	5.8193E-01	0
-9.207	39.015	4.6785E-01	3
-9.169	39.013	5.4509E-01	0
-9.129	39.011	4.2496E-01	3
-9.092	39.009	4.7560E-01	0
-9.055	39.007	4.1716E-01	3
-9.018	39.005	4.2925E-01	0
-8.981	39.003	3.7093E-01	3
-8.944	39.001	3.0165E-01	0
-8.907	38.999	2.9113E-01	3
-8.870	38.997	3.4758E-01	0
-8.833	38.995	2.5448E-01	3
-8.796	38.993	3.3989E-01	0
-8.760	38.991	3.9061E-01	3
-8.723	38.989	4.4068E-01	0
-8.687	38.987	3.2549E-01	3
-8.651	38.984	4.0336E-01	0
-8.615	38.982	3.4033E-01	3
-8.579	38.980	3.9954E-01	0
-8.544	38.978	3.5501E-01	3
-8.509	38.976	4.0298E-01	0
-8.474	38.974	3.5405E-01	3
-8.439	38.972	4.1511E-01	0
-8.404	38.970	3.4267E-01	3
-8.370	38.968	3.9137E-01	0
-8.335	38.966	3.3768E-01	3
-8.301	38.964	3.9487E-01	0
-8.266	38.962	3.5607E-01	3
-9.249	39.002	4.3968E-01	0
-9.209	39.000	4.2456E-01	2
-9.169	38.998	5.3043E-01	0
-9.131	38.996	4.4556E-01	2
-9.094	38.994	4.5974E-01	0
-9.057	38.992	3.9540E-01	2
-9.019	38.990	4.2699E-01	0
-8.982	38.988	3.5808E-01	2
-8.946	38.986	2.9244E-01	0
-8.908	38.984	2.7780E-01	2
-8.871	38.982	2.9444E-01	0
-8.834	38.980	3.1225E-01	2
-8.798	38.978	3.3947E-01	0
-8.761	38.976	2.7572E-01	2
-8.724	38.973	3.9427E-01	0
-8.688	38.971	4.1785E-01	2
-8.652	38.969	3.7814E-01	0
-8.616	38.967	3.5778E-01	2
-8.581	38.965	3.7744E-01	0
-8.545	38.963	3.5247E-01	2
-8.511	38.961	3.8863E-01	0
-8.476	38.959	4.1069E-01	2
-8.440	38.957	4.1834E-01	0
-8.405	38.955	3.5119E-01	2
-8.371	38.953	3.7079E-01	0
-8.336	38.951	3.4472E-01	2
-8.302	38.949	3.8115E-01	0
-8.268	38.947	3.7625E-01	2
-9.210	38.984	4.3828E-01	3
-9.169	38.982	4.8814E-01	0
-9.131	38.980	4.3370E-01	3
-9.094	38.978	4.5544E-01	0
-9.057	38.976	3.9757E-01	3
-9.019	38.974	4.3756E-01	0
-8.983	38.972	3.5435E-01	3
-8.947	38.970	2.3264E-01	0
-8.909	38.968	2.4970E-01	3
-8.872	38.966	2.9489E-01	0
-8.835	38.964	3.3091E-01	3
-8.799	38.962	3.8153E-01	0
-8.762	38.960	3.0558E-01	3
-8.726	38.958	3.2882E-01	0
-8.690	38.956	3.0809E-01	3
-8.654	38.954	3.5683E-01	0
-8.618	38.952	3.5965E-01	3
-8.582	38.950	4.0454E-01	0
-8.547	38.948	3.3565E-01	3
-8.512	38.946	3.5534E-01	0
-8.477	38.944	3.7521E-01	3
-8.442	38.942	4.3378E-01	0
-8.407	38.940	3.7049E-01	3
-8.372	38.938	3.8757E-01	0
-8.337	38.936	3.9035E-01	3
-8.303	38.934	3.9571E-01	0
-8.269	38.932	3.5040E-01	3
-9.211	38.968	4.7073E-01	2
-9.171	38.966	4.7976E-01	0
-9.132	38.965	4.4459E-01	2
-9.093	38.963	5.1268E-01	0
-9.057	38.961	3.7932E-01	2
-9.020	38.959	4.4059E-01	0
-8.985	38.957	2.7211E-01	2
-8.948	38.955	2.5637E-01	0
-8.911	38.953	2.4256E-01	2
-8.874	38.951	3.0186E-01	0
-8.837	38.949	2.6552E-01	3
-8.800	38.947	4.0256E-01	0
-8.763	38.945	3.1323E-01	2
-8.727	38.943	4.2989E-01	0
-8.691	38.941	3.2915E-01	2
-8.655	38.939	3.1136E-01	0
-8.619	38.937	2.3299E-01	2
-8.584	38.935	2.7941E-01	0
-8.548	38.933	2.9076E-01	2
-8.513	38.931	4.0510E-01	0
-8.478	38.929	3.2729E-01	2
-8.443	38.927	4.2334E-01	0
-8.408	38.925	3.8131E-01	2
-8.374	38.923	4.1690E-01	0
-8.339	38.921	3.6262E-01	2
-8.305	38.919	4.3313E-01	0
-8.271	38.917	3.3829E-01	2
-9.211	38.953	4.4691E-01	3
-9.173	38.951	4.8923E-01	0
-9.134	38.949	4.1146E-01	3
-9.095	38.947	4.7358E-01	0
-9.058	38.945	4.1052E-01	2
-9.022	38.943	4.3306E-01	0
-8.986	38.942	2.4538E-01	3
-8.949	38.940	2.5657E-01	0
-8.912	38.938	2.4961E-01	3
-8.875	38.936	3.4042E-01	0
-8.838	38.934	3.0553E-01	3
-8.801	38.932	4.2378E-01	0
-8.764	38.930	3.4370E-01	3
-8.728	38.928	4.3190E-01	0
-8.691	38.926	3.7928E-01	3
-8.656	38.924	4.1250E-01	0
-8.620	38.922	3.3730E-01	3
-8.585	38.920	3.9645E-01	0
-8.549	38.918	3.5332E-01	3
-8.514	38.916	3.9809E-01	0
-8.479	38.914	3.1920E-01	3
-8.444	38.912	3.8876E-01	0
-8.409	38.911	3.3853E-01	3
-8.375	38.909	3.9046E-01	0
-8.340	38.907	3.7269E-01	3
-8.306	38.905	4.3272E-01	0
-8.272	38.903	3.4866E-01	3
-9.213	38.937	3.9962E-01	3
-9.175	38.935	4.9540E-01	0
-9.136	38.934	4.1337E-01	3
-9.097	38.932	4.6310E-01	0
-9.060	38.930	3.9067E-01	3
-9.024	38.928	3.7752E-01	0
-8.988	38.926	1.9436E-01	3
-8.950	38.924	2.4548E-01	0
-8.913	38.922	2.5611E-01	3
-8.876	38.921	3.9222E-01	0
-8.839	38.919	3.1420E-01	3
-8.802	38.917	4.1625E-01	0
-8.765	38.915	3.4993E-01	3
-8.729	38.913	4.0291E-01	0
-8.693	38.911	3.5306E-01	2
-8.657	38.909	4.1891E-01	0
-8.621	38.907	3.5073E-01	2
-8.585	38.905	3.9457E-01	0
-8.550	38.903	3.3814E-01	2
-8.515	38.901	3.7887E-01	0
-8.480	38.900	2.9578E-01	2
-8.445	38.898	3.7690E-01	0
-8.410	38.896	3.4533E-01	2
-8.376	38.894	3.8004E-01	0
-8.341	38.892	3.5358E-01	2
-8.307	38.890	4.1315E-01	0
-8.273	38.888	3.5225E-01	2
-9.214	38.922	4.5216E-01	3
-9.176	38.920	4.9715E-01	0
-9.138	38.918	3.8542E-01	3
-9.099	38.916	4.7276E-01	0
-9.061	38.914	3.6493E-01	2
-9.026	38.913	3.4508E-01	0
-8.989	38.911	1.9803E-01	3
-8.952	38.909	2.0766E-01	0
-8.914	38.907	2.1560E-01	3
-8.877	38.905	4.1236E-01	0
-8.840	38.903	3.5446E-01	3
-8.804	38.902	3.5653E-01	0
-8.767	38.900	3.3985E-01	3
-8.730	38.898	3.8933E-01	0
-8.694	38.896	3.5474E-01	3
-8.658	38.894	4.0775E-01	0
-8.622	38.892	3.2915E-01	3
-8.586	38.890	3.7969E-01	0
-8.551	38.888	3.4611E-01	3
-8.516	38.886	3.9514E-01	0
-8.481	38.885	3.5122E-01	3
-8.446	38.883	4.0002E-01	0
-8.411	38.881	3.5128E-01	3
-8.377	38.879	3.9365E-01	0
-8.342	38.877	3.3352E-01	3
-8.309	38.875	4.0908E-01	0
-8.275	38.873	3.3555E-01	3
-9.217	38.973	4.6748E-01	2
-9.176	38.971	4.9015E-01	0
-9.138	38.969	4.5246E-01	2
-9.099	38.967	5.0913E-01	0
-9.063	38.964	3.9523E-01	2
-9.026	38.962	4.5428E-01	0
-8.990	38.960	3.2730E-01	2
-8.954	38.958	2.5637E-01	0
-8.916	38.956	2.2976E-01	2
-8.879	38.954	3.0687E-01	0
-8.842	38.952	2.6484E-01	2
-8.805	38.949	4.0298E-01	0
-8.769	38.947	3.0315E-01	2
-8.732	38.945	4.2005E-01	0
-8.696	38.943	3.3937E-01	2
-8.661	38.941	3.0713E-01	0
-8.625	38.939	2.2210E-01	2
-8.590	38.936	2.8967E-01	0
-8.554	38.934	2.7667E-01	2
-8.519	38.932	3.9742E-01	0
-8.484	38.930	3.3324E-01	2
-8.448	38.928	4.1482E-01	0
-8.414	38.925	3.8415E-01	2
-8.379	38.923	4.2248E-01	0
-8.345	38.921	3.6865E-01	2
-8.311	38.919	4.2381E-01	0
-8.277	38.917	3.4118E-01	2
-9.217	38.958	4.2236E-01	2
-9.178	38.955	4.9147E-01	0
-9.139	38.953	4.0782E-01	2
-9.100	38.951	4.8218E-01	0
-9.064	38.949	4.1906E-01	2
-9.027	38.947	4.4678E-01	0
-8.991	38.945	2.7717E-01	2
-8.955	38.943	2.4847E-01	0
-8.917	38.941	2.4198E-01	3
-8.880	38.938	3.1449E-01	0
-8.843	38.936	2.8810E-01	3
-8.807	38.934	4.1824E-01	0
-8.770	38.932	3.4875E-01	3
-8.734	38.930	4.2532E-01	0
-8.697	38.928	3.8156E-01	3
-8.661	38.926	4.1605E-01	0
-8.626	38.923	3.4307E-01	3
-8.590	38.921	3.8666E-01	0
-8.555	38.919	3.5070E-01	3
-8.520	38.917	4.0239E-01	0
-8.485	38.915	3.2897E-01	3
-8.450	38.913	3.8135E-01	0
-8.415	38.911	3.4456E-01	3
-8.380	38.908	3.9010E-01	0
-8.346	38.906	3.6787E-01	3
-8.312	38.904	4.3697E-01	0
-8.278	38.902	3.4983E-01	3
-9.218	38.942	3.7890E-01	2
-9.180	38.940	4.9983E-01	0
-9.141	38.938	4.4319E-01	2
-9.102	38.936	4.6226E-01	0
-9.065	38.934	4.0143E-01	2
-9.028	38.932	4.0432E-01	0
-8.993	38.930	2.1777E-01	2
-8.956	38.927	2.6174E-01	0
-8.919	38.925	2.5251E-01	2
-8.881	38.923	3.7913E-01	0
-8.845	38.921	3.2367E-01	2
-8.808	38.919	4.2422E-01	0
-8.771	38.917	3.5586E-01	2
-8.735	38.915	4.0765E-01	0
-8.698	38.913	3.5567E-01	2
-8.662	38.910	4.1135E-01	0
-8.627	38.908	3.5095E-01	2
-8.591	38.906	3.9702E-01	0
-8.556	38.904	3.4362E-01	2
-8.521	38.902	3.7784E-01	0
-8.486	38.900	3.0424E-01	2
-8.451	38.898	3.6781E-01	0
-8.416	38.896	3.4773E-01	2
-8.381	38.894	3.8497E-01	0
-8.347	38.891	3.4918E-01	2
-8.313	38.889	4.1402E-01	0
-8.279	38.887	3.3952E-01	2
-9.219	38.926	4.4375E-01	3
-9.181	38.924	4.9914E-01	0
-9.143	38.922	3.9052E-01	3
-9.105	38.920	4.9089E-01	0
-9.066	38.918	3.6770E-01	2
-9.031	38.916	3.7679E-01	0
-8.994	38.914	1.9633E-01	2
-8.957	38.912	2.1427E-01	0
-8.920	38.910	1.9857E-01	2
-8.883	38.908	4.0577E-01	0
-8.846	38.906	3.5247E-01	3
-8.809	38.904	3.6244E-01	0
-8.772	38.902	3.3064E-01	3
-8.736	38.900	3.9882E-01	0
-8.700	38.898	3.5560E-01	3
-8.664	38.895	4.1968E-01	0
-8.628	38.893	3.3372E-01	3
-8.592	38.891	3.7845E-01	0
-8.557	38.889	3.4483E-01	3
-8.522	38.887	3.9155E-01	0
-8.487	38.885	3.4752E-01	3
-8.452	38.883	4.1220E-01	0
-8.417	38.881	3.4759E-01	3
-8.382	38.879	3.9999E-01	0
-8.348	38.877	3.3802E-01	3
-8.314	38.875	4.0849E-01	0
-8.280	38.873	3.2979E-01	3
-9.220	38.911	4.6329E-01	2
-9.182	38.909	5.1093E-01	0
-9.145	38.907	4.0957E-01	2
-9.107	38.905	4.2390E-01	0
-9.068	38.903	3.8209E-01	2
-9.033	38.901	3.4661E-01	0
-8.996	38.899	2.1240E-01	2
-8.958	38.897	2.1210E-01	0
-8.921	38.895	2.1748E-01	2
-8.884	38.893	3.6617E-01	0
-8.847	38.891	3.3932E-01	2
-8.810	38.889	3.6247E-01	0
-8.774	38.887	3.4175E-01	2
-8.737	38.884	3.9215E-01	0
-8.701	38.882	3.6515E-01	2
-8.665	38.880	3.8891E-01	0
-8.629	38.878	3.6007E-01	2
-8.593	38.876	3.7204E-01	0
-8.558	38.874	3.4943E-01	2
-8.523	38.872	3.8363E-01	0
-8.488	38.870	3.6811E-01	2
-8.453	38.868	3.8864E-01	0
-8.418	38.866	3.6251E-01	2
-8.383	38.864	3.5738E-01	0
-8.349	38.862	3.4966E-01	2
-8.316	38.860	3.9424E-01	0
-8.282	38.858	3.7950E-01	2
-9.221	38.895	4.7811E-01	3
-9.182	38.893	5.4197E-01	0
-9.144	38.891	4.3132E-01	3
-9.106	38.889	4.4348E-01	0
-9.070	38.887	3.4050E-01	2
-9.034	38.885	2.8079E-01	0
-8.997	38.883	1.7003E-01	2
-8.959	38.881	2.8218E-01	0
-8.922	38.879	2.5841E-01	3
-8.885	38.877	3.3049E-01	0
-8.848	38.875	3.2833E-01	3
-8.811	38.873	3.7785E-01	0
-8.775	38.871	3.2635E-01	3
-8.738	38.869	3.6957E-01	0
-8.702	38.867	3.5326E-01	3
-8.666	38.865	3.7589E-01	0
-8.630	38.863	3.3280E-01	3
-8.595	38.861	3.8170E-01	0
-8.559	38.859	3.4846E-01	3
-8.524	38.857	3.8529E-01	0
-8.489	38.855	3.3747E-01	3
-8.454	38.853	4.1266E-01	0
-8.419	38.851	3.7626E-01	3
-8.385	38.849	3.5585E-01	0
-8.350	38.847	3.3820E-01	3
-8.317	38.845	3.9647E-01	0
-8.283	38.843	3.9900E-01	3
-9.222	38.880	5.0479E-01	2
-9.184	38.878	5.5717E-01	0
-9.147	38.876	4.5955E-01	2
-9.110	38.874	4.6449E-01	0
-9.072	38.872	3.5508E-01	2
-9.036	38.870	2.8327E-01	0
-8.998	38.868	2.7375E-01	2
-8.961	38.866	3.4878E-01	0
-8.923	38.864	3.1156E-01	2
-8.886	38.862	3.9493E-01	0
-8.849	38.860	3.5463E-01	2
-8.812	38.858	4.1241E-01	0
-8.776	38.856	3.2532E-01	2
-8.740	38.854	3.7739E-01	0
-8.704	38.852	3.3160E-01	2
-8.667	38.850	3.8540E-01	0
-8.631	38.848	3.2564E-01	2
-8.596	38.846	4.2541E-01	0
-8.560	38.844	3.4022E-01	2
-8.525	38.842	3.8933E-01	0
-8.490	38.840	3.4483E-01	2
-8.455	38.838	3.8864E-01	0
-8.421	38.836	3.5372E-01	2
-8.386	38.834	3.7119E-01	0
-8.351	38.832	3.4741E-01	2
-8.318	38.830	4.1404E-01	0
-8.284	38.828	3.5713E-01	2
-8.250	38.826	3.8455E-01	0
-9.224	38.864	4.6065E-01	3
-9.187	38.862	5.4502E-01	0
-9.150	38.860	5.7661E-01	2
-9.112	38.858	5.3210E-01	0
-9.074	38.856	3.0661E-01	2
-9.037	38.855	1.4475E-01	0
-8.999	38.853	1.2147E-01	3
-8.962	38.851	3.3586E-01	0
-8.924	38.849	3.3693E-01	3
-8.887	38.847	3.9715E-01	0
-8.850	38.845	3.3569E-01	3
-8.814	38.843	3.9032E-01	0
-8.777	38.841	2.7895E-01	3
-8.741	38.839	3.7105E-01	0
-8.705	38.837	3.5042E-01	3
-8.669	38.835	3.7841E-01	0
-8.632	38.833	3.4500E-01	3
-8.597	38.831	4.0463E-01	0
-8.561	38.829	3.6140E-01	3
-8.526	38.827	4.0722E-01	0
-8.491	38.825	3.3606E-01	3
-8.456	38.823	4.1088E-01	0
-8.421	38.821	3.1063E-01	3
-8.387	38.820	3.9510E-01	0
-8.352	38.818	3.5473E-01	3
-8.319	38.816	4.2239E-01	0
-8.285	38.814	3.8725E-01	3
-8.251	38.812	4.2349E-01	0
-9.226	38.848	4.4140E-01	2
-9.189	38.847	4.5450E-01	0
-9.152	38.845	4.5696E-01	2
-9.113	38.843	4.9819E-01	0
-9.075	38.841	2.7674E-01	2
-9.038	38.839	1.0226E-01	0
-9.000	38.837	3.7284E-02	2
-8.963	38.835	2.2617E-01	0
-8.926	38.833	3.3569E-01	3
-8.889	38.832	4.2732E-01	0
-8.852	38.830	3.2770E-01	2
-8.815	38.828	4.2339E-01	0
-8.778	38.826	3.2455E-01	2
-8.742	38.824	3.8487E-01	0
-8.706	38.822	3.3864E-01	2
-8.670	38.820	4.1613E-01	0
-8.634	38.818	3.3633E-01	2
-8.598	38.816	3.8627E-01	0
-8.563	38.814	3.4955E-01	2
-8.528	38.812	4.1555E-01	0
-8.493	38.811	3.6259E-01	2
-8.458	38.809	4.0115E-01	0
-8.423	38.807	3.5228E-01	2
-8.388	38.805	4.0747E-01	0
-8.354	38.803	3.8236E-01	2
-8.319	38.801	4.3426E-01	0
-8.286	38.799	3.6365E-01	2
-8.252	38.797	4.2136E-01	0
-9.226	38.833	4.5580E-01	2
-9.190	38.831	4.9510E-01	0
-9.153	38.829	4.4128E-01	2
-9.114	38.827	4.3745E-01	0
-9.077	38.826	2.1747E-01	2
-9.039	38.824	3.7062E-02	0
-9.002	38.822	1.6196E-02	2
-8.964	38.820	1.2671E-01	0
-8.927	38.818	2.9935E-01	3
-8.890	38.816	4.2248E-01	0
-8.853	38.814	3.6087E-01	3
-8.816	38.813	3.9342E-01	0
-8.779	38.811	3.1896E-01	3
-8.743	38.809	3.6605E-01	0
-8.707	38.807	3.3817E-01	3
-8.671	38.805	4.0937E-01	0
-8.636	38.803	3.7058E-01	3
-8.600	38.801	4.1276E-01	0
-8.565	38.799	3.4518E-01	3
-8.529	38.798	4.0619E-01	0
-8.494	38.796	3.3823E-01	3
-8.459	38.794	3.8174E-01	0
-8.424	38.792	3.3539E-01	3
-8.390	38.790	3.8626E-01	0
-8.355	38.788	3.7225E-01	3
-8.321	38.786	4.0690E-01	0
-8.287	38.784	3.7416E-01	3
-8.253	38.782	4.2403E-01	0
-9.230	38.885	4.4152E-01	3
-9.191	38.882	5.4733E-01	0
-9.153	38.880	4.9393E-01	3
-9.116	38.878	4.6504E-01	0
-9.079	38.876	3.5649E-01	2
-9.043	38.874	3.1505E-01	0
-9.005	38.872	2.3567E-01	2
-8.968	38.870	3.4022E-01	0
-8.931	38.867	3.0649E-01	2
-8.894	38.865	3.6837E-01	0
-8.857	38.863	3.5577E-01	2
-8.820	38.861	4.0988E-01	0
-8.783	38.859	3.5008E-01	2
-8.747	38.856	3.6238E-01	0
-8.711	38.854	3.4313E-01	2
-8.675	38.852	3.8300E-01	0
-8.639	38.850	3.3205E-01	2
-8.603	38.848	4.1142E-01	0
-8.568	38.845	3.5472E-01	2
-8.532	38.843	3.8749E-01	0
-8.497	38.841	3.4553E-01	2
-8.463	38.839	3.9004E-01	0
-8.428	38.837	3.5849E-01	2
-8.393	38.834	3.7538E-01	0
-8.359	38.832	3.4264E-01	2
-8.325	38.830	4.1326E-01	0
-8.291	38.828	3.6668E-01	2
-8.258	38.826	4.1488E-01	0
-9.231	38.869	4.3823E-01	2
-9.193	38.867	5.7104E-01	0
-9.156	38.865	5.6078E-01	2
-9.119	38.863	5.6141E-01	0
-9.081	38.861	3.5940E-01	3
-9.044	38.858	2.2262E-01	0
-9.006	38.856	1.6093E-01	2
-8.969	38.854	3.3926E-01	0
-8.932	38.852	3.3629E-01	2
-8.895	38.850	4.0703E-01	0
-8.858	38.848	3.5351E-01	2
-8.821	38.846	3.8635E-01	0
-8.784	38.843	2.9578E-01	3
-8.748	38.841	3.7105E-01	0
-8.712	38.839	3.5447E-01	3
-8.676	38.837	3.8300E-01	0
-8.640	38.835	3.3634E-01	3
-8.604	38.833	4.1869E-01	0
-8.569	38.830	3.6670E-01	3
-8.534	38.828	4.1095E-01	0
-8.499	38.826	3.4471E-01	3
-8.464	38.824	4.0776E-01	0
-8.429	38.822	3.2704E-01	3
-8.394	38.820	3.8705E-01	0
-8.360	38.818	3.5927E-01	3
-8.326	38.815	4.2375E-01	0
-8.292	38.813	3.7713E-01	3
-8.258	38.811	4.4983E-01	0
-9.233	38.853	4.3838E-01	3
-9.196	38.851	4.8981E-01	0
-9.159	38.849	4.8864E-01	3
-9.120	38.847	5.4640E-01	0
-9.082	38.845	3.1924E-01	2
-9.045	38.843	1.3109E-01	0
-9.008	38.841	2.8921E-02	2
-8.970	38.839	2.1980E-01	0
-8.933	38.837	3.0577E-01	2
-8.896	38.835	4.2518E-01	0
-8.859	38.832	3.0982E-01	2
-8.822	38.830	4.1356E-01	0
-8.785	38.828	3.3733E-01	2
-8.749	38.826	3.7546E-01	0
-8.713	38.824	3.3557E-01	2
-8.677	38.822	4.1802E-01	0
-8.641	38.820	3.4472E-01	2
-8.606	38.818	3.8168E-01	0
-8.570	38.815	3.5212E-01	2
-8.535	38.813	4.1737E-01	0
-8.500	38.811	3.6000E-01	2
-8.465	38.809	4.0771E-01	0
-8.430	38.807	3.4970E-01	2
-8.396	38.805	4.0798E-01	0
-8.361	38.803	3.7477E-01	2
-8.327	38.801	4.5051E-01	0
-8.293	38.799	3.6451E-01	2
-8.259	38.796	4.3582E-01	0
-9.234	38.838	4.3684E-01	2
-9.197	38.836	4.6025E-01	0
-9.160	38.834	4.0723E-01	3
-9.122	38.832	4.3728E-01	0
-9.084	38.830	2.9161E-01	3
-9.046	38.828	8.1663E-02	0
-9.009	38.826	1.6488E-02	2
-8.971	38.823	1.1228E-01	0
-8.934	38.821	2.8623E-01	2
-8.897	38.819	4.2267E-01	0
-8.860	38.817	3.6771E-01	2
-8.823	38.815	4.0486E-01	0
-8.787	38.813	3.2612E-01	2
-8.750	38.811	3.6665E-01	0
-8.714	38.809	3.5087E-01	3
-8.679	38.807	4.0476E-01	0
-8.643	38.805	3.7372E-01	3
-8.607	38.803	4.2147E-01	0
-8.572	38.801	3.5090E-01	3
-8.537	38.798	4.1571E-01	0
-8.502	38.796	3.4344E-01	3
-8.467	38.794	3.9468E-01	0
-8.432	38.792	3.3853E-01	3
-8.397	38.790	3.8567E-01	0
-8.363	38.788	3.7539E-01	3
-8.329	38.786	4.0855E-01	0
-8.295	38.784	3.8038E-01	3
-8.261	38.782	4.4741E-01	0
-9.234	38.822	4.3738E-01	2
-9.196	38.820	4.7767E-01	0
-9.160	38.818	4.4785E-01	2
-9.122	38.816	4.2658E-01	0
-9.085	38.814	1.7835E-01	2
-9.048	38.812	2.3836E-02	0
-9.010	38.810	1.3699E-02	2
-8.973	38.808	4.4976E-02	0
-8.935	38.806	2.3869E-01	2
-8.898	38.804	3.7840E-01	0
-8.861	38.802	3.6704E-01	2
-8.824	38.800	3.8253E-01	0
-8.788	38.798	3.4495E-01	2
-8.752	38.796	3.7910E-01	0
-8.715	38.794	3.4978E-01	2
-8.679	38.792	4.0681E-01	0
-8.644	38.790	4.0176E-01	2
-8.608	38.788	3.8199E-01	0
-8.573	38.786	3.5209E-01	2
-8.538	38.784	3.8705E-01	0
-8.503	38.781	3.7446E-01	2
-8.468	38.779	4.2741E-01	0
-8.433	38.777	3.6828E-01	2
-8.399	38.775	4.0383E-01	0
-8.364	38.773	3.8282E-01	2
-8.330	38.771	4.0744E-01	0
-8.296	38.769	3.7666E-01	2
-8.262	38.767	3.9099E-01	0
-9.235	38.807	4.1246E-01	3
-9.198	38.805	4.6589E-01	0
-9.161	38.803	4.6572E-01	3
-9.123	38.801	4.1056E-01	0
-9.086	38.799	1.3718E-01	3
-9.049	38.797	1.4357E-02	0
-9.011	38.795	9.6212E-03	3
-8.974	38.793	2.9708E-02	0
-8.936	38.791	1.8534E-01	2
-8.899	38.789	3.4964E-01	0
-8.862	38.787	3.5075E-01	2
-8.825	38.785	4.1434E-01	0
-8.789	38.783	3.3802E-01	2
-8.753	38.781	3.5305E-01	0
-8.717	38.779	3.3639E-01	3
-8.681	38.777	4.0348E-01	0
-8.645	38.775	3.7997E-01	3
-8.609	38.773	4.1190E-01	0
-8.574	38.771	4.0159E-01	3
-8.538	38.769	3.8354E-01	0
-8.503	38.767	3.6918E-01	3
-8.469	38.765	3.9980E-01	0
-8.434	38.763	3.7192E-01	3
-8.400	38.760	4.1620E-01	0
-8.365	38.758	3.6632E-01	3
-8.331	38.756	3.7262E-01	0
-8.297	38.754	3.4366E-01	3
-8.263	38.752	3.7860E-01	0
-9.237	38.791	3.7959E-01	2
-9.200	38.789	4.4746E-01	0
-9.163	38.787	4.4807E-01	2
-9.124	38.785	4.2341E-01	0
-9.088	38.783	1.4436E-01	2
-9.050	38.781	1.3309E-02	0
-9.012	38.779	1.0313E-02	2
-8.975	38.777	3.0974E-02	0
-8.938	38.775	1.8539E-01	2
-8.900	38.773	3.6914E-01	0
-8.863	38.772	3.2581E-01	2
-8.827	38.770	3.9123E-01	0
-8.790	38.768	3.2853E-01	2
-8.754	38.766	3.8196E-01	0
-8.718	38.764	3.3505E-01	2
-8.682	38.762	4.2268E-01	0
-8.646	38.760	3.7365E-01	2
-8.611	38.758	4.5237E-01	0
-8.576	38.756	3.5775E-01	2
-8.540	38.754	4.4081E-01	0
-8.505	38.752	3.5865E-01	2
-8.470	38.750	4.0951E-01	0
-8.435	38.748	3.6196E-01	2
-8.401	38.746	4.1316E-01	0
-8.367	38.744	3.7551E-01	2
-8.332	38.742	4.3827E-01	0
-8.298	38.740	3.5213E-01	2
-8.264	38.738	4.0939E-01	0
-9.239	38.775	3.5974E-01	3
-9.202	38.774	4.4905E-01	0
-9.163	38.772	4.0386E-01	3
-9.125	38.770	3.8447E-01	0
-9.089	38.768	1.4143E-01	3
-9.051	38.766	1.3333E-02	0
-9.013	38.764	1.0771E-02	2
-8.976	38.762	5.1732E-02	0
-8.939	38.760	1.9679E-01	2
-8.902	38.758	3.6717E-01	0
-8.865	38.756	3.2980E-01	2
-8.828	38.754	3.9359E-01	0
-8.792	38.752	3.6258E-01	2
-8.755	38.750	3.7548E-01	0
-8.719	38.748	3.0958E-01	3
-8.683	38.747	4.3617E-01	0
-8.647	38.745	3.7534E-01	3
-8.612	38.743	4.4486E-01	0
-8.576	38.741	3.6059E-01	3
-8.542	38.739	4.7883E-01	0
-8.507	38.737	3.8582E-01	3
-8.472	38.735	4.3530E-01	0
-8.437	38.733	3.4887E-01	3
-8.402	38.731	4.0956E-01	0
-8.368	38.729	3.7569E-01	3
-8.333	38.727	4.4442E-01	0
-8.299	38.725	3.8311E-01	3
-8.265	38.723	4.2654E-01	0
-9.241	38.760	3.3803E-01	2
-9.203	38.758	3.9574E-01	0
-9.164	38.756	3.4079E-01	2
-9.127	38.754	3.8699E-01	0
-9.090	38.752	1.1705E-01	2
-9.052	38.751	1.3564E-02	0
-9.015	38.749	1.8222E-02	2
-8.977	38.747	1.9329E-01	0
-8.940	38.745	3.0575E-01	2
-8.903	38.743	2.9777E-01	0
-8.866	38.741	3.2761E-01	2
-8.829	38.739	4.0161E-01	0
-8.793	38.737	3.7530E-01	2
-8.756	38.735	4.3374E-01	0
-8.720	38.733	3.6864E-01	2
-8.684	38.731	4.0494E-01	0
-8.648	38.730	3.6799E-01	2
-8.613	38.728	4.4513E-01	0
-8.578	38.726	3.7554E-01	2
-8.543	38.724	4.2027E-01	0
-8.508	38.722	3.9442E-01	2
-8.473	38.720	3.9984E-01	0
-8.438	38.718	3.8691E-01	2
-8.404	38.716	4.2454E-01	0
-8.369	38.714	3.6728E-01	2
-8.335	38.712	4.3696E-01	0
-8.300	38.710	3.9453E-01	2
-8.266	38.708	4.2861E-01	0
-9.242	38.744	3.8047E-01	2
-9.204	38.742	4.4295E-01	0
-9.166	38.741	3.6934E-01	2
-9.128	38.739	3.5452E-01	0
-9.091	38.737	9.7285E-02	2
-9.053	38.735	1.1585E-02	0
-9.016	38.733	8.7522E-02	2
-8.978	38.731	3.4375E-01	0
-8.941	38.730	3.6355E-01	2
-8.904	38.728	3.7687E-01	0
-8.867	38.726	3.4786E-01	2
-8.830	38.724	4.0843E-01	0
-8.794	38.722	3.7144E-01	2
-8.758	38.720	4.1924E-01	0
-8.721	38.718	3.7778E-01	3
-8.685	38.716	4.1324E-01	0
-8.650	38.714	3.6211E-01	3
-8.614	38.713	4.3232E-01	0
-8.579	38.711	3.9570E-01	3
-8.544	38.709	4.2573E-01	0
-8.509	38.707	4.1768E-01	3
-8.474	38.705	3.8029E-01	0
-8.439	38.703	3.6598E-01	3
-8.405	38.701	4.3004E-01	0
-8.371	38.699	3.9742E-01	3
-8.336	38.697	4.2884E-01	0
-8.302	38.696	3.4541E-01	3
-8.268	38.694	4.0977E-01	0
-9.243	38.796	3.7398E-01	3
-9.205	38.794	4.3658E-01	0
-9.168	38.791	4.2501E-01	3
-9.130	38.789	4.4795E-01	0
-9.093	38.787	1.8352E-01	2
-9.056	38.785	1.8094E-02	0
-9.018	38.783	9.2477E-03	2
-8.981	38.781	2.3526E-02	0
-8.944	38.778	1.4889E-01	2
-8.906	38.776	3.5895E-01	0
-8.869	38.774	3.2618E-01	2
-8.833	38.772	3.9528E-01	0
-8.796	38.770	3.3878E-01	2
-8.760	38.767	3.7660E-01	0
-8.724	38.765	3.4610E-01	2
-8.688	38.763	4.0566E-01	0
-8.652	38.761	3.8013E-01	2
-8.617	38.759	4.4760E-01	0
-8.582	38.756	3.6999E-01	2
-8.546	38.754	4.3606E-01	0
-8.511	38.752	3.6356E-01	2
-8.476	38.750	4.1632E-01	0
-8.441	38.748	3.6665E-01	2
-8.407	38.746	4.1104E-01	0
-8.373	38.743	3.7419E-01	2
-8.338	38.741	4.4365E-01	0
-8.304	38.739	3.5767E-01	2
-8.270	38.737	4.1733E-01	0
-9.244	38.780	3.7247E-01	2
-9.208	38.778	4.6514E-01	0
-9.169	38.776	4.3190E-01	2
-9.131	38.774	4.2982E-01	0
-9.094	38.772	1.8436E-01	2
-9.057	38.770	1.6605E-02	0
-9.019	38.767	8.9238E-03	2
-8.982	38.765	2.7375E-02	0
-8.945	38.763	1.4500E-01	3
-8.908	38.761	3.5647E-01	0
-8.871	38.759	3.3348E-01	3
-8.834	38.757	3.8819E-01	0
-8.798	38.754	3.6139E-01	3
-8.761	38.752	3.7870E-01	0
-8.725	38.750	3.0452E-01	3
-8.689	38.748	4.3089E-01	0
-8.653	38.746	3.8282E-01	3
-8.618	38.744	4.4545E-01	0
-8.583	38.741	3.6211E-01	3
-8.548	38.739	4.7248E-01	0
-8.513	38.737	3.9173E-01	3
-8.478	38.735	4.3808E-01	0
-8.443	38.733	3.5643E-01	3
-8.408	38.731	4.1129E-01	0
-8.374	38.729	3.6996E-01	3
-8.340	38.726	4.4715E-01	0
-8.305	38.724	3.8658E-01	3
-8.271	38.722	4.6161E-01	0
-9.246	38.765	3.5660E-01	3
-9.208	38.762	3.8804E-01	0
-9.170	38.760	3.5209E-01	3
-9.132	38.758	4.1157E-01	0
-9.095	38.756	1.6464E-01	2
-9.058	38.754	1.5821E-02	0
-9.020	38.752	1.1829E-02	2
-8.983	38.750	1.2046E-01	0
-8.946	38.748	2.9667E-01	2
-8.909	38.746	2.8907E-01	0
-8.872	38.744	3.1868E-01	2
-8.835	38.741	3.9655E-01	0
-8.799	38.739	3.7202E-01	2
-8.762	38.737	4.3417E-01	0
-8.726	38.735	3.6717E-01	2
-8.690	38.733	4.0165E-01	0
-8.654	38.731	3.6657E-01	2
-8.619	38.729	4.5891E-01	0
-8.584	38.727	3.7887E-01	2
-8.549	38.724	4.2117E-01	0
-8.514	38.722	3.9589E-01	2
-8.479	38.720	4.1016E-01	0
-8.444	38.718	3.7711E-01	2
-8.410	38.716	4.3209E-01	0
-8.376	38.714	3.6843E-01	2
-8.341	38.712	4.3387E-01	0
-8.307	38.709	4.0446E-01	2
-8.273	38.707	4.5790E-01	0
-9.248	38.749	3.4715E-01	2
-9.209	38.747	4.1217E-01	0
-9.171	38.745	3.6647E-01	2
-9.134	38.743	3.7736E-01	0
-9.097	38.741	1.4730E-01	2
-9.059	38.739	1.3967E-02	0
-9.022	38.737	3.7437E-02	3
-8.984	38.735	2.8576E-01	0
-8.947	38.732	3.6177E-01	3
-8.910	38.730	3.6570E-01	0
-8.873	38.728	3.4778E-01	3
-8.836	38.726	4.0416E-01	0
-8.800	38.724	3.7586E-01	3
-8.764	38.722	4.2423E-01	0
-8.727	38.720	3.7675E-01	3
-8.691	38.718	4.2396E-01	0
-8.656	38.716	3.5679E-01	3
-8.620	38.714	4.3101E-01	0
-8.585	38.712	3.9987E-01	3
-8.550	38.709	4.1880E-01	0
-8.515	38.707	4.3351E-01	3
-8.480	38.705	3.8495E-01	0
-8.445	38.703	3.6855E-01	3
-8.411	38.701	4.2944E-01	0
-8.377	38.699	4.0691E-01	3
-8.343	38.697	4.3245E-01	0
-8.308	38.695	3.5731E-01	3
-8.274	38.693	4.3617E-01	0
-9.249	38.733	3.5823E-01	2
-9.210	38.731	4.9326E-01	0
-9.172	38.729	4.3630E-01	2
-9.135	38.727	3.3289E-01	0
-9.098	38.725	9.3655E-02	2
-9.060	38.723	4.0954E-02	0
-9.023	38.721	2.4655E-01	2
-8.985	38.719	3.8903E-01	0
-8.948	38.717	3.4946E-01	2
-8.911	38.715	3.9931E-01	0
-8.874	38.713	3.6049E-01	2
-8.838	38.711	3.9079E-01	0
-8.801	38.709	3.8332E-01	2
-8.765	38.707	4.0993E-01	0
-8.729	38.705	3.9171E-01	2
-8.693	38.703	4.1445E-01	0
-8.657	38.701	3.6208E-01	2
-8.621	38.699	4.0524E-01	0
-8.586	38.697	3.9176E-01	2
-8.551	38.695	3.8534E-01	0
-8.516	38.692	3.2884E-01	2
-8.481	38.690	4.1420E-01	0
-8.446	38.688	4.3725E-01	2
-8.412	38.686	4.2894E-01	0
-8.378	38.684	3.8867E-01	2
-8.344	38.682	4.1867E-01	0
-8.310	38.680	3.4747E-01	2
-8.276	38.678	4.0588E-01	0
-9.212	38.716	4.2678E-01	0
-9.174	38.714	3.8995E-01	2
-9.137	38.712	2.6260E-01	0
-9.099	38.710	3.0482E-02	2
-9.061	38.708	7.1564E-02	0
-9.024	38.706	2.6426E-01	3
-8.987	38.704	2.7236E-01	0
-8.949	38.702	3.5028E-01	3
-8.912	38.700	4.0708E-01	0
-8.876	38.698	3.7939E-01	3
-8.839	38.696	3.7854E-01	0
-8.802	38.694	3.7166E-01	3
-8.766	38.692	4.2288E-01	0
-8.730	38.690	3.8401E-01	3
-8.694	38.688	4.1957E-01	0
-8.658	38.686	3.8277E-01	3
-8.623	38.684	3.9479E-01	0
-8.587	38.682	3.7475E-01	3
-8.552	38.680	3.7859E-01	0
-8.517	38.678	3.6919E-01	3
-8.482	38.676	4.1643E-01	0
-8.447	38.673	3.8947E-01	3
-8.413	38.671	4.4264E-01	0
-8.379	38.669	3.8161E-01	3
-8.345	38.667	4.3164E-01	0
-8.311	38.665	3.7498E-01	3
-8.277	38.663	3.9333E-01	0
-9.214	38.700	4.1269E-01	0
-9.176	38.698	1.5263E-01	2
-9.138	38.696	3.2480E-02	0
-9.100	38.694	7.7699E-03	2
-9.063	38.692	3.2885E-02	0
-9.025	38.690	4.8168E-02	2
-8.988	38.689	2.0543E-01	0
-8.950	38.687	3.6739E-01	2
-8.913	38.685	4.6388E-01	0
-8.877	38.683	3.6368E-01	2
-8.840	38.681	3.9805E-01	0
-8.804	38.679	3.3644E-01	2
-8.767	38.677	4.5613E-01	0
-8.731	38.675	3.8887E-01	2
-8.695	38.673	4.1093E-01	0
-8.659	38.671	3.7186E-01	2
-8.624	38.669	4.2532E-01	0
-8.588	38.667	3.5407E-01	2
-8.553	38.665	3.8894E-01	0
-8.518	38.663	3.3246E-01	2
-8.483	38.661	4.3876E-01	0
-8.449	38.659	3.6414E-01	2
-8.414	38.657	4.4262E-01	0
-8.380	38.655	3.9963E-01	2
-8.346	38.653	4.5064E-01	0
-8.311	38.651	3.6659E-01	2
-8.278	38.649	4.3281E-01	0
-9.216	38.685	1.3402E-01	0
-9.177	38.683	1.1789E-01	3
-9.139	38.681	9.5107E-02	0
-9.102	38.679	7.3102E-03	3
-9.064	38.677	9.5883E-02	0
-9.026	38.675	1.0133E-01	3
-8.989	38.673	3.4731E-01	0
-8.952	38.671	3.8980E-01	2
-8.914	38.669	4.3233E-01	0
-8.878	38.667	3.9448E-01	2
-8.841	38.665	4.3437E-01	0
-8.805	38.663	3.8433E-01	3
-8.769	38.661	4.2862E-01	0
-8.733	38.660	3.9086E-01	3
-8.697	38.658	4.4890E-01	0
-8.661	38.656	3.4448E-01	3
-8.625	38.654	3.9954E-01	0
-8.590	38.652	3.7206E-01	3
-8.555	38.650	4.0259E-01	0
-8.520	38.648	3.7573E-01	3
-8.485	38.646	4.6179E-01	0
-8.450	38.644	4.1298E-01	3
-8.415	38.642	5.2626E-01	0
-8.381	38.640	3.8777E-01	3
-8.346	38.638	4.6287E-01	0
-8.312	38.636	3.7708E-01	3
-8.279	38.634	4.3611E-01	0
-9.216	38.669	3.6510E-01	0
-9.178	38.667	3.3953E-01	2
-9.141	38.665	1.6754E-01	0
-9.103	38.664	4.6162E-02	2
-9.065	38.662	2.8156E-01	0
-9.027	38.660	2.8536E-01	2
-8.990	38.658	3.5258E-01	0
-8.953	38.656	3.6781E-01	2
-8.916	38.654	4.5434E-01	0
-8.879	38.652	3.6474E-01	2
-8.842	38.650	4.3716E-01	0
-8.806	38.648	4.0192E-01	2
-8.770	38.646	4.5309E-01	0
-8.734	38.644	3.6870E-01	2
-8.698	38.643	4.8005E-01	0
-8.662	38.641	3.7173E-01	2
-8.627	38.639	3.9819E-01	0
-8.591	38.637	3.4330E-01	2
-8.556	38.635	3.8402E-01	0
-8.521	38.633	3.4533E-01	2
-8.486	38.631	4.3228E-01	0
-8.452	38.629	3.9610E-01	2
-8.417	38.627	4.4877E-01	0
-8.382	38.625	4.0626E-01	2
-8.348	38.623	4.4800E-01	0
-8.314	38.621	3.7891E-01	2
-8.280	38.619	4.4494E-01	0
-9.217	38.654	3.9295E-01	0
-9.179	38.652	3.4278E-01	2
-9.142	38.650	2.9427E-01	0
-9.104	38.648	2.0967E-01	2
-9.066	38.646	2.8580E-01	0
-9.028	38.644	3.6712E-01	3
-8.991	38.642	3.9753E-01	0
-8.954	38.641	3.4665E-01	2
-8.917	38.639	4.2382E-01	0
-8.880	38.637	3.8949E-01	2
-8.844	38.635	4.2490E-01	0
-8.807	38.633	3.9773E-01	3
-8.771	38.631	4.7649E-01	0
-8.735	38.629	3.8564E-01	3
-8.699	38.627	4.7624E-01	0
-8.663	38.626	3.5887E-01	3
-8.628	38.624	4.0035E-01	0
-8.593	38.622	3.3914E-01	3
-8.558	38.620	4.1392E-01	0
-8.523	38.618	3.7845E-01	3
-8.488	38.616	4.4232E-01	0
-8.453	38.614	4.1594E-01	3
-8.418	38.612	4.1825E-01	0
-8.384	38.610	4.1443E-01	3
-8.349	38.608	4.5730E-01	0
-8.315	38.606	3.7653E-01	3
-8.280	38.605	4.2969E-01	0
-9.221	38.705	4.3636E-01	0
-9.183	38.703	2.6437E-01	2
-9.146	38.701	1.1485E-01	0
-9.108	38.699	1.4320E-02	2
-9.070	38.697	3.0944E-02	0
-9.033	38.694	6.7530E-02	2
-8.995	38.692	1.1169E-01	0
-8.958	38.690	3.2669E-01	2
-8.921	38.688	4.4948E-01	0
-8.884	38.686	3.6214E-01	2
-8.848	38.683	3.9785E-01	0
-8.811	38.681	3.3068E-01	2
-8.775	38.679	4.3802E-01	0
-8.739	38.677	4.0271E-01	2
-8.703	38.675	3.9597E-01	0
-8.667	38.672	3.8273E-01	2
-8.631	38.670	4.2890E-01	0
-8.596	38.668	3.6649E-01	2
-8.561	38.666	4.0117E-01	0
-8.526	38.664	3.2550E-01	2
-8.491	38.661	4.3742E-01	0
-8.457	38.659	3.6838E-01	2
-8.422	38.657	4.3842E-01	0
-8.387	38.655	3.9859E-01	2
-8.353	38.653	4.6197E-01	0
-8.319	38.650	3.7416E-01	2
-8.286	38.648	4.3394E-01	0
-8.252	38.646	3.5952E-01	2
-9.223	38.690	2.2692E-01	0
-9.185	38.688	5.9618E-02	2
-9.147	38.685	8.2817E-02	0
-9.109	38.683	6.6979E-03	2
-9.071	38.681	4.3898E-02	0
-9.034	38.679	7.5717E-02	2
-8.996	38.677	3.0970E-01	0
-8.959	38.675	3.8206E-01	2
-8.922	38.672	4.3716E-01	0
-8.885	38.670	4.0253E-01	2
-8.849	38.668	4.5331E-01	0
-8.812	38.666	3.8913E-01	3
-8.776	38.664	4.2603E-01	0
-8.740	38.662	3.9532E-01	3
-8.704	38.659	4.4335E-01	0
-8.668	38.657	3.6370E-01	3
-8.633	38.655	3.8701E-01	0
-8.597	38.653	3.7803E-01	3
-8.562	38.651	4.0456E-01	0
-8.527	38.649	3.7390E-01	3
-8.492	38.646	4.5726E-01	0
-8.458	38.644	4.1158E-01	3
-8.423	38.642	5.4152E-01	0
-8.389	38.640	3.9263E-01	3
-8.354	38.638	4.6610E-01	0
-8.320	38.636	3.9165E-01	3
-8.286	38.633	4.4330E-01	0
-8.253	38.631	4.0045E-01	3
-9.224	38.674	2.3307E-01	0
-9.185	38.672	3.1342E-01	2
-9.148	38.670	1.9052E-01	0
-9.110	38.668	2.0383E-02	2
-9.072	38.666	2.0924E-01	0
-9.035	38.664	2.3692E-01	2
-8.997	38.661	3.1073E-01	0
-8.960	38.659	3.6797E-01	2
-8.923	38.657	4.5788E-01	0
-8.886	38.655	3.6105E-01	2
-8.850	38.653	4.4041E-01	0
-8.814	38.651	4.0539E-01	2
-8.777	38.649	4.6008E-01	0
-8.741	38.647	3.6763E-01	2
-8.705	38.644	4.7189E-01	0
-8.670	38.642	3.9969E-01	2
-8.634	38.640	4.0193E-01	0
-8.599	38.638	3.4549E-01	2
-8.564	38.636	3.8640E-01	0
-8.529	38.634	3.4835E-01	2
-8.494	38.632	4.1606E-01	0
-8.459	38.630	4.0532E-01	2
-8.425	38.627	4.5084E-01	0
-8.390	38.625	4.0633E-01	2
-8.355	38.623	4.5453E-01	0
-8.321	38.621	3.8342E-01	2
-8.287	38.619	4.4293E-01	0
-8.253	38.617	4.0135E-01	2
-9.225	38.659	3.5541E-01	0
-9.186	38.656	3.5254E-01	2
-9.149	38.654	3.1644E-01	0
-9.111	38.652	1.7844E-01	2
-9.073	38.650	2.5496E-01	0
-9.036	38.648	3.6067E-01	2
-8.999	38.646	3.8915E-01	0
-8.961	38.644	3.4206E-01	2
-8.924	38.642	4.2549E-01	0
-8.888	38.640	4.0250E-01	3
-8.851	38.638	4.2842E-01	0
-8.815	38.636	3.9188E-01	2
-8.778	38.634	4.8958E-01	0
-8.742	38.631	3.9611E-01	3
-8.707	38.629	4.7726E-01	0
-8.671	38.627	3.7892E-01	3
-8.635	38.625	4.0826E-01	0
-8.600	38.623	3.4089E-01	3
-8.565	38.621	4.1450E-01	0
-8.530	38.619	3.8727E-01	3
-8.495	38.617	4.3628E-01	0
-8.461	38.615	4.2803E-01	3
-8.426	38.613	4.3514E-01	0
-8.391	38.610	4.0313E-01	3
-8.357	38.608	4.7002E-01	0
-8.322	38.606	3.9125E-01	3
-8.288	38.604	4.3212E-01	0
-8.254	38.602	3.9992E-01	3
-9.226	38.643	3.0291E-01	0
-9.187	38.641	3.4095E-01	2
-9.150	38.639	3.2136E-01	0
-9.112	38.637	2.6891E-01	2
-9.075	38.635	4.8247E-01	0
-9.037	38.633	3.5391E-01	2
-9.000	38.631	3.9372E-01	0
-8.962	38.629	3.8362E-01	2
-8.925	38.627	4.1656E-01	0
-8.889	38.625	3.9053E-01	2
-8.852	38.623	4.4617E-01	0
-8.816	38.620	4.0408E-01	2
-8.780	38.618	4.6180E-01	0
-8.744	38.616	3.8366E-01	2
-8.708	38.614	4.8311E-01	0
-8.672	38.612	3.8772E-01	2
-8.637	38.610	3.9955E-01	0
-8.601	38.608	3.9759E-01	2
-8.566	38.606	4.0945E-01	0
-8.531	38.604	3.6097E-01	2
-8.497	38.602	3.9032E-01	0
-8.462	38.600	4.1589E-01	2
-8.427	38.598	4.2028E-01	0
-8.392	38.596	4.0687E-01	2
-8.358	38.594	4.2843E-01	0
-8.324	38.591	4.0112E-01	2
-8.290	38.589	4.3092E-01	0
-8.256	38.587	3.8927E-01	3
-9.228	38.627	2.0767E-01	0
-9.189	38.625	3.2844E-01	2
-9.151	38.623	3.4758E-01	0
-9.113	38.621	3.2219E-01	2
-9.076	38.619	4.4798E-01	0
-9.038	38.617	4.4255E-01	2
-9.000	38.615	3.9720E-01	0
-8.963	38.613	3.5413E-01	3
-8.926	38.611	4.0843E-01	0
-8.890	38.609	3.8904E-01	3
-8.853	38.607	4.3793E-01	0
-8.817	38.605	4.2195E-01	2
-8.781	38.603	4.5088E-01	0
-8.745	38.601	4.1322E-01	3
-8.709	38.599	4.5377E-01	0
-8.674	38.597	3.7748E-01	3
-8.638	38.595	3.6754E-01	0
-8.603	38.593	3.2103E-01	3
-8.568	38.591	3.9316E-01	0
-8.533	38.589	3.6092E-01	2
-8.498	38.587	4.2173E-01	0
-8.464	38.585	3.9531E-01	2
-8.428	38.583	4.3359E-01	0
-8.393	38.581	4.2708E-01	3
-8.359	38.579	4.6555E-01	0
-8.325	38.577	4.2396E-01	3
-8.291	38.575	4.4922E-01	0
-8.258	38.573	3.8573E-01	3
-9.229	38.612	9.7254E-02	0
-9.190	38.610	3.0084E-01	2
-9.152	38.608	3.6516E-01	0
-9.114	38.606	2.9311E-01	2
-9.077	38.604	4.0989E-01	0
-9.039	38.602	4.5116E-01	2
-9.002	38.600	4.4631E-01	0
-8.964	38.598	3.5521E-01	2
-8.927	38.596	4.6988E-01	0
-8.891	38.594	3.7551E-01	2
-8.855	38.592	4.5126E-01	0
-8.818	38.590	3.8947E-01	2
-8.782	38.588	4.7876E-01	0
-8.746	38.586	3.9987E-01	2
-8.711	38.584	4.7930E-01	0
-8.675	38.582	3.1990E-01	2
-8.640	38.580	4.4515E-01	0
-8.604	38.578	3.6083E-01	2
-8.569	38.576	3.8579E-01	0
-8.534	38.574	3.7529E-01	2
-8.499	38.572	4.3252E-01	0
-8.464	38.570	4.0617E-01	2
-8.430	38.568	4.7317E-01	0
-8.395	38.566	3.7023E-01	2
-8.360	38.564	4.5868E-01	0
-8.327	38.562	4.1803E-01	2
-8.293	38.560	4.6551E-01	0
-8.259	38.558	3.8454E-01	2
-9.230	38.596	3.9703E-02	0
-9.191	38.594	2.3708E-01	2
-9.153	38.592	3.1654E-01	0
-9.115	38.590	2.6972E-01	2
-9.078	38.589	4.0832E-01	0
-9.040	38.587	4.4178E-01	2
-9.003	38.585	4.7495E-01	0
-8.965	38.583	3.6083E-01	3
-8.928	38.581	4.0688E-01	0
-8.891	38.579	4.0328E-01	3
-8.856	38.577	4.2483E-01	0
-8.820	38.575	3.9006E-01	2
-8.784	38.573	4.3865E-01	0
-8.748	38.571	3.0407E-01	3
-8.712	38.569	3.7371E-01	0
-8.676	38.567	3.6851E-01	2
-8.640	38.565	4.0599E-01	0
-8.605	38.563	3.4488E-01	2
-8.570	38.561	4.1058E-01	0
-8.535	38.559	3.6849E-01	2
-8.500	38.557	4.1057E-01	0
-8.466	38.555	4.1040E-01	2
-8.431	38.553	4.6082E-01	0
-8.396	38.551	4.0082E-01	2
-8.362	38.549	4.5212E-01	0
-8.328	38.547	4.0982E-01	3
-8.294	38.545	4.5199E-01	0
-8.261	38.543	3.9265E-01	3
-9.231	38.581	1.1361E-02	0
-9.192	38.579	1.8510E-01	2
-9.154	38.577	3.1349E-01	0
-9.116	38.575	2.9840E-01	2
-9.079	38.573	3.8748E-01	0
-9.041	38.571	3.7215E-01	2
-9.004	38.569	5.4207E-01	0
-8.966	38.567	3.7174E-01	2
-8.929	38.565	4.4852E-01	0
-8.893	38.564	3.5621E-01	2
-8.857	38.562	4.3021E-01	0
-8.821	38.560	4.1433E-01	2
-8.785	38.558	4.2711E-01	0
-8.749	38.556	2.9222E-01	2
-8.713	38.554	4.5631E-01	0
-8.677	38.552	3.5942E-01	2
-8.642	38.550	3.8504E-01	0
-8.606	38.548	3.4442E-01	2
-8.571	38.546	3.7469E-01	0
-8.536	38.544	3.5575E-01	2
-8.502	38.542	4.4837E-01	0
-8.468	38.541	4.3056E-01	2
-8.433	38.539	4.8656E-01	0
-8.398	38.537	3.9403E-01	2
-8.363	38.535	4.4778E-01	0
-8.329	38.533	3.7396E-01	2
-8.296	38.531	4.4432E-01	0
-8.263	38.529	3.9649E-01	2
-9.233	38.565	2.6885E-03	0
-9.194	38.563	1.2435E-01	2
-9.155	38.561	2.7427E-01	0
-9.117	38.560	2.6589E-01	2
-9.079	38.558	3.7562E-01	0
-9.042	38.556	3.3969E-01	2
-9.005	38.554	4.7527E-01	0
-8.966	38.552	4.4348E-01	3
-8.929	38.550	4.5105E-01	0
-8.894	38.548	3.5197E-01	2
-8.858	38.546	4.0485E-01	0
-8.822	38.545	3.6881E-01	2
-8.786	38.543	2.6531E-01	0
-8.750	38.541	1.9622E-01	2
-8.714	38.539	3.8381E-01	0
-8.679	38.537	3.3120E-01	2
-8.643	38.535	3.9858E-01	0
-8.607	38.533	3.3462E-01	2
-8.573	38.531	3.7618E-01	0
-8.538	38.529	3.4450E-01	2
-8.504	38.528	4.4970E-01	0
-8.469	38.526	3.7366E-01	2
-8.434	38.524	4.4735E-01	0
-8.399	38.522	3.6875E-01	2
-8.365	38.520	4.0188E-01	0
-8.331	38.518	3.8945E-01	2
-8.297	38.516	4.7002E-01	0
-8.264	38.514	3.8815E-01	2
-9.235	38.616	8.1713E-02	0
-9.195	38.614	2.9884E-01	2
-9.157	38.612	3.6248E-01	0
-9.120	38.610	3.0530E-01	2
-9.082	38.607	4.0099E-01	0
-9.045	38.605	4.7046E-01	2
-9.007	38.603	4.4321E-01	0
-8.970	38.601	3.5675E-01	2
-8.933	38.599	4.7349E-01	0
-8.896	38.596	3.7531E-01	2
-8.860	38.594	4.5643E-01	0
-8.824	38.592	3.9275E-01	2
-8.788	38.590	4.7997E-01	0
-8.752	38.588	3.9895E-01	2
-8.716	38.585	4.9758E-01	0
-8.681	38.583	3.2208E-01	2
-8.645	38.581	4.3221E-01	0
-8.610	38.579	3.6713E-01	2
-8.575	38.577	3.9171E-01	0
-8.540	38.574	3.6805E-01	2
-8.505	38.572	4.2872E-01	0
-8.470	38.570	4.0551E-01	2
-8.436	38.568	4.8236E-01	0
-8.401	38.566	3.6820E-01	2
-8.366	38.563	4.5645E-01	0
-8.332	38.561	4.1875E-01	2
-8.299	38.559	4.7112E-01	0
-8.265	38.557	3.8913E-01	2
-9.236	38.601	2.8048E-02	0
-9.196	38.598	2.3270E-01	2
-9.158	38.596	3.3464E-01	0
-9.121	38.594	2.6996E-01	2
-9.083	38.592	3.9223E-01	0
-9.046	38.590	4.4795E-01	2
-9.008	38.588	4.7929E-01	0
-8.971	38.585	3.5132E-01	2
-8.934	38.583	4.1083E-01	0
-8.897	38.581	4.0357E-01	3
-8.861	38.579	4.2641E-01	0
-8.825	38.577	3.8810E-01	3
-8.789	38.575	4.5358E-01	0
-8.753	38.573	3.2417E-01	2
-8.718	38.570	3.6503E-01	0
-8.682	38.568	3.6444E-01	2
-8.646	38.566	4.1813E-01	0
-8.611	38.564	3.4525E-01	2
-8.575	38.562	4.0736E-01	0
-8.541	38.559	3.6642E-01	2
-8.506	38.557	4.1580E-01	0
-8.472	38.555	4.1857E-01	3
-8.437	38.553	4.4959E-01	0
-8.402	38.551	4.1431E-01	3
-8.368	38.549	4.4957E-01	0
-8.334	38.546	4.1425E-01	3
-8.300	38.544	4.5205E-01	0
-8.267	38.542	3.8575E-01	3
-9.237	38.585	8.4266E-03	0
-9.198	38.583	1.6719E-01	2
-9.159	38.581	3.1977E-01	0
-9.121	38.579	2.8442E-01	2
-9.084	38.577	3.8582E-01	0
-9.047	38.574	3.7377E-01	2
-9.009	38.572	5.5897E-01	0
-8.972	38.570	3.8434E-01	2
-8.934	38.568	4.5049E-01	0
-8.897	38.566	3.8387E-01	2
-8.862	38.564	4.2120E-01	0
-8.827	38.562	4.0284E-01	2
-8.790	38.560	4.4804E-01	0
-8.755	38.557	3.0632E-01	2
-8.719	38.555	4.3102E-01	0
-8.683	38.553	3.7377E-01	2
-8.647	38.551	3.8718E-01	0
-8.612	38.549	3.4621E-01	2
-8.577	38.547	3.7749E-01	0
-8.542	38.545	3.5390E-01	2
-8.507	38.542	4.3672E-01	0
-8.473	38.540	4.4103E-01	2
-8.438	38.538	4.7485E-01	0
-8.404	38.536	4.0966E-01	2
-8.369	38.534	4.4287E-01	0
-8.335	38.532	3.8472E-01	2
-8.302	38.530	4.3937E-01	0
-8.269	38.528	3.9727E-01	2
-9.238	38.570	2.0655E-03	0
-9.199	38.567	1.0646E-01	2
-9.160	38.565	2.8542E-01	0
-9.122	38.563	2.6081E-01	2
-9.085	38.561	3.7913E-01	0
-9.048	38.559	3.3201E-01	2
-9.010	38.557	4.6139E-01	0
-8.972	38.555	4.6390E-01	2
-8.935	38.553	4.5193E-01	0
-8.899	38.551	3.6184E-01	3
-8.864	38.549	4.0448E-01	0
-8.828	38.547	3.9854E-01	2
-8.792	38.544	2.9552E-01	0
-8.756	38.542	2.0639E-01	2
-8.720	38.540	3.8678E-01	0
-8.684	38.538	3.3064E-01	2
-8.648	38.536	4.0239E-01	0
-8.613	38.534	3.4387E-01	2
-8.578	38.532	3.7690E-01	0
-8.544	38.530	3.3791E-01	3
-8.509	38.528	4.5336E-01	0
-8.475	38.526	3.7235E-01	3
-8.440	38.523	4.4133E-01	0
-8.405	38.521	3.8729E-01	3
-8.371	38.519	3.9956E-01	0
-8.336	38.517	3.8945E-01	3
-8.303	38.515	4.6461E-01	0
-8.270	38.513	3.9239E-01	3
-9.239	38.554	1.1647E-03	0
-9.200	38.552	6.3642E-02	2
-9.162	38.550	2.5165E-01	0
-9.124	38.548	2.5272E-01	2
-9.086	38.546	3.3432E-01	0
-9.049	38.544	3.5548E-01	2
-9.011	38.542	4.6914E-01	0
-8.973	38.539	4.0870E-01	3
-8.935	38.537	3.9980E-01	0
-8.901	38.535	3.5526E-01	2
-8.865	38.533	3.6404E-01	0
-8.829	38.531	3.2812E-01	2
-8.793	38.529	1.9562E-01	0
-8.757	38.527	9.5086E-02	2
-8.721	38.525	2.5777E-01	0
-8.686	38.523	3.2483E-01	2
-8.650	38.521	3.7009E-01	0
-8.614	38.519	3.6131E-01	2
-8.579	38.517	3.5438E-01	0
-8.545	38.515	3.6342E-01	2
-8.511	38.513	4.3333E-01	0
-8.476	38.511	3.8743E-01	2
-8.441	38.509	4.1097E-01	0
-8.407	38.507	3.9941E-01	2
-8.373	38.504	3.9145E-01	0
-8.338	38.502	3.6845E-01	2
-8.305	38.500	4.2922E-01	0
-8.271	38.498	3.7541E-01	2
-9.240	38.538	1.6164E-03	0
-9.202	38.536	4.1038E-02	2
-9.163	38.534	2.3382E-01	0
-9.125	38.532	2.6684E-01	2
-9.087	38.530	3.1079E-01	0
-9.050	38.528	3.3468E-01	2
-9.012	38.526	4.1110E-01	0
-8.975	38.524	4.1289E-01	2
-8.938	38.522	3.6722E-01	0
-8.902	38.520	2.5059E-01	2
-8.866	38.518	2.7358E-01	0
-8.830	38.516	2.6174E-01	2
-8.794	38.514	1.7094E-01	0
-8.758	38.512	5.4416E-02	2
-8.723	38.510	1.9185E-01	0
-8.687	38.508	3.1727E-01	2
-8.651	38.506	3.8894E-01	0
-8.615	38.504	3.4148E-01	2
-8.581	38.502	3.9980E-01	0
-8.546	38.500	3.4246E-01	3
-8.511	38.498	4.6025E-01	0
-8.477	38.496	3.7949E-01	3
-8.442	38.494	4.0549E-01	0
-8.408	38.492	3.7929E-01	3
-8.374	38.490	3.8908E-01	0
-8.340	38.488	3.7936E-01	3
-8.306	38.486	4.6853E-01	0
-8.273	38.484	3.9651E-01	3
-9.241	38.523	4.1793E-03	0
-9.203	38.521	3.4352E-02	2
-9.165	38.519	2.1652E-01	0
-9.126	38.517	2.6050E-01	2
-9.088	38.515	3.1839E-01	0
-9.051	38.513	3.3902E-01	2
-9.012	38.511	4.0166E-01	0
-8.976	38.509	3.5397E-01	2
-8.940	38.507	2.9874E-01	0
-8.904	38.505	4.8661E-02	2
-8.868	38.503	3.0076E-02	0
-8.831	38.501	2.2545E-01	2
-8.795	38.499	3.0698E-01	0
-8.760	38.497	1.3068E-01	2
-8.724	38.495	1.8827E-01	0
-8.688	38.493	3.3476E-01	2
-8.652	38.491	3.7023E-01	0
-8.617	38.489	3.5625E-01	2
-8.583	38.487	4.0318E-01	0
-8.547	38.485	3.5975E-01	2
-8.512	38.483	4.0269E-01	0
-8.478	38.481	3.7339E-01	2
-8.443	38.479	4.0411E-01	0
-8.409	38.477	3.5333E-01	2
-8.375	38.475	3.7367E-01	0
-8.342	38.473	3.5784E-01	2
-8.307	38.471	4.2577E-01	0
-8.274	38.469	3.6921E-01	2
-9.243	38.507	3.2250E-02	0
-9.204	38.505	1.1568E-01	2
-9.166	38.503	3.0958E-01	0
-9.127	38.501	2.7249E-01	2
-9.089	38.499	3.1606E-01	0
-9.051	38.497	3.4071E-01	2
-9.014	38.495	3.8762E-01	0
-8.975	38.493	3.5011E-01	2
-8.940	38.492	2.5641E-01	0
-8.906	38.490	1.2595E-01	2
-8.869	38.488	4.3774E-02	0
-8.833	38.486	4.4868E-02	2
-8.797	38.484	1.5362E-01	0
-8.761	38.482	7.1902E-02	2
-8.725	38.480	1.5382E-01	0
-8.689	38.478	3.3403E-01	3
-8.654	38.476	3.8294E-01	0
-8.619	38.474	3.5956E-01	3
-8.584	38.472	3.6766E-01	0
-8.548	38.470	3.5683E-01	3
-8.514	38.468	3.8922E-01	0
-8.479	38.466	3.7080E-01	3
-8.445	38.464	4.0491E-01	0
-8.411	38.462	3.8090E-01	3
-8.377	38.460	3.8380E-01	0
-8.343	38.458	3.4360E-01	3
-8.309	38.456	4.4485E-01	0
-8.275	38.454	3.7152E-01	3
-9.244	38.492	1.9618E-02	0
-9.205	38.490	1.2758E-01	2
-9.167	38.488	3.2013E-01	0
-9.128	38.486	2.9191E-01	2
-9.090	38.484	3.5459E-01	0
-9.052	38.482	3.2167E-01	2
-9.013	38.480	4.4739E-01	0
-8.978	38.478	2.0686E-01	2
-8.943	38.476	4.4165E-02	0
-8.907	38.475	9.4194E-02	2
-8.870	38.473	1.3687E-01	0
-8.834	38.471	6.5098E-03	2
-8.798	38.469	3.5777E-02	0
-8.762	38.467	2.0431E-02	2
-8.726	38.465	1.4437E-01	0
-8.690	38.463	2.9203E-01	2
-8.655	38.461	3.4662E-01	0
-8.620	38.459	3.4512E-01	2
-8.585	38.457	4.2574E-01	0
-8.550	38.455	3.6050E-01	2
-8.515	38.453	3.9483E-01	0
-8.481	38.451	3.6363E-01	2
-8.447	38.449	4.0763E-01	0
-8.413	38.448	3.8010E-01	2
-8.379	38.446	3.2750E-01	0
-8.345	38.444	3.2240E-01	2
-8.311	38.442	4.0731E-01	0
-8.277	38.440	3.5992E-01	2
-9.245	38.476	1.0214E-02	0
-9.207	38.474	1.2718E-01	2
-9.168	38.472	2.4741E-01	0
-9.129	38.470	2.3054E-01	2
-9.091	38.469	2.7646E-01	0
-9.053	38.467	2.5555E-01	3
-9.014	38.465	2.7499E-01	0
-8.981	38.463	8.2706E-02	2
-8.945	38.461	6.3833E-03	0
-8.908	38.459	3.8324E-03	2
-8.872	38.457	9.9279E-02	0
-8.835	38.456	5.8920E-02	3
-8.799	38.454	4.4333E-03	0
-8.763	38.452	1.0511E-02	3
-8.728	38.450	9.5963E-02	0
-8.692	38.448	2.0392E-01	3
-8.656	38.446	2.7728E-01	0
-8.622	38.444	2.6238E-01	3
-8.586	38.442	3.3402E-01	0
-8.551	38.440	3.1752E-01	3
-8.517	38.438	3.6210E-01	0
-8.482	38.437	3.0835E-01	3
-8.448	38.435	3.4339E-01	0
-8.414	38.433	3.1505E-01	3
-8.380	38.431	2.8386E-01	0
-8.346	38.429	3.1393E-01	3
-8.313	38.427	3.0431E-01	0
-8.279	38.425	2.9810E-01	3
