39.349	-8.415	3.00E-02	3
39.347	-8.371	2.50E-02	0
39.345	-8.326	2.40E-02	3
39.343	-8.282	2.50E-02	0
39.349	-8.879	2.80E-02	3
39.347	-8.832	3.30E-02	3
39.346	-8.784	3.80E-02	3
39.344	-8.737	3.90E-02	3
39.342	-8.691	4.20E-02	3
39.341	-8.645	4.00E-02	3
39.339	-8.600	4.60E-02	3
39.337	-8.555	7.10E-02	3
39.336	-8.509	7.20E-02	3
39.334	-8.463	3.80E-02	3
39.332	-8.417	2.50E-02	3
39.330	-8.373	2.80E-02	3
39.329	-8.328	2.90E-02	3
39.327	-8.284	2.80E-02	3
39.349	-8.562	6.10E-02	3
39.347	-8.516	7.30E-02	3
39.345	-8.470	4.60E-02	3
39.343	-8.423	2.80E-02	3
39.341	-8.379	2.70E-02	2
39.339	-8.335	2.60E-02	3
39.337	-8.291	2.50E-02	3
39.349	-8.982	3.80E-02	3
39.347	-8.934	4.00E-02	1
39.345	-8.887	2.90E-02	3
39.343	-8.840	3.30E-02	1
39.342	-8.792	3.80E-02	3
39.340	-8.744	3.70E-02	1
39.338	-8.699	4.30E-02	3
39.336	-8.653	4.50E-02	0
39.334	-8.608	4.60E-02	3
39.332	-8.563	7.20E-02	2
39.330	-8.517	7.20E-02	3
39.328	-8.472	4.30E-02	0
39.326	-8.426	2.70E-02	3
39.324	-8.381	2.90E-02	0
39.322	-8.336	2.90E-02	3
39.320	-8.292	3.20E-02	0
39.341	-9.230	4.80E-02	3
39.339	-9.180	4.50E-02	3
39.337	-9.130	4.20E-02	3
39.336	-9.081	3.60E-02	3
39.334	-9.031	3.30E-02	3
39.332	-8.983	3.20E-02	3
39.330	-8.936	4.60E-02	3
39.328	-8.888	3.60E-02	3
39.327	-8.841	3.20E-02	3
39.325	-8.793	4.20E-02	3
39.323	-8.746	4.10E-02	3
39.321	-8.700	4.10E-02	3
39.319	-8.654	4.70E-02	3
39.317	-8.609	5.60E-02	3
39.315	-8.564	7.30E-02	3
39.314	-8.518	6.50E-02	3
39.312	-8.472	3.30E-02	3
39.310	-8.427	3.80E-02	3
39.308	-8.382	4.00E-02	2
39.306	-8.337	3.50E-02	3
39.304	-8.292	3.10E-02	3
39.324	-9.231	5.50E-02	0
39.322	-9.181	5.10E-02	3
39.320	-9.130	4.40E-02	1
39.318	-9.082	4.20E-02	3
39.317	-9.033	4.10E-02	0
39.315	-8.983	3.60E-02	3
39.313	-8.936	4.10E-02	0
39.311	-8.889	4.10E-02	3
39.310	-8.841	3.60E-02	0
39.308	-8.794	3.40E-02	3
39.306	-8.747	3.80E-02	0
39.304	-8.701	4.10E-02	3
39.302	-8.655	4.90E-02	1
39.301	-8.610	5.60E-02	3
39.299	-8.565	6.50E-02	2
39.297	-8.519	5.50E-02	3
39.295	-8.472	2.80E-02	2
39.293	-8.427	2.70E-02	3
39.291	-8.382	3.70E-02	0
39.289	-8.338	3.30E-02	3
39.288	-8.293	3.10E-02	0
39.306	-9.230	4.10E-02	3
39.305	-9.182	4.70E-02	3
39.303	-9.131	4.70E-02	3
39.301	-9.082	4.60E-02	3
39.300	-9.033	4.10E-02	3
39.298	-8.984	3.40E-02	3
39.296	-8.938	3.60E-02	3
39.294	-8.890	3.90E-02	3
39.293	-8.842	4.00E-02	3
39.291	-8.795	3.70E-02	3
39.289	-8.749	4.60E-02	3
39.287	-8.702	4.10E-02	3
39.286	-8.657	4.70E-02	3
39.284	-8.611	6.10E-02	3
39.282	-8.565	6.00E-02	3
39.280	-8.519	3.90E-02	3
39.278	-8.473	2.80E-02	3
39.277	-8.427	3.20E-02	3
39.275	-8.383	3.00E-02	3
39.273	-8.339	3.40E-02	3
39.271	-8.295	3.60E-02	3
39.269	-8.251	3.00E-02	3
39.289	-9.231	4.80E-02	1
39.288	-9.182	5.10E-02	3
39.286	-9.133	4.60E-02	0
39.284	-9.083	4.80E-02	3
39.283	-9.034	4.10E-02	1
39.281	-8.985	3.20E-02	3
39.279	-8.938	2.80E-02	0
39.278	-8.891	3.60E-02	3
39.276	-8.844	4.00E-02	1
39.274	-8.797	3.60E-02	3
39.272	-8.750	4.00E-02	2
39.271	-8.703	4.20E-02	3
39.269	-8.658	5.30E-02	1
39.267	-8.612	6.70E-02	3
39.266	-8.566	6.50E-02	2
39.264	-8.520	3.40E-02	3
39.262	-8.474	3.20E-02	2
39.260	-8.428	3.90E-02	3
39.258	-8.384	3.20E-02	0
39.257	-8.340	3.30E-02	3
39.255	-8.296	3.40E-02	0
39.253	-8.252	3.00E-02	3
39.272	-9.231	5.50E-02	3
39.270	-9.183	5.40E-02	3
39.269	-9.134	4.80E-02	3
39.267	-9.085	4.60E-02	3
39.265	-9.035	3.70E-02	3
39.264	-8.987	2.50E-02	3
39.262	-8.939	2.90E-02	3
39.261	-8.892	3.80E-02	3
39.259	-8.844	3.90E-02	3
39.257	-8.798	3.50E-02	3
39.256	-8.751	3.80E-02	3
39.254	-8.704	6.00E-02	3
39.252	-8.659	6.20E-02	3
39.251	-8.613	6.80E-02	3
39.249	-8.567	6.00E-02	3
39.247	-8.520	3.90E-02	3
39.245	-8.475	2.90E-02	3
39.244	-8.430	3.60E-02	3
39.242	-8.385	3.30E-02	3
39.240	-8.341	3.30E-02	3
39.238	-8.297	3.00E-02	3
39.237	-8.254	3.00E-02	3
39.339	-9.236	5.10E-02	0
39.337	-9.187	4.60E-02	3
39.335	-9.135	4.30E-02	0
39.333	-9.087	3.80E-02	3
39.331	-9.037	3.60E-02	0
39.329	-8.989	3.50E-02	3
39.327	-8.942	4.40E-02	0
39.324	-8.894	4.00E-02	3
39.322	-8.847	3.30E-02	0
39.320	-8.799	4.10E-02	3
39.318	-8.752	4.20E-02	0
39.316	-8.706	3.90E-02	3
39.314	-8.661	5.00E-02	0
39.312	-8.615	5.70E-02	3
39.310	-8.570	7.10E-02	0
39.308	-8.524	6.70E-02	3
39.306	-8.478	3.20E-02	0
39.303	-8.432	3.40E-02	3
39.301	-8.388	4.30E-02	0
39.299	-8.343	4.20E-02	3
39.297	-8.299	3.20E-02	0
39.295	-8.255	3.30E-02	3
39.322	-9.236	5.20E-02	3
39.320	-9.187	5.30E-02	3
39.318	-9.135	4.70E-02	3
39.316	-9.087	4.30E-02	3
39.314	-9.039	4.20E-02	3
39.312	-8.990	3.50E-02	3
39.310	-8.942	4.10E-02	3
39.308	-8.895	4.10E-02	3
39.305	-8.847	3.60E-02	3
39.303	-8.800	3.90E-02	3
39.301	-8.753	4.00E-02	3
39.299	-8.707	4.10E-02	3
39.297	-8.661	4.50E-02	3
39.295	-8.616	5.70E-02	3
39.293	-8.571	6.30E-02	3
39.291	-8.525	5.00E-02	3
39.289	-8.478	2.90E-02	3
39.287	-8.433	2.50E-02	3
39.285	-8.388	3.00E-02	3
39.283	-8.344	3.10E-02	3
39.281	-8.300	3.20E-02	3
39.279	-8.256	2.90E-02	3
39.304	-9.236	3.80E-02	0
39.302	-9.188	4.60E-02	3
39.300	-9.137	4.70E-02	0
39.298	-9.088	4.80E-02	3
39.296	-9.039	4.10E-02	0
39.294	-8.990	3.40E-02	3
39.293	-8.943	3.50E-02	0
39.291	-8.896	4.20E-02	3
39.289	-8.849	4.20E-02	0
39.287	-8.801	4.10E-02	3
39.285	-8.755	4.40E-02	0
39.283	-8.708	4.40E-02	3
39.281	-8.663	4.90E-02	1
39.279	-8.617	6.20E-02	3
39.277	-8.571	6.70E-02	2
39.275	-8.526	4.00E-02	3
39.272	-8.480	3.10E-02	0
39.270	-8.434	3.80E-02	3
39.268	-8.389	3.30E-02	0
39.266	-8.345	3.40E-02	3
39.264	-8.301	3.90E-02	0
39.262	-8.257	3.10E-02	3
39.287	-9.236	5.10E-02	3
39.285	-9.188	5.30E-02	3
39.283	-9.139	4.70E-02	3
39.281	-9.089	4.70E-02	3
39.279	-9.040	4.30E-02	3
39.277	-8.991	3.30E-02	3
39.276	-8.944	2.80E-02	3
39.274	-8.897	3.20E-02	3
39.272	-8.850	4.00E-02	3
39.270	-8.803	3.60E-02	3
39.268	-8.756	4.00E-02	3
39.266	-8.709	5.60E-02	3
39.264	-8.664	5.70E-02	3
39.262	-8.618	7.20E-02	3
39.260	-8.572	6.80E-02	3
39.258	-8.526	4.10E-02	3
39.256	-8.480	3.20E-02	3
39.254	-8.435	3.70E-02	3
39.252	-8.390	3.10E-02	3
39.250	-8.347	3.30E-02	3
39.248	-8.302	3.30E-02	3
39.246	-8.259	3.20E-02	3
39.270	-9.237	5.40E-02	0
39.268	-9.189	5.40E-02	3
39.266	-9.140	5.00E-02	1
39.264	-9.090	4.60E-02	3
39.262	-9.041	3.80E-02	2
39.260	-8.992	2.70E-02	3
39.259	-8.945	2.80E-02	1
39.257	-8.898	3.70E-02	3
39.255	-8.850	3.80E-02	0
39.253	-8.803	3.90E-02	3
39.251	-8.757	3.60E-02	1
39.249	-8.710	5.80E-02	3
39.247	-8.665	5.90E-02	0
39.245	-8.619	6.50E-02	3
39.243	-8.573	5.50E-02	2
39.241	-8.526	3.80E-02	3
39.239	-8.481	3.10E-02	1
39.237	-8.436	3.60E-02	3
39.235	-8.391	3.30E-02	0
39.234	-8.347	3.40E-02	3
39.232	-8.303	2.90E-02	0
39.230	-8.260	2.90E-02	3
39.252	-9.239	5.30E-02	3
39.251	-9.190	5.50E-02	3
39.249	-9.141	4.80E-02	3
39.247	-9.091	4.30E-02	3
39.245	-9.041	3.50E-02	3
39.243	-8.993	3.20E-02	3
39.242	-8.946	3.70E-02	3
39.240	-8.898	3.80E-02	3
39.238	-8.851	4.00E-02	3
39.236	-8.804	3.70E-02	3
39.234	-8.758	3.40E-02	3
39.232	-8.711	5.10E-02	3
39.230	-8.665	6.30E-02	3
39.229	-8.620	6.50E-02	3
39.227	-8.574	4.90E-02	3
39.225	-8.528	3.80E-02	3
39.223	-8.482	3.10E-02	3
39.221	-8.437	3.20E-02	3
39.219	-8.393	3.50E-02	3
39.217	-8.348	3.50E-02	3
39.215	-8.305	3.60E-02	3
39.213	-8.261	3.40E-02	3
39.235	-9.240	4.60E-02	0
39.233	-9.190	4.00E-02	3
39.232	-9.141	3.70E-02	2
39.230	-9.092	4.20E-02	3
39.228	-9.042	3.60E-02	0
39.226	-8.994	3.80E-02	3
39.225	-8.947	3.40E-02	0
39.223	-8.900	3.70E-02	3
39.221	-8.852	3.40E-02	0
39.219	-8.805	3.60E-02	3
39.217	-8.758	3.90E-02	0
39.216	-8.713	4.30E-02	3
39.214	-8.667	6.10E-02	0
39.212	-8.621	8.10E-02	3
39.210	-8.575	6.10E-02	2
39.208	-8.528	4.00E-02	3
39.206	-8.483	3.10E-02	2
39.204	-8.438	3.60E-02	3
39.203	-8.394	3.20E-02	0
39.201	-8.350	3.20E-02	3
39.199	-8.306	3.20E-02	0
39.197	-8.261	3.00E-02	3
39.218	-9.242	4.30E-02	3
39.216	-9.191	3.30E-02	3
39.214	-9.142	3.20E-02	3
39.213	-9.093	4.00E-02	3
39.211	-9.041	3.30E-02	3
39.209	-8.994	3.50E-02	3
39.208	-8.948	5.30E-02	3
39.206	-8.900	4.30E-02	3
39.204	-8.853	3.50E-02	3
39.202	-8.806	3.20E-02	3
39.201	-8.759	4.40E-02	3
39.199	-8.714	5.70E-02	3
39.197	-8.668	6.50E-02	3
39.195	-8.621	7.30E-02	3
39.193	-8.575	6.90E-02	3
39.192	-8.529	5.40E-02	3
39.190	-8.484	3.60E-02	3
39.188	-8.440	3.80E-02	3
39.186	-8.395	3.40E-02	3
39.184	-8.351	3.30E-02	3
39.182	-8.307	3.10E-02	3
39.181	-8.262	3.40E-02	3
39.201	-9.242	4.90E-02	2
39.199	-9.192	4.10E-02	3
39.197	-9.142	3.00E-02	1
39.196	-9.092	4.10E-02	3
39.194	-9.040	2.70E-02	2
39.192	-8.995	3.20E-02	3
39.191	-8.949	4.30E-02	0
39.189	-8.901	3.70E-02	3
39.187	-8.853	3.70E-02	0
39.185	-8.806	4.10E-02	3
39.184	-8.760	4.90E-02	2
39.182	-8.715	6.60E-02	3
39.180	-8.669	6.80E-02	2
39.179	-8.622	6.50E-02	3
39.177	-8.576	6.90E-02	2
39.175	-8.530	4.90E-02	3
39.173	-8.486	4.20E-02	2
39.171	-8.440	3.40E-02	3
39.170	-8.396	3.40E-02	0
39.168	-8.351	3.30E-02	3
39.166	-8.307	3.00E-02	0
39.164	-8.263	3.40E-02	3
39.183	-9.243	3.80E-02	3
39.182	-9.193	3.70E-02	3
39.180	-9.143	3.30E-02	3
39.178	-9.090	3.80E-02	3
39.177	-9.039	3.00E-02	3
39.175	-8.997	3.20E-02	3
39.174	-8.950	3.70E-02	3
39.172	-8.902	3.90E-02	3
39.170	-8.854	4.30E-02	2
39.169	-8.808	4.80E-02	3
39.167	-8.762	6.00E-02	2
39.165	-8.716	7.60E-02	3
39.164	-8.670	7.00E-02	3
39.162	-8.623	6.20E-02	3
39.160	-8.576	4.90E-02	2
39.158	-8.532	6.10E-02	3
39.157	-8.486	3.90E-02	2
39.155	-8.441	3.10E-02	3
39.153	-8.396	3.60E-02	2
39.151	-8.352	3.30E-02	3
39.150	-8.308	2.90E-02	3
39.148	-8.265	3.30E-02	3
39.251	-9.247	5.30E-02	2
39.248	-9.197	5.40E-02	3
39.246	-9.149	4.70E-02	0
39.244	-9.099	4.50E-02	3
39.242	-9.050	3.80E-02	0
39.240	-9.001	3.30E-02	3
39.238	-8.954	4.00E-02	0
39.236	-8.906	3.60E-02	3
39.234	-8.859	3.90E-02	2
39.232	-8.812	3.50E-02	3
39.230	-8.766	3.60E-02	2
39.228	-8.720	4.50E-02	3
39.226	-8.674	6.20E-02	1
39.224	-8.628	7.20E-02	3
39.221	-8.582	5.70E-02	0
39.219	-8.536	4.20E-02	3
39.217	-8.491	3.10E-02	0
39.215	-8.446	3.30E-02	3
39.213	-8.401	3.60E-02	2
39.211	-8.357	3.40E-02	3
39.209	-8.313	3.50E-02	3
39.206	-8.269	3.20E-02	3
39.233	-9.249	4.70E-02	3
39.231	-9.198	4.00E-02	3
39.229	-9.149	3.50E-02	3
39.227	-9.100	4.00E-02	3
39.225	-9.050	3.90E-02	3
39.223	-9.001	3.40E-02	3
39.221	-8.955	3.70E-02	3
39.219	-8.908	3.80E-02	3
39.217	-8.860	3.70E-02	3
39.215	-8.813	3.30E-02	3
39.213	-8.766	4.00E-02	3
39.211	-8.721	4.40E-02	3
39.209	-8.675	6.10E-02	3
39.207	-8.629	8.40E-02	3
39.205	-8.583	6.90E-02	2
39.203	-8.536	5.10E-02	3
39.201	-8.491	3.50E-02	3
39.198	-8.447	3.80E-02	3
39.196	-8.402	3.40E-02	3
39.194	-8.358	3.30E-02	3
39.192	-8.314	3.30E-02	3
39.190	-8.270	3.20E-02	3
39.216	-9.250	4.40E-02	0
39.214	-9.199	3.30E-02	3
39.212	-9.150	2.90E-02	0
39.210	-9.101	4.20E-02	3
39.208	-9.049	3.30E-02	0
39.206	-9.002	3.00E-02	3
39.204	-8.956	5.40E-02	0
39.202	-8.908	5.00E-02	3
39.200	-8.861	3.50E-02	2
39.198	-8.813	3.30E-02	3
39.196	-8.767	5.00E-02	1
39.194	-8.722	6.10E-02	3
39.192	-8.676	6.90E-02	0
39.190	-8.630	6.80E-02	3
39.188	-8.583	7.20E-02	1
39.186	-8.537	5.70E-02	3
39.184	-8.493	4.10E-02	0
39.182	-8.448	4.10E-02	3
39.180	-8.404	3.60E-02	0
39.178	-8.359	3.60E-02	3
39.176	-8.315	3.20E-02	2
39.174	-8.271	3.60E-02	3
39.199	-9.250	4.90E-02	3
39.197	-9.200	4.70E-02	3
39.195	-9.150	3.10E-02	3
39.193	-9.100	3.90E-02	3
39.191	-9.046	2.90E-02	2
39.189	-9.002	2.90E-02	3
39.187	-8.957	4.10E-02	2
39.185	-8.909	3.20E-02	3
39.183	-8.861	3.90E-02	2
39.181	-8.814	4.20E-02	3
39.179	-8.768	5.00E-02	3
39.177	-8.723	6.30E-02	3
39.176	-8.677	7.00E-02	3
39.174	-8.630	6.50E-02	3
39.171	-8.584	6.60E-02	3
39.169	-8.538	5.60E-02	3
39.168	-8.494	4.60E-02	3
39.165	-8.448	3.30E-02	3
39.163	-8.403	3.40E-02	3
39.161	-8.359	3.50E-02	3
39.159	-8.315	3.10E-02	3
39.157	-8.272	3.40E-02	3
39.180	-9.201	3.40E-02	3
39.178	-9.151	3.30E-02	0
39.176	-9.098	3.80E-02	3
39.174	-9.046	3.20E-02	0
39.172	-9.004	3.10E-02	3
39.170	-8.958	3.70E-02	0
39.168	-8.910	4.20E-02	3
39.166	-8.862	4.30E-02	2
39.164	-8.816	4.70E-02	3
39.163	-8.769	6.30E-02	2
39.161	-8.724	7.60E-02	3
39.159	-8.678	7.30E-02	0
39.157	-8.631	6.70E-02	3
39.155	-8.584	4.40E-02	0
39.153	-8.540	6.00E-02	3
39.151	-8.495	4.10E-02	0
39.149	-8.449	3.10E-02	3
39.147	-8.405	3.60E-02	1
39.145	-8.361	3.50E-02	3
39.143	-8.316	3.00E-02	1
39.141	-8.273	3.50E-02	3
39.162	-9.202	3.10E-02	3
39.160	-9.152	3.40E-02	1
39.159	-9.101	4.40E-02	3
39.157	-9.053	4.00E-02	2
39.155	-9.006	3.30E-02	3
39.153	-8.958	2.90E-02	2
39.151	-8.911	5.30E-02	3
39.149	-8.863	5.20E-02	3
39.148	-8.817	4.80E-02	3
39.146	-8.771	5.20E-02	3
39.144	-8.725	7.60E-02	3
39.142	-8.678	7.50E-02	3
39.140	-8.632	6.60E-02	3
39.138	-8.585	3.70E-02	3
39.136	-8.541	4.20E-02	3
39.134	-8.496	3.40E-02	1
39.132	-8.451	3.20E-02	3
39.131	-8.406	3.30E-02	3
39.129	-8.362	3.20E-02	3
39.127	-8.317	3.00E-02	3
39.125	-8.274	3.40E-02	3
39.145	-9.203	4.00E-02	3
39.143	-9.151	3.80E-02	0
39.141	-9.101	4.50E-02	3
39.140	-9.055	4.80E-02	0
39.138	-9.007	4.50E-02	3
39.136	-8.960	3.90E-02	0
39.134	-8.912	5.30E-02	3
39.133	-8.864	4.90E-02	2
39.131	-8.818	4.20E-02	3
39.129	-8.772	4.50E-02	0
39.127	-8.726	6.80E-02	3
39.125	-8.679	7.90E-02	0
39.123	-8.633	6.40E-02	3
39.122	-8.587	3.90E-02	0
39.120	-8.542	3.90E-02	3
39.118	-8.497	3.70E-02	2
39.116	-8.452	3.50E-02	3
39.114	-8.407	3.40E-02	2
39.112	-8.363	3.20E-02	3
39.110	-8.319	3.50E-02	2
39.108	-8.275	3.30E-02	3
39.128	-9.203	3.70E-02	3
39.126	-9.151	3.40E-02	2
39.124	-9.103	4.30E-02	3
39.123	-9.056	4.10E-02	3
39.121	-9.008	4.30E-02	3
39.119	-8.961	3.50E-02	2
39.117	-8.913	4.20E-02	3
39.116	-8.865	3.90E-02	3
39.114	-8.819	4.60E-02	3
39.112	-8.773	5.30E-02	3
39.110	-8.727	6.40E-02	3
39.109	-8.680	5.10E-02	3
39.107	-8.634	3.60E-02	3
39.105	-8.588	3.80E-02	2
39.103	-8.542	3.80E-02	3
39.101	-8.497	3.80E-02	2
39.099	-8.452	3.30E-02	3
39.098	-8.407	3.50E-02	3
39.096	-8.363	3.20E-02	3
39.094	-8.320	3.20E-02	3
39.092	-8.276	3.80E-02	3
39.111	-9.203	4.50E-02	3
39.109	-9.152	3.90E-02	0
39.107	-9.105	4.80E-02	3
39.106	-9.056	4.60E-02	1
39.104	-9.008	3.90E-02	3
39.102	-8.962	3.30E-02	0
39.100	-8.914	3.00E-02	3
39.099	-8.867	3.30E-02	0
39.097	-8.820	3.80E-02	3
39.095	-8.774	6.20E-02	0
39.094	-8.727	6.20E-02	3
39.092	-8.681	4.90E-02	0
39.090	-8.635	3.90E-02	3
39.088	-8.589	3.90E-02	0
39.087	-8.543	4.10E-02	3
39.085	-8.498	3.60E-02	2
39.083	-8.453	3.70E-02	3
39.081	-8.409	3.40E-02	2
39.079	-8.364	3.30E-02	3
39.078	-8.321	3.20E-02	2
39.076	-8.277	3.00E-02	3
39.093	-9.204	4.80E-02	3
39.092	-9.154	4.60E-02	3
39.090	-9.106	4.70E-02	3
39.088	-9.057	4.70E-02	3
39.087	-9.009	6.40E-02	3
39.085	-8.963	3.60E-02	3
39.084	-8.915	3.30E-02	3
39.082	-8.868	4.10E-02	3
39.080	-8.822	5.40E-02	3
39.079	-8.775	6.40E-02	3
39.077	-8.728	6.40E-02	3
39.075	-8.682	6.00E-02	3
39.073	-8.636	3.90E-02	3
39.072	-8.590	4.10E-02	2
39.070	-8.545	3.50E-02	3
39.068	-8.499	3.60E-02	2
39.066	-8.454	4.10E-02	3
39.065	-8.409	3.50E-02	3
39.063	-8.366	3.40E-02	3
39.061	-8.322	3.50E-02	3
39.059	-8.279	3.20E-02	3
39.160	-9.208	3.30E-02	3
39.158	-9.158	3.60E-02	0
39.156	-9.106	4.60E-02	3
39.154	-9.059	4.40E-02	0
39.152	-9.012	3.80E-02	3
39.149	-8.964	3.00E-02	0
39.147	-8.917	5.40E-02	3
39.145	-8.869	5.30E-02	1
39.143	-8.823	4.60E-02	3
39.141	-8.777	4.70E-02	2
39.139	-8.731	7.20E-02	3
39.137	-8.685	7.90E-02	2
39.135	-8.638	7.00E-02	3
39.133	-8.592	3.90E-02	0
39.131	-8.547	4.20E-02	3
39.128	-8.502	3.60E-02	0
39.126	-8.457	3.40E-02	3
39.124	-8.413	3.20E-02	1
39.122	-8.368	3.10E-02	3
39.120	-8.324	3.30E-02	2
39.118	-8.280	3.40E-02	3
39.143	-9.209	4.30E-02	3
39.140	-9.157	3.60E-02	2
39.138	-9.107	4.30E-02	3
39.137	-9.061	4.60E-02	2
39.135	-9.013	4.50E-02	3
39.132	-8.966	4.00E-02	3
39.130	-8.918	5.10E-02	3
39.128	-8.870	4.80E-02	2
39.126	-8.824	4.60E-02	3
39.124	-8.778	4.40E-02	3
39.122	-8.732	6.70E-02	3
39.120	-8.685	7.10E-02	2
39.118	-8.639	5.90E-02	3
39.116	-8.594	4.10E-02	2
39.114	-8.548	3.70E-02	3
39.112	-8.503	4.00E-02	2
39.110	-8.458	3.50E-02	3
39.108	-8.413	3.50E-02	3
39.105	-8.369	3.40E-02	3
39.103	-8.325	3.40E-02	3
39.101	-8.282	3.30E-02	3
39.125	-9.209	3.70E-02	3
39.123	-9.157	3.60E-02	0
39.121	-9.109	4.60E-02	3
39.119	-9.061	4.40E-02	0
39.117	-9.013	4.30E-02	3
39.116	-8.967	3.40E-02	0
39.113	-8.918	3.80E-02	3
39.111	-8.871	3.80E-02	2
39.109	-8.825	4.30E-02	3
39.108	-8.779	5.50E-02	2
39.106	-8.733	6.60E-02	3
39.103	-8.686	5.30E-02	0
39.101	-8.640	3.60E-02	3
39.099	-8.594	3.90E-02	1
39.097	-8.548	3.80E-02	3
39.095	-8.503	3.60E-02	0
39.093	-8.458	3.40E-02	3
39.091	-8.414	3.50E-02	0
39.089	-8.369	3.30E-02	3
39.087	-8.326	3.20E-02	2
39.085	-8.283	3.80E-02	3
39.108	-9.209	4.90E-02	3
39.106	-9.157	4.00E-02	2
39.104	-9.111	4.70E-02	3
39.102	-9.063	4.90E-02	3
39.100	-9.013	4.60E-02	3
39.099	-8.968	3.50E-02	3
39.097	-8.920	3.10E-02	3
39.095	-8.872	3.30E-02	2
39.093	-8.826	4.00E-02	3
39.091	-8.780	6.30E-02	3
39.089	-8.733	6.40E-02	3
39.087	-8.687	5.90E-02	2
39.085	-8.641	4.00E-02	3
39.083	-8.595	4.10E-02	2
39.081	-8.550	4.00E-02	3
39.079	-8.504	3.70E-02	3
39.077	-8.459	3.90E-02	3
39.075	-8.415	3.50E-02	3
39.073	-8.371	3.30E-02	3
39.071	-8.327	3.30E-02	3
39.069	-8.283	3.10E-02	3
39.091	-9.210	4.90E-02	3
39.089	-9.160	4.70E-02	0
39.087	-9.112	4.70E-02	3
39.085	-9.063	4.80E-02	0
39.083	-9.014	6.10E-02	3
39.082	-8.969	3.80E-02	0
39.080	-8.921	3.30E-02	3
39.078	-8.873	4.60E-02	2
39.076	-8.827	5.60E-02	3
39.074	-8.781	6.50E-02	2
39.072	-8.734	6.20E-02	3
39.070	-8.688	6.00E-02	0
39.068	-8.642	3.60E-02	3
39.066	-8.596	3.80E-02	0
39.064	-8.551	3.40E-02	3
39.062	-8.506	3.50E-02	0
39.060	-8.460	3.90E-02	3
39.058	-8.415	3.40E-02	0
39.056	-8.372	3.40E-02	3
39.054	-8.328	3.60E-02	1
39.052	-8.285	3.40E-02	3
39.074	-9.211	4.80E-02	3
39.072	-9.161	4.80E-02	2
39.070	-9.112	4.70E-02	3
39.068	-9.064	4.40E-02	3
39.066	-9.016	4.50E-02	3
39.065	-8.970	4.40E-02	1
39.063	-8.922	4.10E-02	3
39.061	-8.875	5.70E-02	1
39.059	-8.828	6.00E-02	3
39.057	-8.782	6.30E-02	3
39.055	-8.735	6.80E-02	3
39.053	-8.689	6.00E-02	3
39.051	-8.642	3.90E-02	3
39.049	-8.597	2.90E-02	3
39.048	-8.551	3.20E-02	3
39.046	-8.506	3.50E-02	3
39.044	-8.461	3.50E-02	3
39.042	-8.417	3.10E-02	3
39.040	-8.373	3.10E-02	3
39.038	-8.329	3.50E-02	3
39.036	-8.286	3.30E-02	3
39.056	-9.212	4.50E-02	3
39.055	-9.162	4.40E-02	0
39.053	-9.112	4.70E-02	3
39.051	-9.063	4.50E-02	0
39.049	-9.016	5.30E-02	3
39.048	-8.971	5.70E-02	0
39.046	-8.923	7.00E-02	3
39.044	-8.876	6.30E-02	2
39.042	-8.829	6.90E-02	3
39.040	-8.783	6.50E-02	0
39.038	-8.736	5.60E-02	3
39.037	-8.689	4.90E-02	0
39.035	-8.643	3.80E-02	3
39.033	-8.597	2.70E-02	0
39.031	-8.552	3.40E-02	3
39.029	-8.507	3.90E-02	2
39.027	-8.462	3.60E-02	3
39.025	-8.418	2.90E-02	2
39.023	-8.375	2.90E-02	3
39.022	-8.331	3.10E-02	2
39.020	-8.288	3.60E-02	3
39.039	-9.211	4.30E-02	3
39.037	-9.162	4.50E-02	3
39.036	-9.111	4.50E-02	3
39.034	-9.063	3.80E-02	1
39.032	-9.017	4.60E-02	3
39.031	-8.972	7.50E-02	1
39.029	-8.924	5.30E-02	3
39.027	-8.877	5.10E-02	1
39.025	-8.830	5.10E-02	3
39.023	-8.783	6.80E-02	3
39.022	-8.737	5.70E-02	3
39.020	-8.691	3.80E-02	3
39.018	-8.644	2.90E-02	3
39.016	-8.598	2.70E-02	3
39.014	-8.553	3.00E-02	3
39.013	-8.508	3.40E-02	3
39.011	-8.464	3.50E-02	3
39.009	-8.420	3.30E-02	3
39.007	-8.376	4.60E-02	3
39.005	-8.333	5.20E-02	3
39.003	-8.289	4.30E-02	3
39.022	-9.212	4.30E-02	3
39.020	-9.162	4.20E-02	0
39.018	-9.112	4.10E-02	3
39.017	-9.065	4.20E-02	1
39.015	-9.018	4.90E-02	3
39.014	-8.972	5.50E-02	0
39.012	-8.925	5.80E-02	3
39.010	-8.878	6.50E-02	0
39.008	-8.831	6.30E-02	3
39.007	-8.784	7.00E-02	0
39.005	-8.738	6.70E-02	3
39.003	-8.692	4.00E-02	0
39.001	-8.645	3.10E-02	3
39.000	-8.599	3.00E-02	0
38.998	-8.554	2.90E-02	3
38.996	-8.509	3.60E-02	2
38.994	-8.466	3.90E-02	3
38.993	-8.422	4.50E-02	2
38.991	-8.378	5.10E-02	3
38.989	-8.333	4.10E-02	2
38.987	-8.290	4.40E-02	3
39.005	-9.213	4.50E-02	3
39.003	-9.162	4.10E-02	3
39.001	-9.115	4.10E-02	3
39.000	-9.067	4.70E-02	3
38.998	-9.020	4.90E-02	3
38.997	-8.973	4.90E-02	2
38.995	-8.926	6.40E-02	3
38.993	-8.879	6.30E-02	3
38.992	-8.832	5.50E-02	3
38.990	-8.785	6.10E-02	3
38.988	-8.738	6.70E-02	3
38.986	-8.692	5.20E-02	3
38.985	-8.646	3.50E-02	3
38.983	-8.601	4.00E-02	3
38.981	-8.555	3.60E-02	3
38.980	-8.511	4.80E-02	3
38.978	-8.467	4.90E-02	3
38.976	-8.422	4.20E-02	3
38.974	-8.378	3.10E-02	3
38.972	-8.334	3.00E-02	3
38.971	-8.290	3.30E-02	3
39.072	-9.219	4.80E-02	3
39.069	-9.169	4.60E-02	0
39.067	-9.120	4.70E-02	3
39.065	-9.071	4.30E-02	0
39.063	-9.024	4.50E-02	3
39.061	-8.978	5.10E-02	0
39.059	-8.930	5.00E-02	3
39.057	-8.883	6.30E-02	0
39.055	-8.837	6.30E-02	3
39.053	-8.790	6.70E-02	0
39.051	-8.743	6.70E-02	3
39.049	-8.697	6.20E-02	0
39.046	-8.651	4.40E-02	3
39.044	-8.605	3.00E-02	2
39.042	-8.559	3.40E-02	3
39.040	-8.514	3.50E-02	1
39.038	-8.470	3.50E-02	3
39.036	-8.425	3.10E-02	0
39.034	-8.382	3.10E-02	3
39.031	-8.338	3.50E-02	0
39.029	-8.295	3.30E-02	3
39.027	-8.252	3.50E-02	0
39.054	-9.220	4.60E-02	3
39.052	-9.170	4.40E-02	1
39.050	-9.120	4.80E-02	3
39.048	-9.071	4.60E-02	1
39.046	-9.024	4.90E-02	3
39.044	-8.979	6.50E-02	3
39.042	-8.931	6.70E-02	3
39.040	-8.884	6.20E-02	3
39.038	-8.837	6.80E-02	3
39.036	-8.791	6.70E-02	3
39.034	-8.744	5.50E-02	3
39.032	-8.698	4.80E-02	3
39.030	-8.651	3.70E-02	3
39.028	-8.605	2.90E-02	3
39.025	-8.560	3.00E-02	3
39.023	-8.515	4.40E-02	3
39.021	-8.471	3.90E-02	3
39.019	-8.427	3.20E-02	3
39.017	-8.383	3.20E-02	3
39.015	-8.340	3.80E-02	3
39.013	-8.296	3.90E-02	3
39.011	-8.253	3.70E-02	3
39.037	-9.219	4.70E-02	3
39.035	-9.170	4.20E-02	0
39.033	-9.119	4.40E-02	3
39.031	-9.071	3.80E-02	0
39.029	-9.025	4.10E-02	3
39.027	-8.979	7.30E-02	0
39.025	-8.933	5.90E-02	3
39.023	-8.885	6.20E-02	0
39.021	-8.838	5.60E-02	3
39.019	-8.791	7.00E-02	1
39.017	-8.745	6.50E-02	3
39.015	-8.699	4.30E-02	1
39.013	-8.652	3.10E-02	3
39.011	-8.606	2.90E-02	2
39.009	-8.562	3.00E-02	3
39.007	-8.516	3.30E-02	0
39.005	-8.472	3.60E-02	3
39.003	-8.429	4.00E-02	0
39.001	-8.385	5.40E-02	3
38.999	-8.341	5.60E-02	0
38.997	-8.298	4.60E-02	3
38.995	-8.254	4.20E-02	0
39.020	-9.220	4.30E-02	3
39.018	-9.170	4.10E-02	3
39.016	-9.121	4.00E-02	3
39.014	-9.073	4.20E-02	1
39.012	-9.026	5.00E-02	3
39.010	-8.980	5.60E-02	3
39.008	-8.933	5.90E-02	3
39.006	-8.886	6.50E-02	3
39.004	-8.839	6.00E-02	3
39.002	-8.792	6.90E-02	3
39.000	-8.746	7.00E-02	3
38.998	-8.700	4.50E-02	3
38.996	-8.653	3.40E-02	3
38.994	-8.608	3.50E-02	3
38.992	-8.563	3.10E-02	3
38.990	-8.518	4.20E-02	3
38.988	-8.474	4.30E-02	3
38.986	-8.430	4.50E-02	3
38.984	-8.385	4.00E-02	3
38.982	-8.341	3.50E-02	3
38.980	-8.298	4.10E-02	3
38.978	-8.255	4.30E-02	3
39.003	-9.222	4.70E-02	3
39.001	-9.170	4.30E-02	0
38.999	-9.121	4.00E-02	3
38.997	-9.075	4.80E-02	0
38.995	-9.028	4.60E-02	3
38.993	-8.980	5.30E-02	0
38.991	-8.934	6.20E-02	3
38.989	-8.887	6.50E-02	0
38.987	-8.840	5.60E-02	3
38.986	-8.793	5.90E-02	1
38.984	-8.747	6.20E-02	3
38.982	-8.700	6.00E-02	0
38.980	-8.654	3.80E-02	3
38.978	-8.609	4.20E-02	2
38.976	-8.564	3.70E-02	3
38.974	-8.519	5.00E-02	0
38.972	-8.475	5.30E-02	3
38.970	-8.431	3.80E-02	0
38.968	-8.386	3.20E-02	3
38.966	-8.342	3.00E-02	0
38.964	-8.298	3.20E-02	3
38.962	-8.255	3.40E-02	0
38.985	-9.222	4.30E-02	3
38.983	-9.170	3.80E-02	3
38.981	-9.121	3.60E-02	3
38.980	-9.075	4.50E-02	3
38.978	-9.028	4.10E-02	3
38.976	-8.981	4.90E-02	3
38.974	-8.935	5.90E-02	3
38.972	-8.888	6.20E-02	3
38.971	-8.841	5.40E-02	3
38.969	-8.794	5.80E-02	3
38.967	-8.748	4.80E-02	3
38.965	-8.701	4.20E-02	3
38.963	-8.655	3.10E-02	3
38.961	-8.610	4.10E-02	3
38.959	-8.565	4.10E-02	3
38.957	-8.520	6.30E-02	2
38.955	-8.476	6.30E-02	3
38.953	-8.431	3.20E-02	3
38.951	-8.387	3.00E-02	3
38.949	-8.343	3.10E-02	2
38.948	-8.299	3.10E-02	3
38.946	-8.256	3.30E-02	3
38.968	-9.222	4.00E-02	3
38.966	-9.171	4.10E-02	0
38.964	-9.122	4.00E-02	3
38.963	-9.074	4.50E-02	0
38.961	-9.028	4.70E-02	3
38.959	-8.983	5.40E-02	0
38.957	-8.936	6.30E-02	3
38.956	-8.889	5.60E-02	0
38.954	-8.842	5.70E-02	3
38.952	-8.795	4.80E-02	0
38.950	-8.749	4.10E-02	3
38.948	-8.703	4.50E-02	0
38.946	-8.657	4.90E-02	3
38.944	-8.611	4.80E-02	0
38.943	-8.566	4.90E-02	3
38.941	-8.522	5.40E-02	0
38.939	-8.477	5.30E-02	3
38.937	-8.432	3.10E-02	0
38.935	-8.388	3.00E-02	3
38.933	-8.344	3.10E-02	0
38.931	-8.300	3.10E-02	3
38.929	-8.257	3.10E-02	0
38.951	-9.222	4.20E-02	3
38.949	-9.173	4.30E-02	3
38.947	-9.123	4.20E-02	3
38.945	-9.075	3.70E-02	3
38.944	-9.029	4.20E-02	3
38.942	-8.984	5.20E-02	3
38.940	-8.937	5.60E-02	3
38.939	-8.890	5.70E-02	3
38.937	-8.843	5.30E-02	3
38.935	-8.796	4.00E-02	3
38.933	-8.749	3.60E-02	3
38.931	-8.703	3.80E-02	3
38.930	-8.657	3.30E-02	3
38.928	-8.612	4.50E-02	3
38.926	-8.567	5.20E-02	3
38.924	-8.522	3.80E-02	1
38.922	-8.478	3.60E-02	3
38.920	-8.433	3.00E-02	3
38.919	-8.389	3.10E-02	3
38.917	-8.345	3.00E-02	3
38.915	-8.302	3.20E-02	3
38.913	-8.258	3.20E-02	3
38.933	-9.223	5.10E-02	2
38.932	-9.175	4.40E-02	0
38.930	-9.125	3.70E-02	3
38.928	-9.076	4.20E-02	0
38.927	-9.031	5.30E-02	3
38.925	-8.985	5.80E-02	0
38.923	-8.938	5.90E-02	3
38.922	-8.891	6.60E-02	0
38.920	-8.844	6.20E-02	3
38.918	-8.797	3.90E-02	0
38.916	-8.750	3.50E-02	2
38.915	-8.704	3.90E-02	0
38.913	-8.658	5.00E-02	3
38.911	-8.613	3.70E-02	0
38.909	-8.568	3.30E-02	3
38.908	-8.523	3.10E-02	0
38.906	-8.478	3.60E-02	3
38.904	-8.434	2.90E-02	0
38.902	-8.390	2.90E-02	3
38.900	-8.346	2.90E-02	0
38.899	-8.303	3.00E-02	3
38.897	-8.259	3.10E-02	2
38.916	-9.223	4.10E-02	3
38.915	-9.176	3.60E-02	3
38.913	-9.128	3.70E-02	3
38.911	-9.078	4.10E-02	3
38.910	-9.033	6.60E-02	3
38.908	-8.986	5.80E-02	3
38.907	-8.939	6.50E-02	3
38.905	-8.891	5.70E-02	3
38.903	-8.844	4.30E-02	3
38.901	-8.798	3.70E-02	3
38.900	-8.751	3.50E-02	3
38.898	-8.705	3.70E-02	3
38.896	-8.659	4.00E-02	3
38.895	-8.613	3.40E-02	3
38.893	-8.568	3.20E-02	3
38.891	-8.524	3.10E-02	2
38.889	-8.479	2.90E-02	3
38.888	-8.434	3.20E-02	3
38.886	-8.390	3.20E-02	3
38.884	-8.346	3.10E-02	3
38.882	-8.303	3.10E-02	3
38.880	-8.260	3.20E-02	2
38.983	-9.228	4.40E-02	3
38.981	-9.176	4.00E-02	0
38.979	-9.127	3.70E-02	3
38.977	-9.080	4.30E-02	0
38.975	-9.033	4.30E-02	3
38.973	-8.987	4.80E-02	0
38.971	-8.941	6.10E-02	3
38.968	-8.894	6.20E-02	0
38.966	-8.847	5.20E-02	3
38.964	-8.800	5.30E-02	0
38.962	-8.754	4.90E-02	3
38.960	-8.708	4.80E-02	0
38.958	-8.662	4.00E-02	3
38.956	-8.616	3.70E-02	2
38.953	-8.571	4.00E-02	3
38.951	-8.527	5.80E-02	2
38.949	-8.482	6.60E-02	3
38.947	-8.438	3.70E-02	0
38.945	-8.393	2.80E-02	3
38.943	-8.349	3.10E-02	0
38.941	-8.305	3.10E-02	3
38.938	-8.262	3.20E-02	0
38.966	-9.228	3.80E-02	3
38.964	-9.177	4.10E-02	3
38.961	-9.128	4.10E-02	3
38.959	-9.080	4.70E-02	3
38.958	-9.034	4.80E-02	3
38.956	-8.988	5.80E-02	3
38.954	-8.942	6.20E-02	3
38.952	-8.895	5.60E-02	3
38.949	-8.848	5.40E-02	3
38.947	-8.801	5.30E-02	3
38.945	-8.755	3.50E-02	3
38.943	-8.708	3.70E-02	3
38.941	-8.663	4.50E-02	3
38.939	-8.618	5.50E-02	3
38.937	-8.573	5.80E-02	3
38.935	-8.528	5.00E-02	2
38.933	-8.483	4.40E-02	3
38.931	-8.438	3.00E-02	2
38.928	-8.394	3.10E-02	3
38.926	-8.351	3.10E-02	2
38.924	-8.307	3.20E-02	3
38.922	-8.263	3.20E-02	2
38.948	-9.228	4.30E-02	3
38.946	-9.179	4.50E-02	0
38.944	-9.129	4.10E-02	3
38.942	-9.081	4.30E-02	0
38.940	-9.035	4.20E-02	3
38.939	-8.990	5.30E-02	0
38.937	-8.943	5.50E-02	3
38.935	-8.896	5.90E-02	0
38.933	-8.849	5.80E-02	3
38.931	-8.802	4.00E-02	1
38.928	-8.755	3.30E-02	3
38.926	-8.709	4.10E-02	0
38.924	-8.663	3.70E-02	3
38.922	-8.618	3.60E-02	2
38.920	-8.573	4.20E-02	3
38.918	-8.529	3.40E-02	0
38.916	-8.484	3.40E-02	3
38.914	-8.439	2.90E-02	0
38.912	-8.395	3.10E-02	3
38.910	-8.351	3.00E-02	0
38.908	-8.308	3.10E-02	3
38.906	-8.265	3.20E-02	0
38.931	-9.229	5.20E-02	3
38.929	-9.180	4.30E-02	3
38.927	-9.131	3.60E-02	3
38.925	-9.082	4.10E-02	3
38.923	-9.036	5.50E-02	3
38.922	-8.991	5.80E-02	3
38.920	-8.944	6.60E-02	3
38.918	-8.897	6.40E-02	3
38.916	-8.849	6.40E-02	3
38.914	-8.803	4.00E-02	3
38.912	-8.756	3.90E-02	3
38.910	-8.710	3.70E-02	2
38.908	-8.664	5.30E-02	3
38.906	-8.619	4.10E-02	2
38.904	-8.574	3.50E-02	3
38.902	-8.529	3.10E-02	3
38.900	-8.484	3.50E-02	3
38.898	-8.440	3.00E-02	2
38.896	-8.396	3.00E-02	3
38.894	-8.352	2.90E-02	3
38.892	-8.309	3.00E-02	3
38.889	-8.265	3.20E-02	3
38.914	-9.228	3.90E-02	3
38.912	-9.181	3.70E-02	0
38.910	-9.134	4.00E-02	3
38.908	-9.084	4.20E-02	0
38.906	-9.039	6.70E-02	3
38.905	-8.992	5.80E-02	0
38.903	-8.945	6.70E-02	3
38.901	-8.897	5.30E-02	0
38.899	-8.850	4.30E-02	3
38.897	-8.804	3.60E-02	1
38.895	-8.757	3.30E-02	3
38.893	-8.711	3.50E-02	0
38.891	-8.665	3.80E-02	3
38.889	-8.619	3.20E-02	1
38.887	-8.574	3.00E-02	3
38.885	-8.530	3.30E-02	0
38.883	-8.485	3.00E-02	3
38.881	-8.440	3.20E-02	0
38.879	-8.396	3.40E-02	3
38.877	-8.353	3.20E-02	0
38.875	-8.310	3.30E-02	3
38.873	-8.266	3.00E-02	0
38.897	-9.229	3.90E-02	3
38.895	-9.181	3.60E-02	3
38.893	-9.133	3.90E-02	3
38.891	-9.085	4.60E-02	3
38.889	-9.040	7.50E-02	3
38.888	-8.993	6.00E-02	3
38.886	-8.946	6.20E-02	3
38.884	-8.898	4.50E-02	3
38.882	-8.851	3.70E-02	3
38.880	-8.805	3.50E-02	3
38.878	-8.758	3.70E-02	3
38.876	-8.712	4.00E-02	2
38.874	-8.666	4.00E-02	3
38.872	-8.620	3.70E-02	3
38.871	-8.575	3.80E-02	3
38.869	-8.530	3.10E-02	1
38.867	-8.486	3.10E-02	3
38.865	-8.441	3.20E-02	2
38.863	-8.397	3.40E-02	3
38.861	-8.353	3.20E-02	2
38.859	-8.311	3.30E-02	3
38.857	-8.267	3.00E-02	3
38.879	-9.231	4.00E-02	3
38.878	-9.182	3.50E-02	0
38.876	-9.135	4.20E-02	3
38.874	-9.088	6.90E-02	0
38.872	-9.041	5.90E-02	3
38.871	-8.994	4.30E-02	0
38.869	-8.946	4.70E-02	3
38.867	-8.899	5.30E-02	0
38.865	-8.852	4.30E-02	3
38.863	-8.805	3.00E-02	0
38.861	-8.759	4.10E-02	3
38.860	-8.713	4.10E-02	0
38.858	-8.667	3.80E-02	3
38.856	-8.621	3.80E-02	0
38.854	-8.576	4.00E-02	3
38.852	-8.531	3.40E-02	0
38.850	-8.487	3.10E-02	3
38.848	-8.443	3.30E-02	0
38.846	-8.398	3.20E-02	3
38.844	-8.354	3.10E-02	0
38.843	-8.311	3.10E-02	3
38.841	-8.268	3.10E-02	0
38.862	-9.232	3.70E-02	3
38.861	-9.185	4.60E-02	3
38.859	-9.138	6.40E-02	3
38.857	-9.090	7.70E-02	3
38.855	-9.043	5.40E-02	3
38.854	-8.995	4.60E-02	3
38.852	-8.947	4.30E-02	3
38.850	-8.900	4.00E-02	3
38.848	-8.853	3.50E-02	3
38.846	-8.806	3.10E-02	3
38.845	-8.760	3.50E-02	3
38.843	-8.714	3.70E-02	3
38.841	-8.668	3.60E-02	3
38.839	-8.622	3.90E-02	3
38.837	-8.577	4.60E-02	3
38.835	-8.532	3.60E-02	1
38.834	-8.487	3.50E-02	3
38.832	-8.443	3.50E-02	2
38.830	-8.399	3.10E-02	3
38.828	-8.355	2.80E-02	2
38.826	-8.312	3.00E-02	3
38.824	-8.269	3.40E-02	2
38.845	-9.234	3.90E-02	3
38.843	-9.188	5.90E-02	0
38.842	-9.140	5.20E-02	3
38.840	-9.091	7.00E-02	0
38.838	-9.044	4.60E-02	3
38.837	-8.996	4.80E-02	0
38.835	-8.948	4.80E-02	3
38.833	-8.901	4.40E-02	0
38.831	-8.854	3.50E-02	3
38.830	-8.807	3.00E-02	0
38.828	-8.761	3.60E-02	3
38.826	-8.715	3.50E-02	0
38.824	-8.669	3.20E-02	3
38.823	-8.623	3.10E-02	0
38.821	-8.578	3.90E-02	3
38.819	-8.533	3.40E-02	0
38.817	-8.489	3.30E-02	3
38.815	-8.444	3.60E-02	0
38.814	-8.400	3.20E-02	3
38.812	-8.356	2.80E-02	0
38.810	-8.313	2.80E-02	3
38.808	-8.269	2.90E-02	2
38.828	-9.233	3.70E-02	3
38.826	-9.187	4.70E-02	2
38.825	-9.140	6.30E-02	3
38.823	-9.092	7.20E-02	3
38.821	-9.044	4.70E-02	3
38.820	-8.997	4.10E-02	3
38.818	-8.949	4.90E-02	3
38.816	-8.902	4.40E-02	3
38.815	-8.855	3.70E-02	3
38.813	-8.808	3.00E-02	2
38.811	-8.762	3.30E-02	3
38.809	-8.716	3.50E-02	2
38.808	-8.670	3.20E-02	3
38.806	-8.625	3.10E-02	3
38.804	-8.580	3.20E-02	3
38.802	-8.535	3.00E-02	2
38.801	-8.490	3.10E-02	3
38.799	-8.445	3.40E-02	2
38.797	-8.401	3.60E-02	3
38.795	-8.357	2.90E-02	1
38.794	-8.313	3.10E-02	3
38.792	-8.270	2.90E-02	3
38.894	-9.237	4.00E-02	3
38.892	-9.188	3.70E-02	0
38.890	-9.140	3.90E-02	3
38.888	-9.093	5.00E-02	0
38.886	-9.048	7.40E-02	3
38.884	-9.001	6.00E-02	0
38.882	-8.954	6.10E-02	3
38.880	-8.907	4.90E-02	0
38.878	-8.860	4.10E-02	3
38.876	-8.813	3.50E-02	0
38.874	-8.767	3.80E-02	3
38.871	-8.720	4.00E-02	0
38.869	-8.674	3.90E-02	3
38.867	-8.629	3.60E-02	0
38.865	-8.583	3.90E-02	3
38.863	-8.539	3.30E-02	0
38.861	-8.494	3.20E-02	3
38.858	-8.450	3.40E-02	0
38.856	-8.406	3.40E-02	3
38.854	-8.362	3.30E-02	2
38.852	-8.319	3.30E-02	3
38.850	-8.276	3.10E-02	0
38.877	-9.239	3.80E-02	3
38.875	-9.190	3.40E-02	2
38.873	-9.143	4.70E-02	3
38.871	-9.096	7.10E-02	3
38.869	-9.050	6.80E-02	3
38.867	-9.002	4.40E-02	3
38.865	-8.955	4.70E-02	3
38.863	-8.907	5.60E-02	3
38.861	-8.860	4.30E-02	3
38.859	-8.814	3.30E-02	3
38.857	-8.767	3.90E-02	3
38.855	-8.721	4.40E-02	3
38.853	-8.675	4.10E-02	3
38.850	-8.629	3.90E-02	2
38.848	-8.584	4.30E-02	3
38.846	-8.539	3.60E-02	3
38.844	-8.495	3.40E-02	3
38.842	-8.451	3.50E-02	3
38.840	-8.406	3.30E-02	3
38.838	-8.362	3.00E-02	3
38.836	-8.319	3.10E-02	3
38.833	-8.277	3.40E-02	3
38.860	-9.240	3.70E-02	3
38.858	-9.193	4.70E-02	0
38.856	-9.147	6.20E-02	3
38.854	-9.098	7.60E-02	0
38.852	-9.051	6.00E-02	3
38.850	-9.003	4.80E-02	0
38.848	-8.955	4.70E-02	3
38.846	-8.908	4.20E-02	0
38.844	-8.861	3.70E-02	3
38.842	-8.815	3.20E-02	0
38.840	-8.768	3.50E-02	3
38.838	-8.722	3.80E-02	0
38.836	-8.676	3.70E-02	2
38.834	-8.630	3.80E-02	0
38.832	-8.585	4.80E-02	3
38.830	-8.540	4.10E-02	0
38.828	-8.496	3.50E-02	3
38.825	-8.451	3.60E-02	0
38.823	-8.407	3.30E-02	3
38.821	-8.363	3.00E-02	0
38.819	-8.320	2.90E-02	3
38.817	-8.277	3.30E-02	0
38.843	-9.241	3.70E-02	3
38.841	-9.196	5.60E-02	3
38.839	-9.148	5.40E-02	3
38.837	-9.099	7.10E-02	3
38.835	-9.052	5.10E-02	3
38.833	-9.004	4.90E-02	3
38.831	-8.956	5.00E-02	3
38.829	-8.909	4.70E-02	3
38.827	-8.862	4.20E-02	3
38.825	-8.815	3.00E-02	0
38.823	-8.769	3.60E-02	3
38.821	-8.723	3.70E-02	1
38.819	-8.677	3.20E-02	3
38.817	-8.632	3.10E-02	2
38.815	-8.586	3.50E-02	3
38.813	-8.542	3.40E-02	3
38.811	-8.497	3.40E-02	3
38.809	-8.452	3.60E-02	3
38.807	-8.408	3.70E-02	3
38.805	-8.364	2.90E-02	3
38.803	-8.320	3.00E-02	3
38.801	-8.277	2.90E-02	3
38.825	-9.240	4.00E-02	3
38.824	-9.194	4.50E-02	0
38.822	-9.148	6.60E-02	3
38.820	-9.099	7.20E-02	0
38.818	-9.053	5.10E-02	3
38.816	-9.005	4.00E-02	0
38.814	-8.957	5.20E-02	3
38.812	-8.910	4.40E-02	0
38.810	-8.863	4.10E-02	3
38.808	-8.816	3.00E-02	0
38.806	-8.770	3.30E-02	3
38.804	-8.724	3.60E-02	0
38.803	-8.678	3.30E-02	3
38.801	-8.633	3.40E-02	0
38.799	-8.588	3.20E-02	3
38.797	-8.543	3.00E-02	2
38.795	-8.498	3.20E-02	3
38.793	-8.454	3.50E-02	0
38.791	-8.409	3.40E-02	3
38.789	-8.365	3.00E-02	0
38.787	-8.322	3.20E-02	3
38.785	-8.279	2.90E-02	0
38.808	-9.242	6.30E-02	3
38.806	-9.195	8.20E-02	3
38.805	-9.148	8.00E-02	3
38.803	-9.101	6.90E-02	3
38.801	-9.053	4.10E-02	3
38.799	-9.006	4.00E-02	3
38.797	-8.958	5.30E-02	3
38.795	-8.911	4.30E-02	3
38.793	-8.864	3.90E-02	3
38.792	-8.817	3.00E-02	3
38.790	-8.771	3.30E-02	3
38.788	-8.725	3.90E-02	3
38.786	-8.679	3.80E-02	3
38.784	-8.634	3.60E-02	3
38.782	-8.588	3.40E-02	3
38.780	-8.543	2.80E-02	3
38.778	-8.499	3.40E-02	3
38.776	-8.455	3.20E-02	3
38.774	-8.411	3.20E-02	3
38.772	-8.367	3.30E-02	3
38.770	-8.323	3.50E-02	3
38.768	-8.280	2.80E-02	3
38.791	-9.244	5.20E-02	3
38.789	-9.197	8.20E-02	0
38.788	-9.149	9.20E-02	2
38.786	-9.102	8.20E-02	0
38.784	-9.054	4.10E-02	3
38.782	-9.006	3.90E-02	0
38.780	-8.959	5.40E-02	3
38.778	-8.912	4.20E-02	0
38.777	-8.864	4.10E-02	3
38.775	-8.818	3.50E-02	0
38.773	-8.772	3.60E-02	3
38.771	-8.725	3.70E-02	2
38.769	-8.680	4.50E-02	3
38.767	-8.634	4.00E-02	1
38.765	-8.589	3.70E-02	3
38.763	-8.544	3.20E-02	0
38.762	-8.499	3.70E-02	3
38.760	-8.455	3.00E-02	0
38.758	-8.412	3.30E-02	3
38.756	-8.368	3.40E-02	0
38.754	-8.324	3.70E-02	3
38.752	-8.281	2.80E-02	0
38.774	-9.245	7.00E-02	3
38.772	-9.198	7.90E-02	3
38.770	-9.149	9.60E-02	3
38.769	-9.102	8.70E-02	3
38.767	-9.055	4.20E-02	3
38.765	-9.007	3.80E-02	3
38.763	-8.960	5.40E-02	3
38.762	-8.913	4.50E-02	3
38.760	-8.866	3.90E-02	3
38.758	-8.819	3.50E-02	3
38.756	-8.772	4.40E-02	3
38.754	-8.726	3.60E-02	3
38.752	-8.680	4.50E-02	3
38.751	-8.635	4.20E-02	3
38.749	-8.590	3.50E-02	3
38.747	-8.546	3.60E-02	3
38.745	-8.501	4.10E-02	3
38.743	-8.456	3.30E-02	3
38.741	-8.412	3.00E-02	3
38.739	-8.368	3.20E-02	3
38.738	-8.324	3.10E-02	3
38.736	-8.281	2.70E-02	3
38.757	-9.247	9.30E-02	2
38.755	-9.199	9.90E-02	0
38.753	-9.151	9.40E-02	3
38.752	-9.103	8.00E-02	0
38.750	-9.056	3.90E-02	3
38.748	-9.008	4.80E-02	0
38.746	-8.961	6.60E-02	3
38.745	-8.914	4.80E-02	0
38.743	-8.867	4.40E-02	3
38.741	-8.820	3.80E-02	0
38.739	-8.773	4.50E-02	3
38.738	-8.727	3.60E-02	0
38.736	-8.681	3.60E-02	3
38.734	-8.636	4.90E-02	0
38.732	-8.591	4.20E-02	3
38.730	-8.546	3.50E-02	0
38.729	-8.502	3.20E-02	2
38.727	-8.458	3.20E-02	0
38.725	-8.414	3.20E-02	3
38.723	-8.369	3.20E-02	0
38.721	-8.325	3.80E-02	3
38.719	-8.282	3.10E-02	0
38.739	-9.248	6.50E-02	3
38.738	-9.199	7.20E-02	3
38.736	-9.151	9.10E-02	3
38.734	-9.104	7.40E-02	3
38.733	-9.057	3.90E-02	3
38.731	-9.009	5.10E-02	3
38.729	-8.961	6.30E-02	3
38.728	-8.914	5.70E-02	3
38.726	-8.868	4.40E-02	3
38.724	-8.821	3.90E-02	3
38.723	-8.774	4.70E-02	3
38.721	-8.728	4.90E-02	3
38.719	-8.682	4.80E-02	3
38.717	-8.637	4.20E-02	3
38.716	-8.592	3.60E-02	3
38.714	-8.547	3.10E-02	3
38.712	-8.503	2.80E-02	3
38.710	-8.458	3.10E-02	3
38.709	-8.415	3.30E-02	3
38.707	-8.371	3.10E-02	3
38.705	-8.327	3.00E-02	3
38.703	-8.283	2.90E-02	3
38.806	-9.248	6.00E-02	3
38.804	-9.200	8.30E-02	0
38.802	-9.154	8.50E-02	3
38.800	-9.106	7.40E-02	0
38.798	-9.059	4.40E-02	3
38.796	-9.012	3.80E-02	0
38.793	-8.964	5.50E-02	2
38.791	-8.917	4.40E-02	0
38.789	-8.870	4.30E-02	3
38.787	-8.823	3.10E-02	0
38.785	-8.777	3.30E-02	3
38.783	-8.731	3.90E-02	0
38.781	-8.685	4.30E-02	3
38.778	-8.640	3.50E-02	0
38.776	-8.594	3.80E-02	3
38.774	-8.549	3.10E-02	0
38.772	-8.505	3.70E-02	3
38.770	-8.461	3.20E-02	0
38.768	-8.417	3.30E-02	3
38.765	-8.373	3.30E-02	1
38.763	-8.330	3.70E-02	3
38.761	-8.286	2.80E-02	0
38.789	-9.250	4.90E-02	3
38.787	-9.203	7.50E-02	3
38.785	-9.154	9.10E-02	3
38.783	-9.107	8.80E-02	3
38.781	-9.060	4.40E-02	3
38.779	-9.012	3.70E-02	3
38.776	-8.965	5.30E-02	3
38.774	-8.918	4.50E-02	3
38.772	-8.870	4.20E-02	3
38.770	-8.824	3.50E-02	3
38.768	-8.778	3.80E-02	3
38.766	-8.732	3.50E-02	2
38.764	-8.686	4.50E-02	3
38.762	-8.640	4.30E-02	3
38.760	-8.596	3.60E-02	3
38.758	-8.550	3.10E-02	3
38.755	-8.506	3.70E-02	3
38.753	-8.461	3.20E-02	3
38.751	-8.418	3.20E-02	3
38.749	-8.374	3.20E-02	3
38.747	-8.330	3.40E-02	3
38.745	-8.287	2.80E-02	3
38.769	-9.204	7.80E-02	0
38.767	-9.155	9.50E-02	3
38.766	-9.108	9.00E-02	0
38.764	-9.061	4.40E-02	3
38.762	-9.013	3.90E-02	0
38.760	-8.966	5.90E-02	3
38.757	-8.919	4.90E-02	0
38.755	-8.872	4.00E-02	3
38.753	-8.825	3.60E-02	0
38.751	-8.778	5.10E-02	3
38.749	-8.732	3.90E-02	0
38.747	-8.686	4.00E-02	3
38.745	-8.641	4.50E-02	0
38.743	-8.596	3.60E-02	3
38.741	-8.552	3.80E-02	0
38.739	-8.507	4.00E-02	3
38.737	-8.463	3.40E-02	0
38.735	-8.419	3.20E-02	3
38.733	-8.375	3.20E-02	0
38.731	-8.331	3.50E-02	3
38.728	-8.287	3.00E-02	0
38.752	-9.204	9.40E-02	3
38.750	-9.156	9.40E-02	3
38.748	-9.109	8.20E-02	2
38.747	-9.062	4.10E-02	3
38.745	-9.014	5.00E-02	2
38.743	-8.966	6.50E-02	3
38.741	-8.919	5.20E-02	2
38.739	-8.873	4.60E-02	3
38.737	-8.826	3.90E-02	3
38.735	-8.779	4.10E-02	3
38.733	-8.733	3.70E-02	3
38.731	-8.687	3.60E-02	3
38.728	-8.642	5.00E-02	3
38.726	-8.597	4.40E-02	3
38.724	-8.552	3.40E-02	1
38.722	-8.508	3.00E-02	3
38.720	-8.464	3.10E-02	3
38.718	-8.420	3.40E-02	3
38.716	-8.376	3.20E-02	3
38.714	-8.332	3.40E-02	3
38.712	-8.288	3.10E-02	3
38.735	-9.205	5.80E-02	0
38.733	-9.157	8.10E-02	3
38.731	-9.110	7.50E-02	0
38.729	-9.063	3.90E-02	3
38.728	-9.015	5.20E-02	0
38.726	-8.967	6.40E-02	3
38.724	-8.920	6.10E-02	0
38.722	-8.873	4.40E-02	3
38.720	-8.827	3.90E-02	0
38.718	-8.780	5.00E-02	3
38.716	-8.734	5.70E-02	0
38.714	-8.688	4.70E-02	3
38.712	-8.643	3.90E-02	0
38.710	-8.598	3.80E-02	3
38.708	-8.553	3.10E-02	2
38.706	-8.509	2.90E-02	3
38.704	-8.464	3.20E-02	0
38.702	-8.421	3.50E-02	3
38.700	-8.377	3.00E-02	0
38.698	-8.333	3.00E-02	3
38.696	-8.290	2.80E-02	0
38.718	-9.206	6.20E-02	3
38.716	-9.158	8.70E-02	3
38.714	-9.111	6.50E-02	3
38.712	-9.063	4.40E-02	3
38.711	-9.016	6.00E-02	3
38.709	-8.968	8.70E-02	3
38.707	-8.921	7.00E-02	3
38.705	-8.874	4.90E-02	3
38.703	-8.828	3.90E-02	3
38.701	-8.781	4.90E-02	3
38.699	-8.735	6.10E-02	3
38.697	-8.689	5.60E-02	3
38.695	-8.644	5.10E-02	3
38.693	-8.598	4.90E-02	3
38.691	-8.554	3.50E-02	3
38.689	-8.509	3.90E-02	3
38.687	-8.465	4.60E-02	3
38.686	-8.421	3.60E-02	3
38.684	-8.378	3.00E-02	3
38.682	-8.335	3.00E-02	3
38.680	-8.291	2.50E-02	3
38.701	-9.209	7.60E-02	0
38.699	-9.161	6.00E-02	3
38.697	-9.112	3.70E-02	0
38.695	-9.064	4.10E-02	3
38.694	-9.017	5.40E-02	0
38.692	-8.969	6.20E-02	3
38.690	-8.922	6.70E-02	0
38.688	-8.875	4.10E-02	3
38.686	-8.829	3.60E-02	0
38.684	-8.782	5.50E-02	3
38.682	-8.736	6.00E-02	2
38.681	-8.690	5.40E-02	3
38.679	-8.645	6.50E-02	1
38.677	-8.599	5.50E-02	3
38.675	-8.555	3.30E-02	0
38.673	-8.510	4.10E-02	3
38.671	-8.466	6.40E-02	0
38.669	-8.422	5.00E-02	3
38.667	-8.378	3.10E-02	0
38.665	-8.335	2.90E-02	3
38.663	-8.292	2.60E-02	0
38.684	-9.210	3.20E-02	3
38.682	-9.161	5.50E-02	3
38.680	-9.113	3.70E-02	3
38.678	-9.065	5.40E-02	3
38.677	-9.018	5.80E-02	3
38.675	-8.970	6.60E-02	3
38.673	-8.923	6.50E-02	3
38.671	-8.876	5.80E-02	3
38.669	-8.830	3.60E-02	3
38.668	-8.783	4.90E-02	3
38.666	-8.737	6.00E-02	3
38.664	-8.692	5.70E-02	3
38.662	-8.646	5.00E-02	3
38.660	-8.601	4.70E-02	3
38.658	-8.556	3.30E-02	3
38.656	-8.511	3.70E-02	3
38.655	-8.467	3.90E-02	3
38.653	-8.423	3.50E-02	3
38.651	-8.379	3.40E-02	3
38.649	-8.335	3.20E-02	3
38.647	-8.292	3.10E-02	3
38.666	-9.210	4.90E-02	0
38.665	-9.162	7.10E-02	3
38.663	-9.114	4.60E-02	0
38.661	-9.066	8.60E-02	3
38.660	-9.018	7.20E-02	0
38.658	-8.971	6.30E-02	3
38.656	-8.923	5.50E-02	0
38.654	-8.877	4.30E-02	3
38.653	-8.830	3.30E-02	0
38.651	-8.784	4.30E-02	3
38.649	-8.738	5.20E-02	0
38.647	-8.692	7.00E-02	3
38.645	-8.647	4.60E-02	0
38.644	-8.602	3.30E-02	3
38.642	-8.557	2.70E-02	0
38.640	-8.513	3.30E-02	3
38.638	-8.468	3.00E-02	0
38.636	-8.424	3.00E-02	3
38.634	-8.380	2.80E-02	0
38.633	-8.336	2.70E-02	3
38.631	-8.292	2.90E-02	0
38.649	-9.211	5.90E-02	3
38.648	-9.162	7.40E-02	3
38.646	-9.115	5.80E-02	3
38.644	-9.067	7.00E-02	3
38.643	-9.019	7.10E-02	3
38.641	-8.972	6.10E-02	3
38.639	-8.924	6.20E-02	3
38.637	-8.878	5.20E-02	3
38.636	-8.831	3.70E-02	3
38.634	-8.785	3.70E-02	3
38.632	-8.739	5.40E-02	3
38.630	-8.694	7.10E-02	3
38.629	-8.648	3.90E-02	3
38.627	-8.603	2.80E-02	3
38.625	-8.558	2.80E-02	3
38.623	-8.514	3.40E-02	3
38.622	-8.470	3.00E-02	3
38.620	-8.425	3.10E-02	3
38.618	-8.381	3.00E-02	3
38.616	-8.337	2.90E-02	3
38.614	-8.293	2.80E-02	3
38.613	-8.250	2.80E-02	3
38.715	-9.215	6.40E-02	0
38.713	-9.166	7.40E-02	3
38.711	-9.119	6.30E-02	0
38.709	-9.072	4.30E-02	3
38.707	-9.024	5.80E-02	1
38.705	-8.976	8.60E-02	3
38.703	-8.929	7.50E-02	0
38.701	-8.883	4.80E-02	3
38.699	-8.836	3.60E-02	0
38.696	-8.790	4.80E-02	3
38.694	-8.744	5.90E-02	0
38.692	-8.698	6.10E-02	3
38.690	-8.652	5.90E-02	0
38.688	-8.607	6.00E-02	3
38.686	-8.562	3.80E-02	0
38.683	-8.517	4.10E-02	3
38.681	-8.473	6.30E-02	0
38.679	-8.429	5.00E-02	3
38.677	-8.386	3.10E-02	0
38.675	-8.343	3.00E-02	3
38.672	-8.299	2.40E-02	0
38.670	-8.256	2.80E-02	3
38.698	-9.217	6.80E-02	3
38.696	-9.169	5.00E-02	3
38.694	-9.121	3.80E-02	3
38.692	-9.073	4.10E-02	3
38.690	-9.025	5.50E-02	3
38.688	-8.977	6.20E-02	3
38.686	-8.930	7.30E-02	3
38.684	-8.883	4.60E-02	3
38.682	-8.837	3.60E-02	3
38.680	-8.791	5.20E-02	3
38.677	-8.745	6.20E-02	3
38.675	-8.699	5.20E-02	3
38.673	-8.653	6.20E-02	3
38.671	-8.608	5.40E-02	3
38.669	-8.563	3.50E-02	3
38.667	-8.519	3.40E-02	3
38.665	-8.474	5.00E-02	3
38.663	-8.430	4.50E-02	3
38.660	-8.386	3.40E-02	3
38.658	-8.343	3.30E-02	3
38.656	-8.300	3.00E-02	3
38.654	-8.257	3.70E-02	3
38.681	-9.218	3.10E-02	0
38.679	-9.169	5.60E-02	3
38.677	-9.121	4.30E-02	1
38.675	-9.073	5.70E-02	3
38.673	-9.026	6.10E-02	2
38.671	-8.978	6.50E-02	3
38.669	-8.931	6.40E-02	1
38.667	-8.884	5.70E-02	3
38.665	-8.838	3.90E-02	0
38.663	-8.791	4.60E-02	3
38.661	-8.746	6.00E-02	0
38.659	-8.700	6.00E-02	3
38.657	-8.654	5.10E-02	0
38.655	-8.609	4.50E-02	3
38.652	-8.564	3.60E-02	0
38.650	-8.520	3.60E-02	3
38.648	-8.475	3.80E-02	0
38.646	-8.431	3.40E-02	3
38.644	-8.387	3.30E-02	0
38.642	-8.343	3.10E-02	3
38.640	-8.300	3.10E-02	0
38.638	-8.257	3.10E-02	3
38.664	-9.218	4.60E-02	3
38.662	-9.169	7.00E-02	3
38.660	-9.122	4.70E-02	3
38.658	-9.074	8.30E-02	3
38.656	-9.026	8.10E-02	3
38.654	-8.979	6.60E-02	3
38.652	-8.932	5.80E-02	3
38.650	-8.885	4.70E-02	3
38.648	-8.839	3.40E-02	3
38.646	-8.792	3.90E-02	3
38.644	-8.746	5.10E-02	3
38.642	-8.701	7.20E-02	3
38.640	-8.655	5.00E-02	3
38.638	-8.610	2.90E-02	3
38.636	-8.565	2.70E-02	3
38.634	-8.521	3.40E-02	3
38.632	-8.477	3.10E-02	3
38.630	-8.432	3.20E-02	3
38.628	-8.388	2.90E-02	3
38.626	-8.344	2.80E-02	3
38.624	-8.301	3.00E-02	3
38.621	-8.258	3.10E-02	3
38.647	-9.219	6.10E-02	0
38.645	-9.170	7.70E-02	3
38.643	-9.123	6.10E-02	0
38.641	-9.075	6.50E-02	3
38.639	-9.027	6.70E-02	0
38.637	-8.980	5.70E-02	3
38.635	-8.932	6.20E-02	0
38.633	-8.886	6.00E-02	3
38.631	-8.839	4.50E-02	0
38.629	-8.793	3.90E-02	3
38.627	-8.747	5.40E-02	0
38.625	-8.702	7.50E-02	3
38.623	-8.656	4.50E-02	0
38.621	-8.611	3.10E-02	3
38.619	-8.566	3.10E-02	0
38.617	-8.522	3.40E-02	3
38.615	-8.478	3.10E-02	0
38.613	-8.433	3.10E-02	3
38.611	-8.389	2.90E-02	0
38.609	-8.345	2.90E-02	3
38.607	-8.301	2.80E-02	1
38.605	-8.258	2.70E-02	3
38.630	-9.220	5.80E-02	3
38.628	-9.171	7.30E-02	3
38.626	-9.123	7.60E-02	3
38.624	-9.076	6.40E-02	3
38.622	-9.028	5.70E-02	3
38.620	-8.980	5.40E-02	3
38.618	-8.933	5.50E-02	3
38.616	-8.886	6.50E-02	3
38.614	-8.840	7.00E-02	3
38.613	-8.794	6.50E-02	3
38.611	-8.748	5.80E-02	3
38.609	-8.703	7.20E-02	3
38.607	-8.658	5.00E-02	3
38.605	-8.612	3.60E-02	3
38.603	-8.567	3.00E-02	3
38.601	-8.523	3.10E-02	3
38.599	-8.479	3.20E-02	3
38.597	-8.435	3.30E-02	3
38.595	-8.390	3.00E-02	3
38.593	-8.346	2.70E-02	3
38.591	-8.302	3.00E-02	3
38.589	-8.259	2.60E-02	3
38.612	-9.221	4.10E-02	1
38.611	-9.172	6.50E-02	3
38.609	-9.124	6.00E-02	0
38.607	-9.076	7.00E-02	3
38.605	-9.028	5.20E-02	0
38.603	-8.981	5.90E-02	3
38.601	-8.934	6.20E-02	0
38.599	-8.887	6.60E-02	3
38.598	-8.841	7.50E-02	0
38.596	-8.795	7.30E-02	3
38.594	-8.749	5.00E-02	0
38.592	-8.704	5.30E-02	3
38.590	-8.659	5.00E-02	0
38.588	-8.614	3.50E-02	3
38.586	-8.569	3.60E-02	0
38.584	-8.525	3.50E-02	3
38.582	-8.480	3.20E-02	0
38.581	-8.435	3.10E-02	3
38.579	-8.391	3.10E-02	0
38.577	-8.347	2.90E-02	3
38.575	-8.304	2.80E-02	0
38.573	-8.261	2.60E-02	3
38.595	-9.222	3.00E-02	3
38.593	-9.173	4.70E-02	3
38.592	-9.125	3.70E-02	3
38.590	-9.077	6.00E-02	3
38.588	-9.029	6.10E-02	3
38.586	-8.982	7.50E-02	3
38.584	-8.934	5.80E-02	3
38.583	-8.887	6.20E-02	3
38.581	-8.842	6.10E-02	3
38.579	-8.796	6.20E-02	3
38.577	-8.751	4.60E-02	3
38.575	-8.705	4.00E-02	3
38.573	-8.659	3.30E-02	3
38.572	-8.614	3.20E-02	3
38.570	-8.569	2.90E-02	3
38.568	-8.525	3.20E-02	3
38.566	-8.481	2.80E-02	3
38.564	-8.436	2.90E-02	3
38.562	-8.392	3.00E-02	3
38.560	-8.348	3.00E-02	3
38.558	-8.305	2.70E-02	3
38.557	-8.262	2.60E-02	3
38.578	-9.223	2.70E-02	2
38.576	-9.174	3.60E-02	3
38.575	-9.125	4.30E-02	0
38.573	-9.078	7.00E-02	3
38.571	-9.030	7.40E-02	0
38.569	-8.982	6.10E-02	3
38.567	-8.934	5.60E-02	0
38.566	-8.888	5.50E-02	3
38.564	-8.843	5.20E-02	0
38.562	-8.797	4.90E-02	3
38.560	-8.752	4.50E-02	0
38.559	-8.706	3.20E-02	3
38.557	-8.660	2.90E-02	0
38.555	-8.615	3.00E-02	3
38.553	-8.570	2.70E-02	0
38.551	-8.526	2.60E-02	3
38.550	-8.482	2.90E-02	0
38.548	-8.438	3.10E-02	3
38.546	-8.393	3.10E-02	0
38.544	-8.349	3.00E-02	3
38.542	-8.306	3.00E-02	0
38.540	-8.264	2.80E-02	2
38.561	-9.224	2.20E-02	3
38.559	-9.175	3.10E-02	3
38.557	-9.126	3.70E-02	3
38.556	-9.078	7.30E-02	3
38.554	-9.031	7.30E-02	3
38.552	-8.983	5.80E-02	3
38.551	-8.934	3.50E-02	3
38.549	-8.890	5.00E-02	3
38.547	-8.844	6.20E-02	3
38.545	-8.799	5.30E-02	3
38.544	-8.753	4.20E-02	3
38.542	-8.707	3.00E-02	3
38.540	-8.661	2.90E-02	3
38.538	-8.616	3.10E-02	3
38.537	-8.571	2.80E-02	3
38.535	-8.527	2.90E-02	3
38.533	-8.484	3.10E-02	3
38.531	-8.439	3.10E-02	3
38.529	-8.395	3.10E-02	3
38.528	-8.350	2.90E-02	3
38.526	-8.308	2.80E-02	3
38.524	-8.266	2.80E-02	3
38.627	-9.227	5.40E-02	0
38.625	-9.177	7.20E-02	3
38.623	-9.129	7.90E-02	0
38.621	-9.082	7.00E-02	3
38.619	-9.034	5.80E-02	1
38.616	-8.986	5.60E-02	3
38.614	-8.939	5.50E-02	0
38.612	-8.893	6.70E-02	3
38.610	-8.846	7.40E-02	0
38.608	-8.800	7.30E-02	3
38.606	-8.754	5.70E-02	0
38.603	-8.709	6.50E-02	3
38.601	-8.664	5.90E-02	0
38.599	-8.619	3.90E-02	3
38.597	-8.574	3.30E-02	0
38.595	-8.530	3.50E-02	3
38.593	-8.485	3.30E-02	0
38.590	-8.441	3.30E-02	3
38.588	-8.396	3.10E-02	0
38.586	-8.353	2.90E-02	3
38.584	-8.309	2.80E-02	0
38.581	-8.266	2.80E-02	3
38.610	-9.228	3.60E-02	3
38.608	-9.178	6.80E-02	3
38.606	-9.130	6.00E-02	3
38.604	-9.082	7.00E-02	3
38.602	-9.035	5.50E-02	3
38.599	-8.987	6.10E-02	3
38.597	-8.940	6.20E-02	3
38.595	-8.893	6.30E-02	3
38.593	-8.847	7.00E-02	3
38.591	-8.801	7.00E-02	3
38.589	-8.755	5.10E-02	3
38.587	-8.710	4.60E-02	3
38.585	-8.665	4.20E-02	3
38.583	-8.620	3.50E-02	3
38.580	-8.575	3.50E-02	3
38.578	-8.531	3.30E-02	3
38.576	-8.486	3.00E-02	3
38.574	-8.442	3.10E-02	3
38.572	-8.397	3.10E-02	3
38.570	-8.353	3.10E-02	3
38.567	-8.310	3.00E-02	3
38.565	-8.267	2.60E-02	3
38.593	-9.228	2.70E-02	0
38.591	-9.179	4.60E-02	3
38.589	-9.131	4.10E-02	0
38.587	-9.083	6.30E-02	3
38.585	-9.036	6.40E-02	2
38.582	-8.988	7.90E-02	3
38.580	-8.940	6.00E-02	1
38.578	-8.893	6.60E-02	3
38.576	-8.848	6.20E-02	0
38.574	-8.802	6.20E-02	3
38.572	-8.757	4.90E-02	0
38.570	-8.711	3.90E-02	3
38.568	-8.665	3.30E-02	0
38.566	-8.620	3.10E-02	3
38.564	-8.575	2.80E-02	0
38.562	-8.531	3.10E-02	3
38.560	-8.487	2.90E-02	0
38.558	-8.443	3.10E-02	3
38.555	-8.398	3.10E-02	0
38.553	-8.355	3.00E-02	3
38.551	-8.311	2.90E-02	0
38.549	-8.269	2.70E-02	3
38.575	-9.229	2.50E-02	3
38.573	-9.180	3.60E-02	3
38.571	-9.131	4.10E-02	3
38.569	-9.083	7.40E-02	3
38.568	-9.036	7.60E-02	3
38.565	-8.988	5.80E-02	3
38.563	-8.940	5.10E-02	3
38.561	-8.894	4.60E-02	3
38.559	-8.849	5.10E-02	3
38.557	-8.803	4.80E-02	3
38.555	-8.758	4.70E-02	3
38.553	-8.712	3.30E-02	3
38.551	-8.666	2.90E-02	3
38.549	-8.621	3.10E-02	3
38.547	-8.576	2.80E-02	3
38.545	-8.532	2.50E-02	3
38.543	-8.488	2.90E-02	3
38.541	-8.444	3.10E-02	3
38.539	-8.400	3.20E-02	3
38.537	-8.355	3.10E-02	3
38.535	-8.313	3.10E-02	3
38.533	-8.270	2.90E-02	3
38.558	-9.230	2.30E-02	0
38.556	-9.180	3.20E-02	3
38.554	-9.132	3.20E-02	0
38.552	-9.084	6.40E-02	3
38.550	-9.037	7.10E-02	0
38.548	-8.989	5.90E-02	3
38.546	-8.940	3.00E-02	0
38.545	-8.896	5.70E-02	3
38.543	-8.850	6.80E-02	0
38.541	-8.805	5.60E-02	3
38.539	-8.759	4.40E-02	0
38.537	-8.713	3.40E-02	3
38.535	-8.667	2.80E-02	0
38.533	-8.622	3.10E-02	3
38.531	-8.578	2.80E-02	0
38.529	-8.534	2.90E-02	3
38.527	-8.490	3.20E-02	0
38.525	-8.445	3.20E-02	3
38.523	-8.401	3.00E-02	0
38.521	-8.357	3.00E-02	3
38.519	-8.314	3.00E-02	1
38.517	-8.272	2.90E-02	3
38.541	-9.231	1.60E-02	3
38.539	-9.182	3.00E-02	3
38.537	-9.133	3.00E-02	3
38.535	-9.085	3.50E-02	3
38.533	-9.037	5.60E-02	3
38.532	-8.989	5.30E-02	3
38.530	-8.941	3.10E-02	3
38.528	-8.897	8.30E-02	3
38.526	-8.851	7.60E-02	3
38.524	-8.805	6.00E-02	3
38.522	-8.760	5.00E-02	3
38.520	-8.714	3.70E-02	3
38.518	-8.668	2.90E-02	3
38.516	-8.623	3.30E-02	3
38.514	-8.579	3.10E-02	3
38.512	-8.535	3.10E-02	3
38.510	-8.491	3.10E-02	3
38.508	-8.446	3.20E-02	3
38.506	-8.402	3.10E-02	3
38.504	-8.359	2.80E-02	3
38.502	-8.315	3.00E-02	3
38.500	-8.273	3.00E-02	3
38.524	-9.232	1.50E-02	1
38.522	-9.183	2.90E-02	3
38.520	-9.134	3.00E-02	0
38.518	-9.086	3.90E-02	3
38.516	-9.038	4.70E-02	0
38.515	-8.990	4.10E-02	3
38.513	-8.944	2.60E-02	0
38.511	-8.899	4.10E-02	3
38.509	-8.852	5.50E-02	0
38.507	-8.806	5.60E-02	3
38.505	-8.761	5.00E-02	0
38.503	-8.715	3.70E-02	3
38.501	-8.669	3.00E-02	0
38.500	-8.624	3.10E-02	3
38.498	-8.580	3.00E-02	0
38.496	-8.535	3.10E-02	3
38.494	-8.492	3.00E-02	0
38.492	-8.447	3.10E-02	3
38.490	-8.403	3.00E-02	0
38.488	-8.360	3.10E-02	3
38.486	-8.317	3.20E-02	0
38.484	-8.274	3.00E-02	3
38.507	-9.233	1.70E-02	3
38.505	-9.184	3.70E-02	3
38.503	-9.135	3.00E-02	3
38.501	-9.086	3.00E-02	3
38.499	-9.038	3.40E-02	3
38.498	-8.990	3.00E-02	3
38.496	-8.944	3.70E-02	3
38.494	-8.900	5.10E-02	3
38.492	-8.853	4.40E-02	3
38.490	-8.807	6.70E-02	3
38.489	-8.762	4.80E-02	3
38.487	-8.716	4.10E-02	3
38.485	-8.670	3.20E-02	3
38.483	-8.625	3.10E-02	3
38.481	-8.581	3.20E-02	3
38.479	-8.536	3.20E-02	3
38.477	-8.492	3.00E-02	3
38.475	-8.448	2.80E-02	3
38.474	-8.405	2.80E-02	3
38.472	-8.362	2.80E-02	3
38.470	-8.318	3.00E-02	3
38.468	-8.275	3.10E-02	3
38.489	-9.234	1.80E-02	2
38.488	-9.185	3.30E-02	3
38.486	-9.135	3.40E-02	1
38.484	-9.087	4.60E-02	3
38.482	-9.038	2.50E-02	0
38.481	-8.990	2.40E-02	3
38.479	-8.947	4.20E-02	0
38.477	-8.901	6.90E-02	3
38.475	-8.854	4.30E-02	0
38.474	-8.808	5.10E-02	3
38.472	-8.763	4.00E-02	0
38.470	-8.717	4.20E-02	3
38.468	-8.671	3.10E-02	0
38.466	-8.627	3.30E-02	3
38.465	-8.582	3.30E-02	0
38.463	-8.537	3.30E-02	3
38.461	-8.493	2.90E-02	0
38.459	-8.450	2.90E-02	3
38.457	-8.407	3.00E-02	0
38.455	-8.363	2.90E-02	3
38.454	-8.319	2.90E-02	0
38.452	-8.276	3.00E-02	3
38.472	-9.235	1.70E-02	3
38.471	-9.185	3.40E-02	3
38.469	-9.135	4.20E-02	3
38.467	-9.087	5.80E-02	3
38.465	-9.038	3.10E-02	3
38.464	-8.993	2.50E-02	3
38.462	-8.948	1.60E-02	3
38.460	-8.902	5.00E-02	3
38.459	-8.855	5.50E-02	3
38.457	-8.809	3.20E-02	3
38.455	-8.764	3.60E-02	3
38.453	-8.718	4.10E-02	3
38.452	-8.672	3.10E-02	3
38.450	-8.628	3.70E-02	3
38.448	-8.583	2.90E-02	3
38.446	-8.539	3.20E-02	3
38.445	-8.495	3.00E-02	3
38.443	-8.451	3.30E-02	3
38.441	-8.408	3.20E-02	3
38.439	-8.364	3.00E-02	3
38.437	-8.321	2.90E-02	3
38.435	-8.278	2.90E-02	3
38.539	-9.239	1.80E-02	2
38.536	-9.190	2.80E-02	3
38.534	-9.142	3.10E-02	0
38.532	-9.093	3.00E-02	3
38.530	-9.045	5.00E-02	0
38.528	-8.998	5.50E-02	3
38.526	-8.951	2.60E-02	0
38.524	-8.905	6.70E-02	3
38.521	-8.859	7.70E-02	0
38.519	-8.814	5.80E-02	3
38.517	-8.768	5.00E-02	0
38.515	-8.723	4.10E-02	3
38.513	-8.677	2.90E-02	0
38.511	-8.631	3.20E-02	3
38.508	-8.587	3.10E-02	0
38.506	-8.543	3.00E-02	3
38.504	-8.499	3.10E-02	0
38.502	-8.454	3.20E-02	3
38.500	-8.411	3.10E-02	0
38.497	-8.367	3.10E-02	3
38.495	-8.324	3.20E-02	0
38.493	-8.281	3.10E-02	3
38.521	-9.240	2.00E-02	3
38.519	-9.191	3.20E-02	3
38.517	-9.143	3.00E-02	3
38.515	-9.094	3.50E-02	3
38.513	-9.046	4.50E-02	3
38.511	-8.998	3.80E-02	3
38.509	-8.952	2.20E-02	3
38.507	-8.907	3.10E-02	3
38.505	-8.861	4.40E-02	3
38.502	-8.814	5.80E-02	3
38.500	-8.769	5.00E-02	3
38.498	-8.723	3.90E-02	3
38.496	-8.678	3.10E-02	3
38.494	-8.632	3.10E-02	3
38.492	-8.588	3.20E-02	3
38.490	-8.543	3.20E-02	3
38.488	-8.499	3.20E-02	3
38.485	-8.455	3.20E-02	3
38.483	-8.412	3.00E-02	3
38.481	-8.369	2.90E-02	3
38.479	-8.325	3.00E-02	3
38.477	-8.282	3.30E-02	3
38.504	-9.241	1.90E-02	0
38.502	-9.192	3.60E-02	3
38.500	-9.143	3.40E-02	0
38.498	-9.094	2.70E-02	3
38.496	-9.046	2.90E-02	0
38.494	-8.998	2.40E-02	3
38.492	-8.951	3.40E-02	0
38.490	-8.908	5.50E-02	3
38.488	-8.862	3.90E-02	0
38.486	-8.815	5.80E-02	3
38.484	-8.770	4.80E-02	0
38.482	-8.724	4.10E-02	3
38.479	-8.679	3.20E-02	0
38.477	-8.634	3.30E-02	3
38.475	-8.589	3.50E-02	0
38.473	-8.544	3.30E-02	3
38.471	-8.500	3.10E-02	0
38.469	-8.456	2.80E-02	3
38.467	-8.414	3.00E-02	0
38.465	-8.370	2.80E-02	3
38.463	-8.326	3.10E-02	0
38.460	-8.283	3.20E-02	3
38.487	-9.242	2.00E-02	3
38.485	-9.193	3.30E-02	3
38.483	-9.143	3.50E-02	3
38.481	-9.094	5.30E-02	3
38.479	-9.047	2.40E-02	3
38.477	-8.998	2.10E-02	3
38.475	-8.955	3.20E-02	3
38.473	-8.909	5.70E-02	3
38.471	-8.862	4.00E-02	3
38.469	-8.816	3.50E-02	3
38.467	-8.771	3.80E-02	3
38.465	-8.725	4.00E-02	3
38.463	-8.680	2.90E-02	3
38.461	-8.635	3.30E-02	3
38.459	-8.590	3.30E-02	3
38.457	-8.545	3.40E-02	3
38.455	-8.502	3.10E-02	3
38.453	-8.458	3.20E-02	3
38.451	-8.415	3.30E-02	3
38.448	-8.371	3.40E-02	3
38.446	-8.328	3.10E-02	3
38.444	-8.284	3.00E-02	3
38.470	-9.242	2.00E-02	0
38.468	-9.193	3.20E-02	3
38.466	-9.143	3.70E-02	0
38.464	-9.094	4.60E-02	3
38.462	-9.047	2.20E-02	0
38.460	-9.001	2.40E-02	3
38.458	-8.956	1.20E-02	0
38.456	-8.910	2.20E-02	3
38.454	-8.863	5.30E-02	0
38.452	-8.817	3.40E-02	3
38.450	-8.772	3.70E-02	0
38.448	-8.726	4.10E-02	3
38.446	-8.681	3.00E-02	0
38.444	-8.636	3.90E-02	3
38.442	-8.591	3.10E-02	0
38.440	-8.547	3.10E-02	3
38.438	-8.503	3.10E-02	0
38.436	-8.459	3.30E-02	3
38.434	-8.416	3.20E-02	0
38.432	-8.373	2.80E-02	3
38.430	-8.330	3.00E-02	0
38.428	-8.287	2.70E-02	3
38.453	-9.243	2.50E-02	3
38.451	-9.193	2.50E-02	3
38.449	-9.143	3.30E-02	3
38.447	-9.095	4.70E-02	3
38.445	-9.048	3.60E-02	3
38.443	-9.004	2.10E-02	3
38.441	-8.957	2.10E-02	3
38.439	-8.911	2.60E-02	3
38.437	-8.864	4.10E-02	3
38.435	-8.818	4.50E-02	3
38.433	-8.773	4.00E-02	3
38.432	-8.727	4.10E-02	3
38.430	-8.682	4.10E-02	3
38.428	-8.637	4.00E-02	3
38.426	-8.592	3.40E-02	3
38.424	-8.548	3.60E-02	3
38.422	-8.504	3.30E-02	3
38.420	-8.460	3.10E-02	3
38.418	-8.417	3.60E-02	3
38.416	-8.373	2.70E-02	3
38.414	-8.331	2.90E-02	3
38.412	-8.287	3.30E-02	3
38.435	-9.244	2.50E-02	0
38.433	-9.194	2.90E-02	3
38.432	-9.145	3.10E-02	0
38.430	-9.099	2.60E-02	3
38.428	-9.052	2.00E-02	0
38.426	-9.005	1.70E-02	3
38.424	-8.958	1.70E-02	0
38.422	-8.911	1.70E-02	3
38.421	-8.865	1.00E-02	0
38.419	-8.819	4.30E-02	3
38.417	-8.774	4.60E-02	0
38.415	-8.728	5.40E-02	3
38.413	-8.683	5.10E-02	0
38.411	-8.638	4.70E-02	3
38.409	-8.594	5.00E-02	0
38.407	-8.550	4.40E-02	3
38.405	-8.505	3.70E-02	0
38.403	-8.462	3.90E-02	3
38.401	-8.418	3.80E-02	0
38.399	-8.374	3.10E-02	3
38.398	-8.332	3.30E-02	0
38.396	-8.289	3.40E-02	3
38.418	-9.245	2.50E-02	3
38.416	-9.195	2.60E-02	3
38.415	-9.148	1.80E-02	3
38.413	-9.101	1.70E-02	3
38.411	-9.053	1.80E-02	3
38.409	-9.006	1.80E-02	3
38.407	-8.959	1.70E-02	3
38.406	-8.912	1.60E-02	3
38.404	-8.866	1.40E-02	3
38.402	-8.820	3.60E-02	3
38.400	-8.774	5.10E-02	3
38.398	-8.729	8.10E-02	3
38.396	-8.684	7.60E-02	3
38.394	-8.639	4.90E-02	3
38.393	-8.594	4.60E-02	3
38.391	-8.550	4.70E-02	3
38.389	-8.506	4.60E-02	3
38.387	-8.463	4.60E-02	3
38.385	-8.419	3.50E-02	3
38.383	-8.375	3.50E-02	3
38.381	-8.332	3.30E-02	3
38.379	-8.290	3.10E-02	3
38.401	-9.246	2.10E-02	0
38.399	-9.197	1.90E-02	3
38.398	-9.149	1.80E-02	0
38.396	-9.101	1.80E-02	2
38.394	-9.054	2.00E-02	0
38.392	-9.007	1.90E-02	2
38.390	-8.960	1.70E-02	0
38.389	-8.913	1.60E-02	3
38.387	-8.867	1.40E-02	0
38.385	-8.821	3.00E-02	3
38.383	-8.775	4.80E-02	0
38.382	-8.730	6.40E-02	3
38.380	-8.684	6.90E-02	0
38.378	-8.640	5.10E-02	3
38.376	-8.595	4.70E-02	0
38.374	-8.551	5.30E-02	3
38.372	-8.508	5.80E-02	0
38.371	-8.464	4.10E-02	3
38.369	-8.419	3.40E-02	0
38.367	-8.376	3.80E-02	3
38.365	-8.333	3.20E-02	0
38.363	-8.291	3.40E-02	3
38.384	-9.247	2.30E-02	3
38.382	-9.198	2.10E-02	3
38.380	-9.150	1.90E-02	3
38.379	-9.102	2.00E-02	3
38.377	-9.055	2.10E-02	3
38.375	-9.008	2.00E-02	3
38.374	-8.961	1.80E-02	3
38.372	-8.914	1.60E-02	3
38.370	-8.868	1.50E-02	3
38.368	-8.822	2.40E-02	3
38.367	-8.776	4.80E-02	3
38.365	-8.731	5.80E-02	3
38.363	-8.685	7.40E-02	3
38.361	-8.640	5.60E-02	3
38.360	-8.596	5.30E-02	3
38.358	-8.552	4.50E-02	3
38.356	-8.509	4.40E-02	3
38.354	-8.464	3.80E-02	3
38.352	-8.420	3.60E-02	3
38.350	-8.377	3.30E-02	3
38.450	-9.249	1.80E-02	2
38.448	-9.200	2.80E-02	3
38.445	-9.149	3.60E-02	0
38.443	-9.102	4.80E-02	3
38.441	-9.055	3.70E-02	0
38.439	-9.010	2.30E-02	3
38.437	-8.963	2.10E-02	0
38.435	-8.917	2.30E-02	3
38.433	-8.870	3.20E-02	0
38.430	-8.824	4.70E-02	3
38.428	-8.779	4.40E-02	0
38.426	-8.734	4.50E-02	3
38.424	-8.689	4.30E-02	0
38.422	-8.644	4.50E-02	3
38.420	-8.599	4.20E-02	0
38.417	-8.555	4.00E-02	3
38.415	-8.510	3.70E-02	0
38.413	-8.467	3.40E-02	3
38.411	-8.424	4.10E-02	0
38.409	-8.380	3.00E-02	3
38.406	-8.337	3.20E-02	0
38.404	-8.294	3.50E-02	3
38.402	-8.251	3.20E-02	0
38.430	-9.200	2.90E-02	3
38.428	-9.152	2.90E-02	3
38.426	-9.106	2.40E-02	3
38.424	-9.058	1.80E-02	3
38.422	-9.011	1.90E-02	3
38.420	-8.964	1.80E-02	3
38.418	-8.918	1.70E-02	3
38.416	-8.871	1.70E-02	3
38.414	-8.825	3.90E-02	3
38.412	-8.780	4.70E-02	3
38.409	-8.734	6.00E-02	3
38.407	-8.689	6.00E-02	3
38.405	-8.645	4.80E-02	3
38.403	-8.600	4.60E-02	3
38.401	-8.556	4.50E-02	3
38.399	-8.511	4.40E-02	3
38.397	-8.468	4.30E-02	3
38.394	-8.425	4.00E-02	3
38.392	-8.380	3.30E-02	3
38.390	-8.338	3.40E-02	3
38.388	-8.295	3.30E-02	3
38.386	-8.252	3.30E-02	3
38.413	-9.202	2.70E-02	3
38.411	-9.154	2.00E-02	0
38.409	-9.107	1.80E-02	3
38.407	-9.059	1.90E-02	0
38.405	-9.012	1.90E-02	3
38.403	-8.965	1.70E-02	0
38.401	-8.918	1.70E-02	3
38.399	-8.872	1.60E-02	0
38.397	-8.826	3.20E-02	3
38.395	-8.781	5.30E-02	0
38.393	-8.735	8.60E-02	3
38.391	-8.690	9.00E-02	0
38.389	-8.645	5.10E-02	3
38.386	-8.601	4.80E-02	0
38.384	-8.556	4.90E-02	3
38.382	-8.512	5.10E-02	0
38.380	-8.469	4.60E-02	3
38.378	-8.425	3.50E-02	0
38.376	-8.381	3.80E-02	3
38.374	-8.338	3.20E-02	0
38.372	-8.296	3.10E-02	3
38.369	-8.253	3.50E-02	0
38.396	-9.203	2.10E-02	3
38.394	-9.155	1.90E-02	3
38.392	-9.107	2.00E-02	3
38.390	-9.060	2.10E-02	3
38.388	-9.013	2.10E-02	3
38.386	-8.966	1.90E-02	3
38.384	-8.919	1.70E-02	3
38.382	-8.873	1.50E-02	3
38.380	-8.827	3.00E-02	3
38.378	-8.781	5.50E-02	3
38.376	-8.736	6.00E-02	3
38.374	-8.690	6.90E-02	3
38.372	-8.646	5.70E-02	3
38.370	-8.601	4.70E-02	3
38.368	-8.557	5.00E-02	3
38.366	-8.514	5.50E-02	3
38.364	-8.470	4.00E-02	3
38.362	-8.425	3.70E-02	3
38.360	-8.382	3.70E-02	3
38.357	-8.340	3.20E-02	3
38.355	-8.298	3.40E-02	3
38.353	-8.254	3.30E-02	3
38.379	-9.204	2.00E-02	3
38.377	-9.156	1.80E-02	0
38.375	-9.108	1.90E-02	3
38.373	-9.061	2.00E-02	0
38.371	-9.014	2.00E-02	3
38.369	-8.967	1.80E-02	0
38.367	-8.920	1.60E-02	3
38.365	-8.874	1.40E-02	0
38.363	-8.828	2.20E-02	3
38.361	-8.782	4.60E-02	0
38.359	-8.737	6.20E-02	3
38.357	-8.691	7.20E-02	0
38.355	-8.646	5.50E-02	3
38.353	-8.602	5.30E-02	0
38.351	-8.558	4.70E-02	3
38.362	-9.205	2.10E-02	3
38.360	-9.157	1.90E-02	3
38.358	-9.109	2.10E-02	3
38.356	-9.062	2.20E-02	3
38.354	-9.015	2.10E-02	3
38.352	-8.968	2.00E-02	3
38.350	-8.921	1.80E-02	3
38.359	-9.213	2.20E-02	3
38.357	-9.165	2.00E-02	0
38.355	-9.117	2.20E-02	3
38.353	-9.070	2.30E-02	0
38.351	-9.023	2.20E-02	3
