39.349	-8.515	5.90E-02	0
39.347	-8.479	5.50E-02	2
39.345	-8.442	3.10E-02	0
39.343	-8.406	3.60E-02	2
39.341	-8.372	3.40E-02	0
39.340	-8.337	8.00E-02	2
39.338	-8.302	1.19E-01	0
39.336	-8.267	1.00E-01	2
39.349	-8.807	4.20E-02	0
39.347	-8.769	5.20E-02	3
39.345	-8.732	5.10E-02	0
39.343	-8.696	6.00E-02	3
39.341	-8.660	6.10E-02	0
39.340	-8.624	6.00E-02	3
39.338	-8.588	5.90E-02	0
39.336	-8.552	6.50E-02	3
39.334	-8.517	5.60E-02	0
39.332	-8.481	7.90E-02	3
39.330	-8.444	7.50E-02	0
39.328	-8.408	4.00E-02	3
39.327	-8.374	4.50E-02	0
39.325	-8.339	1.01E-01	3
39.323	-8.304	5.70E-02	0
39.321	-8.269	4.60E-02	3
39.348	-8.487	5.70E-02	2
39.346	-8.450	3.60E-02	0
39.344	-8.414	3.50E-02	2
39.342	-8.379	3.50E-02	0
39.340	-8.344	6.60E-02	2
39.338	-8.310	1.24E-01	0
39.336	-8.275	1.02E-01	2
39.350	-8.777	4.70E-02	3
39.348	-8.739	5.00E-02	0
39.346	-8.703	5.70E-02	3
39.344	-8.667	6.00E-02	0
39.342	-8.631	6.00E-02	3
39.340	-8.595	5.80E-02	0
39.338	-8.560	7.10E-02	3
39.336	-8.524	5.60E-02	0
39.333	-8.488	7.60E-02	3
39.331	-8.452	8.40E-02	0
39.329	-8.416	3.50E-02	3
39.327	-8.381	4.60E-02	0
39.325	-8.346	8.60E-02	3
39.323	-8.311	1.10E-01	0
39.321	-8.276	6.80E-02	3
39.349	-9.041	4.00E-02	0
39.347	-9.002	7.00E-02	2
39.345	-8.965	5.10E-02	0
39.343	-8.927	4.80E-02	2
39.341	-8.889	6.10E-02	0
39.339	-8.853	8.60E-02	2
39.337	-8.816	4.80E-02	0
39.335	-8.777	5.80E-02	2
39.333	-8.740	5.00E-02	0
39.331	-8.704	6.00E-02	2
39.329	-8.668	6.40E-02	0
39.327	-8.632	6.10E-02	2
39.325	-8.597	5.90E-02	0
39.323	-8.561	6.50E-02	2
39.321	-8.525	6.90E-02	0
39.319	-8.489	6.60E-02	2
39.316	-8.454	4.80E-02	0
39.314	-8.418	5.30E-02	2
39.312	-8.383	4.20E-02	0
39.310	-8.347	7.40E-02	2
39.308	-8.312	4.40E-02	0
39.306	-8.277	4.80E-02	2
39.343	-9.238	8.80E-02	3
39.341	-9.200	7.80E-02	0
39.339	-9.159	1.48E-01	3
39.337	-9.120	6.00E-02	0
39.335	-9.081	4.30E-02	3
39.333	-9.042	7.40E-02	0
39.331	-9.004	3.80E-02	3
39.329	-8.966	5.10E-02	0
39.327	-8.929	5.80E-02	3
39.325	-8.891	5.30E-02	0
39.323	-8.854	4.70E-02	3
39.321	-8.817	4.50E-02	0
39.319	-8.779	5.80E-02	3
39.317	-8.742	5.30E-02	0
39.315	-8.706	5.10E-02	2
39.313	-8.670	7.20E-02	0
39.312	-8.634	6.10E-02	3
39.310	-8.598	5.50E-02	0
39.308	-8.562	6.30E-02	3
39.306	-8.526	6.30E-02	0
39.303	-8.490	4.10E-02	3
39.301	-8.454	6.60E-02	0
39.299	-8.419	4.00E-02	3
39.297	-8.383	4.90E-02	0
39.295	-8.348	8.10E-02	3
39.293	-8.313	5.00E-02	0
39.291	-8.278	8.30E-02	3
39.327	-9.239	2.04E-01	3
39.326	-9.201	1.05E-01	0
39.324	-9.160	1.44E-01	2
39.322	-9.120	1.39E-01	0
39.320	-9.082	5.70E-02	2
39.318	-9.044	5.20E-02	0
39.316	-9.005	4.90E-02	2
39.314	-8.967	8.20E-02	0
39.312	-8.930	6.00E-02	2
39.310	-8.892	9.70E-02	0
39.308	-8.855	6.00E-02	2
39.306	-8.817	8.10E-02	0
39.304	-8.780	5.60E-02	2
39.302	-8.743	6.00E-02	0
39.300	-8.707	5.40E-02	2
39.298	-8.671	5.70E-02	0
39.296	-8.635	6.80E-02	2
39.294	-8.599	6.10E-02	0
39.293	-8.563	5.70E-02	2
39.291	-8.527	5.90E-02	0
39.288	-8.490	3.80E-02	2
39.286	-8.454	3.20E-02	0
39.285	-8.419	3.30E-02	2
39.283	-8.384	9.70E-02	0
39.281	-8.349	3.70E-02	2
39.279	-8.314	5.70E-02	0
39.277	-8.280	7.50E-02	2
39.312	-9.239	2.41E-01	3
39.310	-9.201	2.05E-01	0
39.308	-9.161	9.70E-02	3
39.306	-9.121	2.16E-01	0
39.304	-9.083	7.20E-02	3
39.302	-9.045	5.40E-02	0
39.300	-9.006	4.80E-02	3
39.298	-8.968	4.50E-02	0
39.297	-8.931	6.40E-02	3
39.295	-8.894	6.80E-02	0
39.293	-8.856	5.20E-02	3
39.291	-8.818	5.60E-02	0
39.289	-8.782	5.50E-02	2
39.287	-8.745	5.80E-02	0
39.285	-8.709	5.60E-02	2
39.283	-8.672	5.90E-02	0
39.281	-8.636	5.30E-02	2
39.279	-8.601	5.70E-02	0
39.277	-8.564	6.70E-02	3
39.276	-8.528	4.40E-02	0
39.274	-8.492	3.70E-02	3
39.272	-8.456	6.30E-02	0
39.270	-8.420	8.30E-02	2
39.268	-8.385	4.70E-02	0
39.266	-8.351	4.90E-02	2
39.264	-8.316	9.50E-02	0
39.262	-8.281	6.20E-02	2
39.296	-9.240	2.75E-01	3
39.294	-9.201	2.67E-01	0
39.292	-9.163	1.47E-01	3
39.291	-9.124	7.60E-02	0
39.289	-9.084	7.80E-02	3
39.287	-9.046	1.06E-01	0
39.285	-9.007	5.60E-02	3
39.283	-8.969	5.80E-02	0
39.281	-8.932	4.70E-02	3
39.279	-8.895	4.30E-02	0
39.277	-8.858	5.20E-02	2
39.276	-8.820	6.00E-02	0
39.274	-8.783	5.50E-02	2
39.272	-8.747	5.60E-02	0
39.270	-8.710	5.30E-02	2
39.268	-8.674	5.50E-02	0
39.266	-8.638	5.70E-02	3
39.264	-8.602	7.10E-02	0
39.262	-8.565	8.00E-02	3
39.260	-8.529	4.90E-02	0
39.259	-8.493	4.20E-02	2
39.257	-8.457	4.60E-02	0
39.255	-8.422	4.90E-02	2
39.253	-8.387	7.40E-02	0
39.251	-8.352	5.70E-02	2
39.249	-8.317	7.30E-02	0
39.247	-8.283	9.60E-02	2
39.280	-9.241	2.73E-01	3
39.279	-9.203	2.68E-01	0
39.277	-9.165	2.47E-01	2
39.275	-9.125	9.70E-02	0
39.273	-9.086	1.67E-01	3
39.271	-9.047	7.80E-02	0
39.269	-9.009	4.70E-02	3
39.268	-8.971	9.90E-02	0
39.266	-8.934	4.50E-02	3
39.264	-8.896	6.90E-02	0
39.262	-8.859	4.70E-02	2
39.260	-8.821	5.40E-02	0
39.258	-8.785	4.30E-02	2
39.257	-8.748	5.10E-02	0
39.255	-8.711	6.80E-02	2
39.253	-8.675	5.50E-02	0
39.251	-8.639	5.20E-02	2
39.249	-8.603	6.60E-02	0
39.247	-8.567	7.10E-02	2
39.245	-8.530	5.20E-02	0
39.244	-8.494	4.40E-02	2
39.242	-8.458	3.80E-02	0
39.240	-8.423	9.20E-02	2
39.238	-8.388	4.70E-02	0
39.236	-8.354	4.70E-02	2
39.234	-8.319	7.60E-02	0
39.232	-8.284	4.10E-02	2
39.231	-8.250	4.40E-02	0
39.333	-9.245	1.81E-01	2
39.330	-9.207	1.80E-01	0
39.328	-9.166	1.47E-01	2
39.326	-9.126	7.50E-02	0
39.324	-9.088	5.80E-02	2
39.322	-9.050	5.00E-02	0
39.320	-9.011	4.70E-02	2
39.317	-8.973	7.60E-02	0
39.315	-8.936	6.50E-02	3
39.313	-8.898	9.40E-02	0
39.311	-8.861	8.80E-02	2
39.309	-8.824	5.50E-02	0
39.307	-8.786	5.70E-02	2
39.304	-8.749	6.00E-02	0
39.302	-8.713	5.60E-02	2
39.300	-8.677	5.40E-02	0
39.298	-8.641	6.70E-02	2
39.296	-8.605	5.80E-02	0
39.294	-8.570	5.30E-02	2
39.292	-8.534	5.60E-02	0
39.289	-8.497	4.10E-02	2
39.287	-8.461	3.30E-02	0
39.285	-8.425	3.10E-02	2
39.283	-8.390	5.60E-02	0
39.281	-8.356	3.80E-02	2
39.278	-8.321	4.30E-02	0
39.276	-8.286	4.80E-02	2
39.274	-8.252	8.90E-02	0
39.317	-9.245	2.48E-01	3
39.315	-9.207	1.95E-01	0
39.313	-9.167	1.66E-01	3
39.310	-9.127	1.98E-01	0
39.308	-9.089	6.90E-02	3
39.306	-9.051	5.90E-02	0
39.304	-9.012	8.20E-02	3
39.302	-8.974	4.50E-02	0
39.300	-8.937	8.30E-02	2
39.298	-8.900	6.60E-02	0
39.296	-8.862	5.70E-02	2
39.293	-8.824	5.80E-02	0
39.291	-8.788	5.50E-02	2
39.289	-8.751	5.80E-02	0
39.287	-8.715	5.70E-02	2
39.285	-8.678	5.50E-02	0
39.283	-8.642	5.10E-02	2
39.281	-8.607	5.40E-02	0
39.279	-8.571	6.30E-02	2
39.277	-8.535	4.70E-02	0
39.274	-8.498	4.00E-02	2
39.272	-8.462	5.90E-02	0
39.270	-8.427	8.00E-02	2
39.268	-8.391	5.20E-02	0
39.266	-8.357	4.60E-02	2
39.264	-8.322	9.60E-02	0
39.262	-8.288	9.50E-02	2
39.259	-8.253	5.00E-02	0
39.301	-9.246	2.57E-01	2
39.299	-9.207	2.68E-01	0
39.297	-9.169	1.56E-01	2
39.295	-9.129	1.87E-01	0
39.293	-9.090	8.10E-02	2
39.291	-9.051	5.60E-02	0
39.289	-9.012	9.70E-02	2
39.287	-8.975	9.30E-02	0
39.285	-8.938	5.50E-02	2
39.282	-8.901	5.40E-02	0
39.280	-8.864	5.10E-02	2
39.278	-8.826	5.60E-02	0
39.276	-8.789	5.60E-02	2
39.274	-8.752	5.50E-02	0
39.272	-8.716	5.20E-02	2
39.270	-8.680	5.30E-02	0
39.268	-8.644	5.60E-02	2
39.266	-8.608	6.60E-02	0
39.264	-8.572	8.40E-02	2
39.262	-8.535	5.20E-02	0
39.259	-8.499	4.10E-02	2
39.257	-8.463	4.70E-02	0
39.255	-8.428	6.40E-02	2
39.253	-8.393	7.00E-02	0
39.251	-8.359	8.70E-02	2
39.249	-8.324	5.50E-02	0
39.247	-8.289	9.50E-02	2
39.245	-8.255	1.00E-01	0
39.285	-9.247	2.98E-01	3
39.283	-9.208	2.83E-01	0
39.281	-9.170	2.18E-01	2
39.279	-9.131	1.69E-01	0
39.277	-9.092	1.72E-01	3
39.275	-9.053	8.20E-02	0
39.273	-9.015	5.30E-02	3
39.271	-8.976	1.04E-01	0
39.269	-8.939	4.40E-02	3
39.267	-8.902	7.30E-02	0
39.265	-8.865	4.70E-02	2
39.263	-8.827	5.80E-02	0
39.261	-8.791	4.70E-02	2
39.259	-8.754	5.20E-02	0
39.257	-8.717	6.20E-02	2
39.255	-8.681	6.20E-02	0
39.253	-8.645	4.80E-02	2
39.251	-8.609	6.40E-02	0
39.249	-8.573	8.20E-02	2
39.246	-8.536	5.60E-02	0
39.244	-8.500	4.30E-02	2
39.242	-8.465	3.90E-02	0
39.240	-8.429	8.60E-02	2
39.238	-8.394	5.10E-02	0
39.236	-8.360	4.60E-02	2
39.234	-8.325	7.10E-02	0
39.232	-8.290	4.20E-02	2
39.230	-8.256	4.40E-02	0
39.270	-9.248	1.91E-01	2
39.268	-9.209	2.86E-01	0
39.266	-9.171	2.94E-01	2
39.264	-9.132	2.32E-01	0
39.262	-9.093	1.19E-01	2
39.260	-9.054	6.20E-02	0
39.258	-9.015	1.06E-01	2
39.256	-8.978	4.60E-02	0
39.254	-8.940	3.50E-02	2
39.252	-8.903	4.10E-02	0
39.250	-8.865	5.30E-02	2
39.248	-8.828	5.20E-02	0
39.246	-8.792	4.20E-02	2
39.244	-8.755	4.00E-02	0
39.242	-8.718	5.60E-02	2
39.240	-8.682	7.10E-02	0
39.238	-8.646	4.90E-02	2
39.236	-8.610	5.70E-02	0
39.234	-8.574	7.30E-02	2
39.232	-8.538	5.20E-02	0
39.229	-8.502	3.70E-02	2
39.227	-8.466	6.10E-02	0
39.225	-8.431	6.00E-02	2
39.223	-8.396	5.10E-02	0
39.221	-8.361	5.40E-02	2
39.219	-8.326	9.10E-02	0
39.217	-8.292	5.00E-02	2
39.215	-8.257	4.80E-02	0
39.254	-9.250	2.26E-01	2
39.252	-9.210	2.74E-01	0
39.250	-9.172	3.57E-01	2
39.248	-9.133	2.52E-01	0
39.246	-9.094	1.25E-01	3
39.244	-9.055	1.40E-01	0
39.242	-9.016	1.10E-01	2
39.240	-8.979	6.00E-02	0
39.238	-8.942	4.70E-02	3
39.236	-8.904	4.20E-02	0
39.234	-8.866	5.40E-02	3
39.232	-8.830	4.40E-02	0
39.230	-8.793	4.20E-02	2
39.228	-8.756	4.30E-02	0
39.227	-8.720	5.80E-02	2
39.224	-8.683	5.40E-02	0
39.223	-8.648	6.50E-02	2
39.221	-8.611	7.10E-02	0
39.219	-8.575	6.60E-02	2
39.216	-8.539	4.80E-02	0
39.214	-8.503	4.60E-02	2
39.212	-8.468	5.20E-02	0
39.210	-8.432	5.60E-02	2
39.208	-8.397	4.70E-02	0
39.206	-8.362	4.10E-02	2
39.204	-8.328	4.50E-02	0
39.202	-8.293	6.30E-02	2
39.200	-8.258	4.20E-02	0
39.237	-9.212	2.65E-01	0
39.235	-9.173	3.05E-01	2
39.233	-9.134	3.04E-01	0
39.231	-9.095	1.68E-01	2
39.229	-9.056	1.12E-01	0
39.227	-9.017	4.50E-02	2
39.225	-8.980	5.10E-02	0
39.223	-8.943	4.20E-02	2
39.221	-8.906	4.50E-02	0
39.219	-8.868	4.50E-02	2
39.217	-8.831	5.80E-02	0
39.215	-8.794	4.60E-02	2
39.213	-8.757	4.30E-02	0
39.211	-8.721	6.00E-02	2
39.209	-8.685	6.70E-02	0
39.207	-8.649	6.90E-02	2
39.205	-8.612	8.00E-02	0
39.203	-8.576	7.00E-02	2
39.201	-8.540	6.10E-02	0
39.199	-8.504	6.80E-02	2
39.198	-8.469	5.50E-02	0
39.196	-8.434	8.60E-02	2
39.194	-8.399	6.10E-02	0
39.192	-8.364	4.90E-02	2
39.190	-8.329	5.00E-02	0
39.188	-8.294	4.40E-02	2
39.186	-8.260	3.90E-02	0
39.221	-9.213	2.72E-01	0
39.219	-9.174	3.22E-01	2
39.217	-9.135	3.01E-01	0
39.215	-9.096	8.90E-02	2
39.213	-9.056	5.40E-02	0
39.211	-9.017	3.40E-02	2
39.209	-8.981	7.80E-02	0
39.208	-8.944	8.70E-02	3
39.206	-8.907	6.40E-02	0
39.204	-8.869	4.60E-02	3
39.202	-8.832	4.20E-02	0
39.200	-8.795	4.20E-02	2
39.198	-8.758	5.70E-02	0
39.196	-8.722	6.50E-02	2
39.194	-8.686	5.90E-02	0
39.192	-8.650	6.40E-02	2
39.190	-8.613	8.50E-02	0
39.188	-8.577	7.60E-02	2
39.186	-8.541	6.40E-02	0
39.185	-8.506	5.20E-02	2
39.183	-8.471	5.60E-02	0
39.181	-8.435	5.50E-02	2
39.179	-8.400	4.90E-02	0
39.177	-8.365	4.80E-02	2
39.175	-8.330	4.40E-02	0
39.173	-8.296	3.90E-02	2
39.171	-8.261	5.10E-02	0
39.205	-9.214	1.85E-01	0
39.203	-9.175	2.29E-01	2
39.202	-9.136	3.51E-01	0
39.200	-9.097	2.73E-01	2
39.198	-9.055	1.65E-01	0
39.196	-9.017	2.70E-02	2
39.194	-8.982	4.10E-02	0
39.192	-8.945	6.40E-02	2
39.190	-8.908	4.80E-02	0
39.188	-8.870	4.30E-02	2
39.187	-8.832	4.10E-02	0
39.185	-8.796	5.90E-02	2
39.183	-8.759	5.90E-02	0
39.181	-8.724	6.80E-02	2
39.179	-8.687	5.30E-02	0
39.177	-8.651	6.10E-02	2
39.175	-8.615	7.00E-02	0
39.173	-8.578	7.90E-02	2
39.171	-8.542	5.70E-02	0
39.170	-8.507	8.90E-02	2
39.168	-8.471	4.40E-02	0
39.166	-8.436	4.50E-02	2
39.164	-8.401	7.10E-02	0
39.162	-8.366	4.80E-02	2
39.160	-8.331	4.30E-02	0
39.158	-8.297	4.40E-02	2
39.156	-8.262	5.00E-02	0
39.190	-9.215	2.94E-01	0
39.188	-9.176	7.60E-02	2
39.186	-9.137	1.85E-01	0
39.184	-9.096	2.96E-01	2
39.182	-9.053	5.70E-02	0
39.180	-9.020	3.00E-02	2
39.179	-8.984	4.00E-02	0
39.177	-8.946	4.10E-02	2
39.175	-8.908	3.80E-02	0
39.173	-8.871	5.40E-02	2
39.171	-8.834	5.70E-02	0
39.169	-8.798	6.70E-02	2
39.168	-8.761	1.04E-01	0
39.166	-8.725	8.90E-02	2
39.164	-8.689	7.20E-02	0
39.162	-8.652	6.80E-02	2
39.160	-8.616	6.90E-02	0
39.158	-8.579	4.40E-02	2
39.156	-8.544	6.90E-02	0
39.155	-8.508	8.00E-02	3
39.153	-8.472	5.10E-02	0
39.151	-8.437	4.20E-02	2
39.149	-8.402	6.90E-02	0
39.147	-8.367	4.90E-02	2
39.145	-8.333	4.00E-02	0
39.143	-8.298	4.70E-02	2
39.141	-8.264	5.40E-02	0
39.242	-9.219	2.43E-01	0
39.240	-9.180	2.93E-01	2
39.238	-9.141	3.23E-01	0
39.235	-9.102	9.60E-02	2
39.233	-9.064	1.46E-01	0
39.231	-9.024	6.10E-02	2
39.229	-8.987	5.30E-02	0
39.227	-8.950	4.60E-02	2
39.225	-8.913	4.20E-02	0
39.222	-8.875	4.90E-02	2
39.220	-8.838	4.80E-02	0
39.218	-8.801	4.50E-02	2
39.216	-8.764	4.30E-02	0
39.214	-8.728	5.30E-02	2
39.212	-8.692	5.40E-02	0
39.209	-8.656	6.30E-02	2
39.207	-8.620	7.80E-02	0
39.205	-8.584	7.10E-02	2
39.203	-8.547	6.40E-02	0
39.201	-8.511	7.00E-02	2
39.199	-8.476	5.60E-02	0
39.196	-8.441	8.30E-02	2
39.194	-8.406	5.10E-02	0
39.192	-8.371	6.60E-02	2
39.190	-8.337	5.50E-02	0
39.188	-8.302	4.60E-02	2
39.185	-8.267	4.00E-02	0
39.226	-9.220	2.40E-01	0
39.224	-9.181	3.23E-01	2
39.222	-9.142	3.30E-01	0
39.220	-9.104	2.03E-01	2
39.218	-9.064	6.10E-02	0
39.215	-9.024	3.60E-02	2
39.213	-8.988	5.20E-02	0
39.211	-8.951	6.70E-02	2
39.209	-8.914	5.80E-02	0
39.207	-8.876	4.40E-02	2
39.205	-8.839	4.30E-02	0
39.203	-8.802	4.10E-02	2
39.201	-8.765	5.20E-02	0
39.199	-8.729	5.40E-02	2
39.196	-8.693	5.90E-02	0
39.194	-8.657	6.90E-02	2
39.192	-8.621	8.60E-02	0
39.190	-8.585	7.40E-02	2
39.188	-8.548	7.00E-02	0
39.186	-8.513	5.30E-02	2
39.184	-8.478	5.50E-02	0
39.181	-8.443	5.90E-02	2
39.179	-8.408	5.10E-02	0
39.177	-8.373	4.90E-02	2
39.175	-8.338	4.60E-02	0
39.173	-8.303	4.00E-02	2
39.171	-8.268	4.80E-02	0
39.211	-9.222	2.25E-01	0
39.208	-9.182	2.46E-01	2
39.206	-9.143	3.42E-01	0
39.204	-9.105	2.72E-01	2
39.202	-9.064	1.52E-01	0
39.200	-9.024	3.00E-02	2
39.198	-8.989	3.90E-02	0
39.196	-8.952	6.90E-02	2
39.194	-8.915	6.30E-02	0
39.192	-8.877	4.50E-02	2
39.190	-8.840	3.90E-02	0
39.188	-8.803	4.90E-02	2
39.185	-8.767	6.20E-02	0
39.183	-8.730	5.60E-02	2
39.181	-8.695	5.50E-02	0
39.179	-8.658	5.80E-02	2
39.177	-8.622	7.20E-02	0
39.175	-8.585	7.30E-02	2
39.173	-8.549	5.90E-02	0
39.171	-8.514	9.10E-02	2
39.169	-8.479	4.80E-02	0
39.167	-8.443	4.40E-02	2
39.164	-8.408	6.60E-02	0
39.162	-8.373	5.10E-02	2
39.160	-8.339	4.30E-02	0
39.158	-8.304	4.40E-02	2
39.156	-8.270	5.00E-02	0
39.195	-9.222	2.62E-01	0
39.193	-9.183	1.65E-01	3
39.191	-9.144	1.86E-01	0
39.189	-9.105	3.07E-01	3
39.186	-9.062	1.92E-01	0
39.184	-9.025	3.00E-02	2
39.183	-8.990	3.90E-02	0
39.181	-8.953	4.50E-02	2
39.178	-8.916	3.60E-02	0
39.176	-8.878	5.00E-02	2
39.174	-8.841	5.70E-02	0
39.172	-8.804	5.90E-02	2
39.170	-8.768	7.30E-02	0
39.168	-8.732	7.80E-02	2
39.166	-8.696	7.10E-02	0
39.164	-8.659	6.80E-02	2
39.162	-8.623	7.00E-02	0
39.160	-8.586	5.10E-02	2
39.158	-8.551	6.00E-02	0
39.156	-8.516	7.90E-02	2
39.154	-8.480	7.70E-02	0
39.152	-8.444	4.40E-02	3
39.150	-8.409	6.40E-02	0
39.147	-8.375	5.30E-02	3
39.145	-8.340	4.20E-02	0
39.143	-8.305	4.50E-02	3
39.141	-8.271	5.40E-02	0
39.179	-9.224	2.46E-01	0
39.177	-9.184	2.48E-01	2
39.175	-9.145	1.80E-01	0
39.173	-9.104	2.20E-01	2
39.171	-9.062	5.10E-02	0
39.169	-9.028	8.40E-02	2
39.167	-8.992	3.90E-02	0
39.165	-8.955	3.90E-02	2
39.163	-8.917	5.60E-02	0
39.161	-8.879	5.50E-02	2
39.159	-8.843	5.50E-02	0
39.157	-8.806	5.70E-02	2
39.155	-8.769	7.00E-02	0
39.153	-8.733	6.50E-02	2
39.151	-8.697	6.60E-02	0
39.149	-8.661	7.70E-02	2
39.147	-8.624	7.10E-02	0
39.145	-8.587	3.60E-02	2
39.143	-8.552	8.20E-02	0
39.141	-8.517	4.90E-02	2
39.139	-8.481	4.10E-02	0
39.137	-8.446	5.70E-02	2
39.135	-8.411	5.70E-02	0
39.133	-8.376	4.90E-02	2
39.131	-8.341	4.60E-02	0
39.129	-8.307	4.80E-02	2
39.127	-8.272	5.50E-02	0
39.164	-9.225	2.08E-01	0
39.162	-9.185	2.85E-01	2
39.160	-9.146	2.03E-01	0
39.158	-9.105	1.29E-01	3
39.156	-9.068	8.60E-02	0
39.154	-9.031	6.50E-02	3
39.152	-8.993	4.20E-02	0
39.150	-8.956	4.50E-02	3
39.148	-8.919	6.90E-02	0
39.146	-8.881	6.00E-02	3
39.144	-8.844	5.30E-02	0
39.142	-8.807	4.90E-02	2
39.140	-8.771	4.40E-02	0
39.138	-8.735	7.40E-02	2
39.136	-8.698	7.30E-02	0
39.134	-8.662	8.60E-02	2
39.132	-8.625	7.00E-02	0
39.130	-8.589	6.20E-02	2
39.128	-8.554	5.80E-02	0
39.126	-8.518	1.00E-01	2
39.124	-8.483	4.90E-02	0
39.122	-8.447	5.60E-02	3
39.120	-8.412	5.10E-02	0
39.118	-8.377	4.60E-02	3
39.116	-8.342	5.30E-02	0
39.114	-8.308	4.70E-02	3
39.112	-8.274	4.40E-02	0
39.148	-9.226	2.38E-01	0
39.146	-9.187	2.31E-01	2
39.144	-9.146	2.51E-01	0
39.142	-9.107	7.80E-02	2
39.140	-9.070	8.50E-02	0
39.138	-9.032	5.90E-02	2
39.136	-8.995	5.00E-02	0
39.134	-8.957	5.30E-02	2
39.132	-8.920	6.80E-02	0
39.131	-8.882	6.00E-02	2
39.129	-8.845	6.10E-02	0
39.127	-8.809	4.80E-02	2
39.125	-8.772	4.80E-02	0
39.123	-8.736	6.10E-02	2
39.121	-8.699	6.30E-02	0
39.119	-8.663	7.40E-02	2
39.117	-8.627	8.10E-02	0
39.115	-8.591	5.40E-02	2
39.113	-8.555	5.70E-02	0
39.111	-8.519	1.02E-01	2
39.109	-8.484	5.40E-02	0
39.107	-8.448	6.10E-02	2
39.105	-8.413	5.50E-02	0
39.103	-8.378	4.90E-02	2
39.101	-8.344	6.10E-02	0
39.099	-8.310	6.90E-02	2
39.097	-8.275	5.30E-02	0
39.132	-9.227	2.11E-01	0
39.130	-9.188	2.87E-01	2
39.128	-9.146	1.79E-01	0
39.127	-9.109	1.17E-01	3
39.125	-9.071	6.00E-02	0
39.123	-9.033	4.80E-02	2
39.121	-8.996	4.70E-02	0
39.119	-8.959	4.50E-02	2
39.117	-8.921	5.70E-02	0
39.115	-8.883	5.10E-02	2
39.113	-8.846	4.80E-02	0
39.111	-8.810	5.40E-02	2
39.109	-8.774	6.40E-02	0
39.108	-8.737	6.30E-02	2
39.106	-8.701	5.60E-02	0
39.104	-8.664	6.40E-02	2
39.102	-8.628	7.00E-02	0
39.100	-8.592	4.90E-02	3
39.098	-8.556	6.20E-02	0
39.096	-8.520	5.50E-02	2
39.094	-8.485	5.60E-02	0
39.092	-8.449	5.80E-02	3
39.090	-8.414	5.10E-02	0
39.088	-8.379	4.30E-02	3
39.086	-8.345	4.10E-02	0
39.084	-8.311	4.20E-02	3
39.082	-8.276	4.50E-02	0
39.117	-9.228	1.08E-01	0
39.115	-9.187	8.40E-02	2
39.113	-9.147	1.84E-01	0
39.111	-9.111	7.00E-02	3
39.109	-9.073	8.40E-02	0
39.107	-9.034	4.90E-02	3
39.106	-8.997	4.00E-02	0
39.104	-8.960	4.40E-02	3
39.102	-8.922	3.50E-02	0
39.100	-8.885	6.70E-02	3
39.098	-8.848	4.60E-02	0
39.096	-8.811	6.60E-02	2
39.094	-8.775	6.90E-02	0
39.092	-8.738	4.50E-02	2
39.090	-8.702	5.80E-02	0
39.089	-8.665	5.80E-02	2
39.087	-8.629	5.50E-02	0
39.085	-8.593	9.10E-02	2
39.083	-8.557	6.10E-02	0
39.081	-8.522	4.60E-02	3
39.079	-8.486	5.10E-02	0
39.077	-8.451	6.30E-02	2
39.075	-8.416	5.30E-02	0
39.073	-8.381	4.10E-02	2
39.071	-8.347	4.80E-02	0
39.069	-8.312	6.30E-02	2
39.068	-8.278	6.60E-02	0
39.101	-9.229	2.72E-01	0
39.099	-9.188	1.37E-01	2
39.097	-9.149	8.10E-02	0
39.096	-9.112	6.20E-02	2
39.094	-9.074	1.09E-01	0
39.092	-9.035	6.30E-02	2
39.090	-8.998	6.30E-02	0
39.088	-8.962	4.60E-02	2
39.086	-8.923	4.10E-02	0
39.085	-8.886	8.60E-02	2
39.083	-8.849	6.50E-02	0
39.081	-8.813	7.60E-02	3
39.079	-8.776	6.70E-02	0
39.077	-8.739	5.30E-02	2
39.075	-8.703	9.90E-02	0
39.073	-8.666	6.90E-02	2
39.072	-8.630	6.20E-02	0
39.070	-8.594	6.30E-02	3
39.068	-8.559	5.00E-02	0
39.066	-8.523	5.10E-02	3
39.064	-8.488	5.40E-02	0
39.062	-8.452	5.40E-02	3
39.060	-8.417	5.00E-02	0
39.058	-8.382	7.70E-02	2
39.057	-8.348	5.00E-02	0
39.055	-8.313	5.10E-02	3
39.053	-8.279	4.60E-02	0
39.153	-9.232	2.27E-01	0
39.151	-9.192	2.49E-01	2
39.149	-9.153	2.79E-01	0
39.146	-9.113	1.47E-01	2
39.144	-9.076	9.60E-02	0
39.142	-9.038	6.30E-02	2
39.140	-9.000	5.50E-02	0
39.138	-8.963	7.10E-02	2
39.136	-8.926	7.00E-02	0
39.133	-8.888	6.20E-02	2
39.131	-8.851	6.10E-02	0
39.129	-8.814	5.10E-02	2
39.127	-8.778	4.70E-02	0
39.125	-8.742	6.50E-02	2
39.123	-8.705	6.80E-02	0
39.120	-8.669	6.80E-02	2
39.118	-8.633	7.00E-02	0
39.116	-8.597	5.50E-02	2
39.114	-8.561	5.70E-02	0
39.112	-8.525	1.07E-01	2
39.110	-8.490	5.60E-02	0
39.107	-8.454	6.10E-02	2
39.105	-8.419	5.60E-02	0
39.103	-8.384	5.10E-02	2
39.101	-8.350	5.70E-02	0
39.099	-8.316	5.60E-02	2
39.097	-8.281	5.30E-02	0
39.137	-9.233	2.18E-01	0
39.135	-9.194	2.39E-01	2
39.133	-9.152	1.67E-01	0
39.131	-9.114	6.80E-02	2
39.129	-9.077	6.10E-02	0
39.127	-9.039	4.80E-02	3
39.125	-9.001	5.20E-02	0
39.122	-8.965	4.60E-02	2
39.120	-8.927	5.80E-02	0
39.118	-8.889	5.40E-02	3
39.116	-8.852	4.90E-02	0
39.114	-8.816	5.40E-02	3
39.112	-8.779	7.10E-02	0
39.110	-8.743	6.90E-02	3
39.108	-8.707	5.80E-02	0
39.105	-8.670	5.50E-02	3
39.103	-8.634	7.10E-02	0
39.101	-8.598	5.30E-02	3
39.099	-8.562	5.00E-02	0
39.097	-8.526	5.60E-02	3
39.095	-8.491	5.70E-02	0
39.092	-8.455	6.00E-02	3
39.090	-8.420	5.30E-02	0
39.088	-8.385	4.40E-02	2
39.086	-8.351	4.20E-02	0
39.084	-8.317	4.00E-02	3
39.082	-8.283	4.50E-02	0
39.122	-9.234	1.09E-01	0
39.120	-9.194	2.11E-01	2
39.117	-9.153	2.18E-01	0
39.115	-9.116	8.60E-02	2
39.113	-9.078	7.20E-02	0
39.111	-9.040	5.10E-02	2
39.109	-9.002	4.00E-02	0
39.107	-8.966	4.80E-02	2
39.105	-8.928	3.70E-02	0
39.103	-8.890	4.60E-02	2
39.101	-8.854	4.20E-02	0
39.099	-8.817	7.50E-02	2
39.097	-8.781	8.70E-02	0
39.095	-8.744	4.70E-02	2
39.092	-8.708	5.80E-02	0
39.090	-8.671	6.00E-02	2
39.088	-8.635	8.40E-02	0
39.086	-8.599	8.60E-02	2
39.084	-8.563	6.50E-02	0
39.082	-8.527	4.70E-02	2
39.080	-8.492	5.10E-02	0
39.078	-8.457	5.80E-02	2
39.075	-8.422	7.00E-02	0
39.073	-8.387	4.10E-02	2
39.071	-8.353	5.70E-02	0
39.069	-8.318	8.60E-02	2
39.067	-8.284	5.10E-02	0
39.106	-9.235	2.63E-01	0
39.104	-9.194	2.69E-01	2
39.102	-9.154	1.67E-01	0
39.100	-9.117	5.80E-02	2
39.098	-9.080	1.00E-01	0
39.096	-9.041	6.10E-02	2
39.094	-9.003	6.30E-02	0
39.092	-8.967	4.60E-02	3
39.090	-8.929	4.20E-02	0
39.088	-8.892	8.10E-02	2
39.086	-8.855	5.80E-02	0
39.083	-8.819	8.30E-02	2
39.081	-8.782	8.70E-02	0
39.079	-8.745	4.90E-02	2
39.077	-8.709	1.04E-01	0
39.075	-8.672	7.40E-02	2
39.073	-8.636	6.40E-02	0
39.071	-8.600	6.20E-02	3
39.069	-8.565	5.10E-02	0
39.067	-8.529	5.20E-02	3
39.065	-8.494	5.40E-02	0
39.063	-8.458	5.40E-02	3
39.061	-8.423	5.20E-02	0
39.058	-8.388	7.20E-02	2
39.056	-8.354	5.30E-02	0
39.054	-8.319	5.10E-02	3
39.052	-8.285	4.60E-02	0
39.050	-8.252	5.10E-02	3
39.090	-9.236	2.51E-01	0
39.088	-9.196	1.84E-01	2
39.086	-9.157	1.51E-01	0
39.084	-9.118	2.06E-01	2
39.082	-9.080	6.00E-02	0
39.080	-9.042	5.60E-02	2
39.078	-9.004	6.60E-02	0
39.076	-8.968	5.10E-02	2
39.074	-8.931	3.90E-02	0
39.072	-8.893	6.80E-02	2
39.070	-8.857	1.05E-01	0
39.068	-8.820	8.70E-02	2
39.066	-8.783	6.20E-02	0
39.064	-8.746	6.90E-02	2
39.062	-8.710	1.03E-01	0
39.060	-8.673	1.10E-01	2
39.058	-8.637	9.30E-02	0
39.056	-8.601	6.30E-02	2
39.054	-8.566	4.80E-02	0
39.052	-8.530	5.20E-02	2
39.050	-8.495	5.20E-02	0
39.048	-8.459	5.00E-02	2
39.046	-8.424	4.40E-02	0
39.044	-8.390	4.50E-02	2
39.042	-8.355	4.60E-02	0
39.040	-8.321	6.70E-02	2
39.038	-8.287	5.60E-02	0
39.036	-8.253	8.50E-02	2
39.075	-9.237	3.01E-01	0
39.073	-9.198	2.41E-01	2
39.071	-9.158	1.93E-01	0
39.069	-9.119	1.77E-01	2
39.067	-9.081	6.80E-02	0
39.065	-9.043	5.70E-02	2
39.063	-9.006	5.60E-02	0
39.061	-8.970	1.01E-01	2
39.059	-8.932	6.10E-02	0
39.057	-8.895	8.30E-02	2
39.055	-8.858	7.90E-02	0
39.053	-8.821	9.60E-02	3
39.051	-8.784	1.16E-01	0
39.049	-8.748	8.90E-02	3
39.047	-8.711	1.11E-01	0
39.045	-8.675	6.40E-02	3
39.043	-8.638	1.05E-01	0
39.041	-8.602	4.50E-02	3
39.039	-8.566	4.80E-02	0
39.037	-8.531	5.20E-02	3
39.035	-8.496	5.70E-02	0
39.033	-8.460	5.50E-02	3
39.031	-8.426	4.10E-02	0
39.029	-8.391	4.80E-02	3
39.027	-8.357	4.60E-02	0
39.025	-8.322	7.10E-02	3
39.023	-8.289	9.20E-02	0
39.021	-8.255	6.30E-02	3
39.059	-9.237	2.96E-01	0
39.057	-9.199	1.14E-01	2
39.055	-9.160	1.39E-01	0
39.053	-9.120	1.34E-01	2
39.051	-9.081	1.26E-01	0
39.049	-9.043	7.30E-02	2
39.047	-9.007	6.40E-02	0
39.046	-8.971	9.50E-02	2
39.044	-8.933	8.00E-02	0
39.042	-8.896	6.40E-02	2
39.040	-8.859	5.60E-02	0
39.038	-8.822	5.70E-02	2
39.036	-8.785	1.02E-01	0
39.034	-8.749	9.30E-02	2
39.032	-8.712	7.20E-02	0
39.030	-8.676	7.80E-02	2
39.028	-8.639	8.70E-02	0
39.026	-8.603	9.40E-02	2
39.024	-8.568	6.80E-02	0
39.022	-8.532	5.70E-02	2
39.020	-8.497	5.60E-02	0
39.018	-8.462	5.20E-02	2
39.016	-8.427	7.00E-02	0
39.014	-8.393	7.90E-02	2
39.012	-8.359	6.30E-02	0
39.010	-8.325	6.20E-02	2
39.008	-8.290	6.70E-02	0
39.006	-8.256	5.80E-02	2
39.043	-9.238	2.66E-01	0
39.042	-9.199	2.66E-01	2
39.040	-9.160	2.51E-01	0
39.038	-9.120	8.10E-02	2
39.036	-9.082	9.40E-02	0
39.034	-9.045	8.30E-02	2
39.032	-9.008	6.00E-02	0
39.030	-8.972	9.60E-02	2
39.028	-8.935	6.60E-02	0
39.026	-8.897	5.10E-02	2
39.024	-8.860	4.20E-02	0
39.023	-8.823	5.60E-02	3
39.021	-8.787	8.20E-02	0
39.019	-8.750	1.24E-01	3
39.017	-8.714	9.50E-02	0
39.015	-8.677	8.50E-02	3
39.013	-8.641	8.30E-02	0
39.011	-8.605	9.10E-02	3
39.009	-8.569	4.60E-02	0
39.007	-8.534	4.80E-02	3
39.005	-8.498	5.40E-02	0
39.003	-8.464	8.90E-02	3
39.001	-8.429	7.70E-02	0
38.999	-8.395	9.80E-02	3
38.997	-8.360	8.70E-02	0
38.995	-8.326	6.60E-02	3
38.993	-8.292	1.10E-01	0
38.991	-8.258	8.40E-02	3
39.028	-9.240	1.96E-01	0
39.026	-9.199	1.57E-01	2
39.024	-9.160	1.68E-01	0
39.022	-9.121	1.38E-01	2
39.020	-9.083	6.50E-02	0
39.018	-9.046	9.50E-02	2
39.017	-9.009	6.00E-02	0
39.015	-8.973	7.30E-02	2
39.013	-8.936	7.60E-02	0
39.011	-8.899	6.50E-02	2
39.009	-8.862	5.90E-02	0
39.007	-8.825	5.70E-02	2
39.005	-8.788	9.30E-02	0
39.003	-8.751	1.18E-01	2
39.002	-8.715	8.30E-02	0
39.000	-8.678	7.40E-02	2
38.998	-8.642	9.60E-02	0
38.996	-8.606	9.80E-02	2
38.994	-8.571	5.10E-02	0
38.992	-8.535	6.50E-02	2
38.990	-8.500	6.70E-02	0
38.988	-8.466	7.90E-02	2
38.986	-8.431	7.30E-02	0
38.984	-8.396	6.10E-02	2
38.982	-8.361	4.90E-02	0
38.981	-8.326	6.90E-02	2
38.979	-8.292	6.10E-02	0
38.977	-8.258	5.60E-02	2
39.012	-9.241	2.49E-01	0
39.010	-9.201	1.93E-01	3
39.008	-9.161	2.00E-01	0
39.007	-9.123	1.35E-01	3
39.005	-9.086	1.06E-01	0
39.003	-9.048	9.60E-02	3
39.001	-9.011	6.60E-02	0
38.999	-8.974	7.20E-02	2
38.998	-8.937	7.10E-02	0
38.996	-8.900	6.60E-02	2
38.994	-8.863	7.30E-02	0
38.992	-8.826	6.10E-02	3
38.990	-8.789	7.10E-02	0
38.988	-8.752	8.10E-02	3
38.986	-8.716	1.15E-01	0
38.985	-8.680	8.70E-02	3
38.983	-8.643	7.80E-02	0
38.981	-8.608	6.20E-02	3
38.979	-8.572	4.90E-02	0
38.977	-8.536	1.01E-01	3
38.975	-8.502	6.90E-02	0
38.973	-8.467	1.15E-01	3
38.971	-8.432	7.30E-02	0
38.970	-8.397	5.80E-02	3
38.968	-8.362	6.10E-02	0
38.966	-8.328	6.10E-02	3
38.964	-8.293	9.90E-02	0
38.962	-8.259	1.47E-01	3
39.064	-9.245	2.80E-01	0
39.062	-9.206	2.65E-01	2
39.060	-9.167	1.36E-01	0
39.058	-9.128	1.39E-01	2
39.056	-9.089	1.32E-01	0
39.053	-9.051	6.50E-02	2
39.051	-9.014	6.00E-02	0
39.049	-8.978	1.02E-01	2
39.047	-8.941	7.70E-02	0
39.045	-8.904	8.20E-02	2
39.043	-8.867	6.30E-02	0
39.041	-8.830	6.60E-02	2
39.038	-8.793	1.03E-01	0
39.036	-8.756	9.30E-02	2
39.034	-8.720	1.03E-01	0
39.032	-8.683	6.30E-02	2
39.030	-8.647	9.60E-02	0
39.027	-8.611	8.50E-02	2
39.025	-8.575	6.40E-02	0
39.023	-8.540	6.20E-02	2
39.021	-8.504	5.50E-02	0
39.019	-8.469	5.30E-02	2
39.017	-8.435	5.20E-02	0
39.014	-8.400	8.40E-02	2
39.012	-8.366	6.00E-02	0
39.010	-8.332	6.40E-02	2
39.008	-8.298	6.50E-02	0
39.006	-8.264	5.80E-02	2
39.049	-9.246	2.65E-01	0
39.047	-9.206	2.84E-01	3
39.044	-9.168	2.72E-01	0
39.042	-9.128	8.30E-02	3
39.040	-9.089	6.10E-02	0
39.038	-9.052	9.10E-02	3
39.036	-9.015	5.80E-02	0
39.034	-8.979	9.40E-02	3
39.032	-8.942	7.40E-02	0
39.030	-8.905	5.40E-02	3
39.027	-8.868	4.40E-02	0
39.025	-8.831	4.70E-02	3
39.023	-8.794	8.90E-02	0
39.021	-8.757	1.15E-01	3
39.019	-8.721	1.07E-01	0
39.017	-8.685	7.90E-02	3
39.015	-8.648	9.00E-02	0
39.012	-8.612	8.30E-02	3
39.010	-8.576	5.10E-02	0
39.008	-8.541	5.10E-02	3
39.006	-8.506	4.60E-02	0
39.004	-8.471	8.90E-02	3
39.002	-8.437	7.60E-02	0
39.000	-8.402	9.70E-02	3
38.997	-8.368	8.60E-02	0
38.995	-8.333	7.00E-02	3
38.993	-8.299	1.01E-01	0
38.991	-8.265	8.70E-02	3
39.033	-9.247	2.09E-01	0
39.031	-9.206	1.57E-01	2
39.029	-9.168	1.50E-01	0
39.027	-9.128	1.74E-01	2
39.025	-9.090	6.00E-02	0
39.022	-9.052	9.10E-02	2
39.020	-9.016	6.20E-02	0
39.018	-8.980	7.40E-02	2
39.016	-8.943	8.00E-02	0
39.014	-8.906	6.90E-02	2
39.012	-8.869	6.50E-02	0
39.010	-8.832	5.90E-02	2
39.008	-8.795	1.12E-01	0
39.006	-8.758	9.40E-02	2
39.004	-8.722	8.10E-02	0
39.002	-8.686	7.30E-02	2
38.999	-8.649	9.30E-02	0
38.997	-8.613	1.05E-01	2
38.995	-8.578	5.50E-02	0
38.993	-8.542	6.00E-02	2
38.991	-8.507	6.60E-02	0
38.989	-8.473	7.60E-02	2
38.987	-8.438	7.50E-02	0
38.985	-8.403	6.50E-02	2
38.983	-8.369	5.30E-02	0
38.980	-8.334	6.20E-02	2
38.978	-8.300	6.40E-02	0
38.976	-8.266	5.30E-02	2
39.017	-9.247	2.90E-01	0
39.015	-9.207	2.15E-01	3
39.013	-9.169	2.25E-01	0
39.011	-9.129	1.27E-01	3
39.009	-9.092	1.12E-01	0
39.007	-9.055	9.60E-02	3
39.005	-9.018	7.00E-02	0
39.003	-8.981	7.50E-02	3
39.001	-8.944	6.90E-02	0
38.999	-8.907	6.70E-02	3
38.997	-8.870	7.50E-02	0
38.995	-8.833	6.20E-02	3
38.993	-8.796	7.10E-02	0
38.991	-8.760	8.30E-02	3
38.989	-8.723	1.14E-01	0
38.987	-8.687	8.90E-02	3
38.984	-8.651	8.80E-02	0
38.982	-8.615	5.90E-02	3
38.980	-8.579	4.90E-02	0
38.978	-8.544	7.00E-02	3
38.976	-8.509	7.10E-02	0
38.974	-8.474	1.05E-01	3
38.972	-8.439	1.09E-01	0
38.970	-8.404	6.20E-02	3
38.968	-8.370	8.50E-02	0
38.966	-8.335	6.30E-02	3
38.964	-8.301	6.00E-02	0
38.962	-8.266	1.48E-01	3
39.002	-9.249	2.07E-01	0
39.000	-9.209	1.47E-01	2
38.998	-9.169	2.06E-01	0
38.996	-9.131	9.20E-02	2
38.994	-9.094	1.53E-01	0
38.992	-9.057	7.20E-02	2
38.990	-9.019	1.00E-01	0
38.988	-8.982	6.80E-02	2
38.986	-8.946	6.90E-02	0
38.984	-8.908	7.00E-02	2
38.982	-8.871	6.90E-02	0
38.980	-8.834	6.40E-02	2
38.978	-8.798	6.70E-02	0
38.976	-8.761	6.20E-02	2
38.973	-8.724	5.70E-02	0
38.971	-8.688	1.14E-01	2
38.969	-8.652	5.10E-02	0
38.967	-8.616	8.50E-02	2
38.965	-8.581	9.50E-02	0
38.963	-8.545	6.80E-02	2
38.961	-8.511	9.30E-02	0
38.959	-8.476	1.23E-01	2
38.957	-8.440	6.70E-02	0
38.955	-8.405	6.10E-02	2
38.953	-8.371	4.40E-02	0
38.951	-8.336	5.00E-02	2
38.949	-8.302	5.30E-02	0
38.947	-8.268	1.22E-01	2
38.984	-9.210	1.89E-01	3
38.982	-9.169	1.48E-01	0
38.980	-9.131	1.41E-01	3
38.978	-9.094	7.40E-02	0
38.976	-9.057	6.20E-02	3
38.974	-9.019	8.10E-02	0
38.972	-8.983	6.40E-02	3
38.970	-8.947	5.70E-02	0
38.968	-8.909	6.10E-02	3
38.966	-8.872	6.90E-02	0
38.964	-8.835	6.10E-02	3
38.962	-8.799	7.10E-02	0
38.960	-8.762	6.40E-02	3
38.958	-8.726	6.80E-02	0
38.956	-8.690	6.60E-02	3
38.954	-8.654	6.20E-02	0
38.952	-8.618	8.30E-02	3
38.950	-8.582	5.00E-02	0
38.948	-8.547	9.00E-02	3
38.946	-8.512	1.08E-01	0
38.944	-8.477	8.60E-02	3
38.942	-8.442	9.30E-02	0
38.940	-8.407	1.05E-01	3
38.938	-8.372	9.80E-02	0
38.936	-8.337	1.54E-01	3
38.934	-8.303	4.90E-02	0
38.932	-8.269	8.50E-02	3
38.968	-9.211	1.50E-01	2
38.966	-9.171	1.35E-01	0
38.965	-9.132	1.75E-01	2
38.963	-9.093	1.00E-01	0
38.961	-9.057	6.80E-02	2
38.959	-9.020	6.80E-02	0
38.957	-8.985	7.60E-02	2
38.955	-8.948	6.80E-02	0
38.953	-8.911	6.00E-02	2
38.951	-8.874	6.60E-02	0
38.949	-8.837	6.80E-02	3
38.947	-8.800	6.30E-02	0
38.945	-8.763	5.10E-02	2
38.943	-8.727	5.20E-02	0
38.941	-8.691	4.80E-02	2
38.939	-8.655	7.10E-02	0
38.937	-8.619	5.30E-02	2
38.935	-8.584	6.20E-02	0
38.933	-8.548	7.00E-02	2
38.931	-8.513	7.70E-02	0
38.929	-8.478	8.10E-02	2
38.927	-8.443	9.50E-02	0
38.925	-8.408	1.02E-01	2
38.923	-8.374	5.60E-02	0
38.921	-8.339	4.70E-02	2
38.919	-8.305	9.70E-02	0
38.917	-8.271	5.40E-02	2
38.953	-9.211	1.18E-01	3
38.951	-9.173	1.77E-01	0
38.949	-9.134	1.74E-01	3
38.947	-9.095	7.30E-02	0
38.945	-9.058	1.56E-01	2
38.943	-9.022	5.70E-02	0
38.942	-8.986	6.50E-02	3
38.940	-8.949	6.30E-02	0
38.938	-8.912	7.70E-02	3
38.936	-8.875	7.90E-02	0
38.934	-8.838	6.30E-02	3
38.932	-8.801	6.40E-02	0
38.930	-8.764	4.70E-02	3
38.928	-8.728	5.10E-02	0
38.926	-8.691	5.70E-02	3
38.924	-8.656	6.00E-02	0
38.922	-8.620	5.10E-02	3
38.920	-8.585	6.20E-02	0
38.918	-8.549	5.30E-02	3
38.916	-8.514	4.20E-02	0
38.914	-8.479	3.60E-02	3
38.912	-8.444	6.20E-02	0
38.911	-8.409	3.90E-02	3
38.909	-8.375	4.10E-02	0
38.907	-8.340	7.50E-02	3
38.905	-8.306	5.40E-02	0
38.903	-8.272	5.60E-02	3
38.937	-9.213	2.12E-01	3
38.935	-9.175	1.76E-01	0
38.934	-9.136	7.50E-02	3
38.932	-9.097	1.45E-01	0
38.930	-9.060	1.59E-01	3
38.928	-9.024	1.23E-01	0
38.926	-8.988	8.20E-02	3
38.924	-8.950	7.10E-02	0
38.922	-8.913	7.30E-02	3
38.921	-8.876	9.00E-02	0
38.919	-8.839	6.50E-02	3
38.917	-8.802	5.70E-02	0
38.915	-8.765	5.00E-02	3
38.913	-8.729	5.00E-02	0
38.911	-8.693	6.00E-02	2
38.909	-8.657	7.80E-02	0
38.907	-8.621	5.80E-02	2
38.905	-8.585	4.30E-02	0
38.903	-8.550	4.40E-02	2
38.901	-8.515	7.50E-02	0
38.900	-8.480	6.60E-02	2
38.898	-8.445	7.20E-02	0
38.896	-8.410	5.20E-02	2
38.894	-8.376	4.40E-02	0
38.892	-8.341	4.50E-02	2
38.890	-8.307	7.00E-02	0
38.888	-8.273	1.18E-01	2
38.922	-9.214	2.86E-01	3
38.920	-9.176	1.06E-01	0
38.918	-9.138	1.41E-01	3
38.916	-9.099	1.79E-01	0
38.914	-9.061	1.47E-01	2
38.913	-9.026	1.16E-01	0
38.911	-8.989	6.10E-02	3
38.909	-8.952	7.10E-02	0
38.907	-8.914	5.80E-02	3
38.905	-8.877	7.70E-02	0
38.903	-8.840	6.10E-02	3
38.902	-8.804	5.20E-02	0
38.900	-8.767	4.90E-02	3
38.898	-8.730	4.90E-02	0
38.896	-8.694	5.70E-02	3
38.894	-8.658	5.60E-02	0
38.892	-8.622	4.50E-02	3
38.890	-8.586	3.40E-02	0
38.888	-8.551	8.70E-02	3
38.886	-8.516	1.04E-01	0
38.885	-8.481	8.50E-02	3
38.883	-8.446	1.28E-01	0
38.881	-8.411	8.00E-02	3
38.879	-8.377	5.50E-02	0
38.877	-8.342	7.30E-02	3
38.875	-8.309	7.70E-02	0
38.873	-8.275	4.40E-02	3
38.973	-9.217	1.80E-01	2
38.971	-9.176	1.39E-01	0
38.969	-9.138	1.73E-01	2
38.967	-9.099	1.05E-01	0
38.964	-9.063	6.70E-02	2
38.962	-9.026	8.80E-02	0
38.960	-8.990	8.50E-02	2
38.958	-8.954	7.10E-02	0
38.956	-8.916	6.50E-02	2
38.954	-8.879	6.70E-02	0
38.952	-8.842	7.00E-02	2
38.949	-8.805	7.00E-02	0
38.947	-8.769	5.10E-02	2
38.945	-8.732	5.30E-02	0
38.943	-8.696	5.00E-02	2
38.941	-8.661	5.70E-02	0
38.939	-8.625	5.50E-02	2
38.936	-8.590	6.10E-02	0
38.934	-8.554	6.90E-02	2
38.932	-8.519	7.70E-02	0
38.930	-8.484	6.10E-02	2
38.928	-8.448	8.80E-02	0
38.925	-8.414	6.00E-02	2
38.923	-8.379	1.00E-01	0
38.921	-8.345	4.80E-02	2
38.919	-8.311	8.80E-02	0
38.917	-8.277	6.00E-02	2
38.958	-9.217	1.08E-01	2
38.955	-9.178	1.47E-01	0
38.953	-9.139	1.47E-01	2
38.951	-9.100	7.90E-02	0
38.949	-9.064	1.63E-01	2
38.947	-9.027	8.60E-02	0
38.945	-8.991	6.90E-02	2
38.943	-8.955	6.90E-02	0
38.941	-8.917	7.30E-02	3
38.938	-8.880	7.60E-02	0
38.936	-8.843	6.50E-02	3
38.934	-8.807	6.50E-02	0
38.932	-8.770	5.10E-02	3
38.930	-8.734	5.00E-02	0
38.928	-8.697	5.80E-02	3
38.926	-8.661	6.10E-02	0
38.923	-8.626	5.00E-02	3
38.921	-8.590	6.10E-02	0
38.919	-8.555	5.60E-02	3
38.917	-8.520	4.40E-02	0
38.915	-8.485	5.10E-02	3
38.913	-8.450	6.00E-02	0
38.911	-8.415	5.70E-02	3
38.908	-8.380	4.10E-02	0
38.906	-8.346	6.90E-02	3
38.904	-8.312	7.10E-02	0
38.902	-8.278	5.80E-02	3
38.942	-9.218	1.72E-01	2
38.940	-9.180	1.92E-01	0
38.938	-9.141	1.87E-01	2
38.936	-9.102	1.30E-01	0
38.934	-9.065	1.59E-01	2
38.932	-9.028	1.27E-01	0
38.930	-8.993	8.50E-02	2
38.927	-8.956	7.70E-02	0
38.925	-8.919	7.30E-02	2
38.923	-8.881	8.90E-02	0
38.921	-8.845	6.90E-02	2
38.919	-8.808	5.50E-02	0
38.917	-8.771	5.10E-02	2
38.915	-8.735	5.00E-02	0
38.913	-8.698	5.50E-02	2
38.910	-8.662	7.70E-02	0
38.908	-8.627	6.20E-02	2
38.906	-8.591	4.80E-02	0
38.904	-8.556	4.40E-02	2
38.902	-8.521	7.10E-02	0
38.900	-8.486	6.60E-02	2
38.898	-8.451	6.10E-02	0
38.896	-8.416	6.50E-02	2
38.894	-8.381	4.60E-02	0
38.891	-8.347	4.50E-02	2
38.889	-8.313	6.60E-02	0
38.887	-8.279	1.07E-01	2
38.926	-9.219	2.78E-01	3
38.924	-9.181	2.03E-01	0
38.922	-9.143	7.00E-02	3
38.920	-9.105	1.87E-01	0
38.918	-9.066	1.54E-01	2
38.916	-9.031	1.32E-01	0
38.914	-8.994	8.30E-02	2
38.912	-8.957	7.50E-02	0
38.910	-8.920	6.00E-02	2
38.908	-8.883	7.50E-02	0
38.906	-8.846	6.70E-02	3
38.904	-8.809	5.50E-02	0
38.902	-8.772	4.80E-02	3
38.900	-8.736	5.00E-02	0
38.898	-8.700	5.80E-02	3
38.895	-8.664	6.10E-02	0
38.893	-8.628	4.90E-02	3
38.891	-8.592	3.50E-02	0
38.889	-8.557	7.90E-02	3
38.887	-8.522	1.07E-01	0
38.885	-8.487	8.30E-02	3
38.883	-8.452	1.38E-01	0
38.881	-8.417	8.10E-02	3
38.879	-8.382	5.80E-02	0
38.877	-8.348	8.00E-02	3
38.875	-8.314	5.40E-02	0
38.873	-8.280	4.40E-02	3
38.911	-9.220	2.78E-01	2
38.909	-9.182	2.48E-01	0
38.907	-9.145	8.70E-02	2
38.905	-9.107	6.40E-02	0
38.903	-9.068	8.90E-02	2
38.901	-9.033	8.80E-02	0
38.899	-8.996	7.40E-02	2
38.897	-8.958	7.80E-02	0
38.895	-8.921	6.10E-02	2
38.893	-8.884	6.50E-02	0
38.891	-8.847	4.60E-02	2
38.889	-8.810	4.90E-02	0
38.887	-8.774	6.20E-02	2
38.884	-8.737	6.80E-02	0
38.882	-8.701	6.30E-02	2
38.880	-8.665	7.50E-02	0
38.878	-8.629	6.80E-02	2
38.876	-8.593	6.10E-02	0
38.874	-8.558	4.30E-02	2
38.872	-8.523	4.30E-02	0
38.870	-8.488	6.50E-02	2
38.868	-8.453	1.09E-01	0
38.866	-8.418	1.11E-01	2
38.864	-8.383	5.30E-02	0
38.862	-8.349	6.30E-02	2
38.860	-8.316	5.50E-02	0
38.858	-8.282	6.80E-02	2
38.895	-9.221	2.62E-01	3
38.893	-9.182	2.64E-01	0
38.891	-9.144	8.70E-02	3
38.889	-9.106	7.30E-02	0
38.887	-9.070	8.90E-02	2
38.885	-9.034	8.80E-02	0
38.883	-8.997	5.90E-02	2
38.881	-8.959	7.30E-02	0
38.879	-8.922	7.30E-02	3
38.877	-8.885	7.80E-02	0
38.875	-8.848	5.40E-02	3
38.873	-8.811	4.90E-02	0
38.871	-8.775	5.40E-02	3
38.869	-8.738	5.60E-02	0
38.867	-8.702	5.50E-02	3
38.865	-8.666	7.40E-02	0
38.863	-8.630	5.70E-02	3
38.861	-8.595	5.80E-02	0
38.859	-8.559	5.00E-02	3
38.857	-8.524	6.70E-02	0
38.855	-8.489	7.90E-02	3
38.853	-8.454	1.27E-01	0
38.851	-8.419	1.29E-01	3
38.849	-8.385	5.80E-02	0
38.847	-8.350	6.20E-02	3
38.845	-8.317	4.50E-02	0
38.843	-8.283	9.50E-02	3
38.880	-9.222	2.66E-01	2
38.878	-9.184	2.48E-01	0
38.876	-9.147	2.81E-01	2
38.874	-9.110	2.22E-01	0
38.872	-9.072	1.26E-01	2
38.870	-9.036	8.80E-02	0
38.868	-8.998	5.60E-02	2
38.866	-8.961	7.20E-02	0
38.864	-8.923	7.70E-02	2
38.862	-8.886	7.20E-02	0
38.860	-8.849	5.30E-02	2
38.858	-8.812	6.00E-02	0
38.856	-8.776	8.70E-02	2
38.854	-8.740	5.70E-02	0
38.852	-8.704	5.20E-02	2
38.850	-8.667	7.70E-02	0
38.848	-8.631	5.90E-02	2
38.846	-8.596	8.30E-02	0
38.844	-8.560	9.90E-02	2
38.842	-8.525	5.90E-02	0
38.840	-8.490	9.20E-02	2
38.838	-8.455	6.30E-02	0
38.836	-8.421	1.04E-01	2
38.834	-8.386	4.60E-02	0
38.832	-8.351	4.80E-02	2
38.830	-8.318	4.40E-02	0
38.828	-8.284	8.70E-02	2
38.826	-8.250	9.20E-02	0
38.864	-9.224	1.85E-01	3
38.862	-9.187	2.56E-01	0
38.860	-9.150	3.74E-01	2
38.858	-9.112	2.94E-01	0
38.856	-9.074	1.48E-01	2
38.855	-9.037	5.30E-02	0
38.853	-8.999	4.90E-02	3
38.851	-8.962	5.40E-02	0
38.849	-8.924	8.40E-02	3
38.847	-8.887	5.60E-02	0
38.845	-8.850	4.30E-02	3
38.843	-8.814	4.30E-02	0
38.841	-8.777	3.60E-02	3
38.839	-8.741	4.60E-02	0
38.837	-8.705	4.90E-02	3
38.835	-8.669	5.70E-02	0
38.833	-8.632	6.50E-02	3
38.831	-8.597	5.90E-02	0
38.829	-8.561	8.80E-02	3
38.827	-8.526	9.20E-02	0
38.825	-8.491	8.20E-02	3
38.823	-8.456	1.02E-01	0
38.821	-8.421	5.30E-02	3
38.820	-8.387	6.50E-02	0
38.818	-8.352	1.22E-01	3
38.816	-8.319	9.60E-02	0
38.814	-8.285	1.09E-01	3
38.812	-8.251	8.00E-02	0
38.848	-9.226	1.67E-01	2
38.847	-9.189	1.85E-01	0
38.845	-9.152	2.62E-01	2
38.843	-9.113	2.51E-01	0
38.841	-9.075	1.49E-01	2
38.839	-9.038	4.50E-02	0
38.837	-9.000	5.20E-02	2
38.835	-8.963	4.80E-02	0
38.833	-8.926	6.30E-02	3
38.832	-8.889	9.60E-02	0
38.830	-8.852	5.20E-02	2
38.828	-8.815	4.50E-02	0
38.826	-8.778	6.50E-02	2
38.824	-8.742	4.50E-02	0
38.822	-8.706	8.20E-02	2
38.820	-8.670	7.60E-02	0
38.818	-8.634	7.10E-02	2
38.816	-8.598	4.50E-02	0
38.814	-8.563	7.60E-02	2
38.812	-8.528	6.10E-02	0
38.811	-8.493	1.03E-01	2
38.809	-8.458	1.09E-01	0
38.807	-8.423	7.20E-02	2
38.805	-8.388	1.08E-01	0
38.803	-8.354	1.05E-01	2
38.801	-8.319	1.33E-01	0
38.799	-8.286	9.30E-02	2
38.797	-8.252	6.30E-02	0
38.833	-9.226	1.75E-01	2
38.831	-9.190	1.99E-01	0
38.829	-9.153	2.45E-01	2
38.827	-9.114	2.01E-01	0
38.826	-9.077	1.16E-01	2
38.824	-9.039	5.40E-02	0
38.822	-9.002	4.80E-02	2
38.820	-8.964	4.80E-02	0
38.818	-8.927	5.40E-02	3
38.816	-8.890	9.00E-02	0
38.814	-8.853	8.30E-02	3
38.813	-8.816	5.20E-02	0
38.811	-8.779	4.70E-02	3
38.809	-8.743	4.90E-02	0
38.807	-8.707	1.07E-01	3
38.805	-8.671	5.20E-02	0
38.803	-8.636	4.50E-02	3
38.801	-8.600	7.30E-02	0
38.799	-8.565	5.40E-02	3
38.798	-8.529	5.00E-02	0
38.796	-8.494	5.50E-02	3
38.794	-8.459	7.60E-02	0
38.792	-8.424	9.00E-02	3
38.790	-8.390	4.50E-02	0
38.788	-8.355	8.50E-02	3
38.786	-8.321	6.40E-02	0
38.784	-8.287	5.50E-02	3
38.782	-8.253	1.11E-01	0
38.885	-9.230	2.60E-01	3
38.882	-9.191	2.41E-01	0
38.880	-9.153	2.77E-01	3
38.878	-9.116	2.04E-01	0
38.876	-9.079	1.28E-01	2
38.874	-9.043	1.14E-01	0
38.872	-9.005	6.00E-02	2
38.870	-8.968	6.90E-02	0
38.867	-8.931	9.00E-02	2
38.865	-8.894	8.00E-02	0
38.863	-8.857	6.80E-02	2
38.861	-8.820	4.90E-02	0
38.859	-8.783	8.90E-02	2
38.856	-8.747	5.60E-02	0
38.854	-8.711	5.30E-02	2
38.852	-8.675	7.00E-02	0
38.850	-8.639	9.30E-02	2
38.848	-8.603	7.60E-02	0
38.845	-8.568	1.03E-01	2
38.843	-8.532	5.80E-02	0
38.841	-8.497	8.70E-02	2
38.839	-8.463	9.90E-02	0
38.837	-8.428	1.00E-01	2
38.834	-8.393	5.00E-02	0
38.832	-8.359	4.70E-02	2
38.830	-8.325	4.40E-02	0
38.828	-8.291	8.30E-02	2
38.826	-8.258	6.60E-02	0
38.869	-9.231	1.86E-01	2
38.867	-9.193	2.63E-01	0
38.865	-9.156	3.52E-01	2
38.863	-9.119	3.23E-01	0
38.861	-9.081	1.68E-01	3
38.858	-9.044	8.50E-02	0
38.856	-9.006	5.90E-02	2
38.854	-8.969	6.00E-02	0
38.852	-8.932	7.60E-02	2
38.850	-8.895	6.40E-02	0
38.848	-8.858	4.40E-02	2
38.846	-8.821	4.40E-02	0
38.843	-8.784	3.90E-02	3
38.841	-8.748	4.50E-02	0
38.839	-8.712	5.00E-02	3
38.837	-8.676	5.40E-02	0
38.835	-8.640	5.30E-02	3
38.833	-8.604	6.40E-02	0
38.830	-8.569	8.80E-02	3
38.828	-8.534	9.30E-02	0
38.826	-8.499	5.90E-02	3
38.824	-8.464	9.40E-02	0
38.822	-8.429	6.10E-02	3
38.820	-8.394	8.70E-02	0
38.818	-8.360	1.29E-01	3
38.815	-8.326	5.90E-02	0
38.813	-8.292	9.50E-02	3
38.811	-8.258	1.48E-01	0
38.853	-9.233	1.69E-01	3
38.851	-9.196	2.13E-01	0
38.849	-9.159	2.82E-01	3
38.847	-9.120	2.96E-01	0
38.845	-9.082	1.78E-01	2
38.843	-9.045	5.70E-02	0
38.841	-9.008	5.30E-02	2
38.839	-8.970	5.10E-02	0
38.837	-8.933	5.90E-02	2
38.835	-8.896	9.10E-02	0
38.832	-8.859	5.30E-02	2
38.830	-8.822	4.30E-02	0
38.828	-8.785	5.00E-02	2
38.826	-8.749	4.30E-02	0
38.824	-8.713	4.80E-02	2
38.822	-8.677	7.60E-02	0
38.820	-8.641	5.30E-02	2
38.818	-8.606	4.80E-02	0
38.815	-8.570	7.50E-02	2
38.813	-8.535	6.10E-02	0
38.811	-8.500	9.50E-02	2
38.809	-8.465	1.19E-01	0
38.807	-8.430	6.90E-02	2
38.805	-8.396	7.00E-02	0
38.803	-8.361	6.00E-02	2
38.801	-8.327	1.43E-01	0
38.799	-8.293	6.60E-02	2
38.796	-8.259	8.50E-02	0
38.838	-9.234	1.67E-01	2
38.836	-9.197	1.88E-01	0
38.834	-9.160	2.18E-01	3
38.832	-9.122	1.93E-01	0
38.830	-9.084	1.55E-01	3
38.828	-9.046	5.60E-02	0
38.826	-9.009	4.80E-02	2
38.823	-8.971	5.30E-02	0
38.821	-8.934	5.50E-02	2
38.819	-8.897	8.70E-02	0
38.817	-8.860	7.80E-02	2
38.815	-8.823	5.50E-02	0
38.813	-8.787	4.60E-02	2
38.811	-8.750	4.50E-02	0
38.809	-8.714	1.11E-01	3
38.807	-8.679	8.30E-02	0
38.805	-8.643	4.50E-02	3
38.803	-8.607	6.60E-02	0
38.801	-8.572	5.60E-02	3
38.798	-8.537	5.20E-02	0
38.796	-8.502	4.20E-02	3
38.794	-8.467	8.00E-02	0
38.792	-8.432	8.10E-02	3
38.790	-8.397	5.10E-02	0
38.788	-8.363	7.30E-02	3
38.786	-8.329	9.80E-02	0
38.784	-8.295	5.50E-02	3
38.782	-8.261	1.02E-01	0
38.822	-9.234	1.66E-01	2
38.820	-9.196	1.57E-01	0
38.818	-9.160	2.43E-01	2
38.816	-9.122	1.91E-01	0
38.814	-9.085	9.70E-02	2
38.812	-9.048	5.50E-02	0
38.810	-9.010	4.60E-02	2
38.808	-8.973	5.50E-02	0
38.806	-8.935	5.60E-02	2
38.804	-8.898	6.20E-02	0
38.802	-8.861	1.25E-01	2
38.800	-8.824	5.70E-02	0
38.798	-8.788	4.60E-02	2
38.796	-8.752	9.40E-02	0
38.794	-8.715	8.10E-02	2
38.792	-8.679	9.80E-02	0
38.790	-8.644	1.00E-01	2
38.788	-8.608	5.90E-02	0
38.786	-8.573	6.80E-02	2
38.784	-8.538	5.50E-02	0
38.781	-8.503	7.10E-02	2
38.779	-8.468	1.20E-01	0
38.777	-8.433	9.10E-02	2
38.775	-8.399	4.90E-02	0
38.773	-8.364	5.60E-02	2
38.771	-8.330	5.70E-02	0
38.769	-8.296	6.80E-02	2
38.767	-8.262	4.60E-02	0
38.807	-9.235	1.65E-01	3
38.805	-9.198	2.20E-01	0
38.803	-9.161	2.94E-01	3
38.801	-9.123	2.29E-01	0
38.799	-9.086	8.80E-02	3
38.797	-9.049	5.30E-02	0
38.795	-9.011	4.90E-02	3
38.793	-8.974	5.30E-02	0
38.791	-8.936	5.50E-02	2
38.789	-8.899	5.00E-02	0
38.787	-8.862	9.60E-02	2
38.785	-8.825	1.57E-01	0
38.783	-8.789	9.70E-02	2
38.781	-8.753	9.90E-02	0
38.779	-8.717	5.00E-02	3
38.777	-8.681	9.40E-02	0
38.775	-8.645	6.60E-02	3
38.773	-8.609	6.20E-02	0
38.771	-8.574	1.38E-01	3
38.769	-8.538	6.10E-02	0
38.767	-8.503	1.09E-01	3
38.765	-8.469	8.50E-02	0
38.763	-8.434	9.30E-02	3
38.760	-8.400	5.40E-02	0
38.758	-8.365	6.10E-02	3
38.756	-8.331	5.70E-02	0
38.754	-8.297	4.50E-02	3
38.752	-8.263	4.00E-02	0
38.791	-9.237	1.35E-01	2
38.789	-9.200	2.06E-01	0
38.787	-9.163	2.96E-01	2
38.785	-9.124	2.33E-01	0
38.783	-9.088	8.40E-02	2
38.781	-9.050	5.20E-02	0
38.779	-9.012	4.70E-02	2
38.777	-8.975	5.00E-02	0
38.775	-8.938	5.30E-02	2
38.773	-8.900	5.10E-02	0
38.772	-8.863	5.90E-02	2
38.770	-8.827	9.00E-02	0
38.768	-8.790	1.08E-01	2
38.766	-8.754	5.20E-02	0
38.764	-8.718	9.60E-02	2
38.762	-8.682	8.10E-02	0
38.760	-8.646	7.10E-02	2
38.758	-8.611	7.50E-02	0
38.756	-8.576	5.90E-02	2
38.754	-8.540	9.90E-02	0
38.752	-8.505	6.50E-02	2
38.750	-8.470	1.03E-01	0
38.748	-8.435	1.10E-01	2
38.746	-8.401	5.90E-02	0
38.744	-8.367	8.30E-02	2
38.742	-8.332	1.23E-01	0
38.740	-8.298	4.50E-02	2
38.738	-8.264	4.50E-02	0
38.775	-9.239	1.37E-01	3
38.774	-9.202	2.04E-01	0
38.772	-9.163	2.35E-01	3
38.770	-9.125	1.95E-01	0
38.768	-9.089	8.80E-02	3
38.766	-9.051	5.20E-02	0
38.764	-9.013	4.80E-02	2
38.762	-8.976	6.00E-02	0
38.760	-8.939	5.90E-02	2
38.758	-8.902	3.70E-02	0
38.756	-8.865	4.70E-02	2
38.754	-8.828	5.10E-02	0
38.752	-8.792	1.13E-01	2
38.750	-8.755	1.15E-01	0
38.748	-8.719	5.00E-02	3
38.747	-8.683	1.39E-01	0
38.745	-8.647	7.70E-02	3
38.743	-8.612	1.21E-01	0
38.741	-8.576	8.50E-02	3
38.739	-8.542	1.74E-01	0
38.737	-8.507	7.40E-02	3
38.735	-8.472	5.20E-02	0
38.733	-8.437	4.40E-02	3
38.731	-8.402	6.90E-02	0
38.729	-8.368	1.03E-01	3
38.727	-8.333	7.20E-02	0
38.725	-8.299	8.30E-02	3
38.723	-8.265	5.50E-02	0
38.760	-9.241	1.73E-01	2
38.758	-9.203	1.85E-01	0
38.756	-9.164	1.94E-01	2
38.754	-9.127	2.02E-01	0
38.752	-9.090	8.20E-02	2
38.751	-9.052	5.30E-02	0
38.749	-9.015	5.30E-02	2
38.747	-8.977	6.90E-02	0
38.745	-8.940	7.80E-02	2
38.743	-8.903	4.20E-02	0
38.741	-8.866	4.60E-02	2
38.739	-8.829	5.30E-02	0
38.737	-8.793	8.30E-02	2
38.735	-8.756	1.28E-01	0
38.733	-8.720	1.37E-01	2
38.731	-8.684	6.40E-02	0
38.730	-8.648	6.60E-02	2
38.728	-8.613	7.40E-02	0
38.726	-8.578	1.06E-01	2
38.724	-8.543	5.60E-02	0
38.722	-8.508	1.31E-01	2
38.720	-8.473	6.90E-02	0
38.718	-8.438	1.24E-01	2
38.716	-8.404	7.20E-02	0
38.714	-8.369	8.30E-02	2
38.712	-8.335	5.70E-02	0
38.710	-8.300	1.02E-01	2
38.708	-8.266	5.20E-02	0
38.744	-9.242	1.52E-01	2
38.742	-9.204	2.43E-01	0
38.741	-9.166	2.50E-01	2
38.739	-9.128	1.82E-01	0
38.737	-9.091	7.40E-02	2
38.735	-9.053	5.40E-02	0
38.733	-9.016	5.70E-02	2
38.731	-8.978	7.60E-02	0
38.730	-8.941	1.01E-01	2
38.728	-8.904	7.60E-02	0
38.726	-8.867	5.70E-02	2
38.724	-8.830	4.90E-02	0
38.722	-8.794	6.90E-02	2
38.720	-8.758	7.50E-02	0
38.718	-8.721	7.00E-02	3
38.716	-8.685	6.70E-02	0
38.714	-8.650	1.14E-01	3
38.713	-8.614	6.80E-02	0
38.711	-8.579	1.33E-01	3
38.709	-8.544	1.44E-01	0
38.707	-8.509	2.21E-01	3
38.705	-8.474	8.10E-02	0
38.703	-8.439	1.45E-01	3
38.701	-8.405	6.70E-02	0
38.699	-8.371	1.51E-01	3
38.697	-8.336	6.70E-02	0
38.696	-8.302	5.30E-02	3
38.694	-8.268	5.20E-02	0
38.796	-9.243	1.15E-01	3
38.794	-9.205	1.80E-01	0
38.791	-9.168	2.75E-01	3
38.789	-9.130	2.61E-01	0
38.787	-9.093	9.60E-02	2
38.785	-9.056	5.60E-02	0
38.783	-9.018	5.00E-02	2
38.781	-8.981	5.10E-02	0
38.778	-8.944	5.40E-02	2
38.776	-8.906	3.30E-02	0
38.774	-8.869	5.10E-02	2
38.772	-8.833	9.00E-02	0
38.770	-8.796	1.15E-01	2
38.767	-8.760	5.60E-02	0
38.765	-8.724	9.60E-02	2
38.763	-8.688	9.90E-02	0
38.761	-8.652	7.50E-02	2
38.759	-8.617	7.10E-02	0
38.756	-8.582	9.50E-02	2
38.754	-8.546	8.90E-02	0
38.752	-8.511	6.70E-02	2
38.750	-8.476	1.08E-01	0
38.748	-8.441	1.05E-01	2
38.746	-8.407	6.30E-02	0
38.743	-8.373	5.90E-02	2
38.741	-8.338	1.30E-01	0
38.739	-8.304	4.90E-02	2
38.737	-8.270	4.40E-02	0
38.780	-9.244	1.47E-01	2
38.778	-9.208	2.22E-01	0
38.776	-9.169	2.56E-01	2
38.774	-9.131	2.34E-01	0
38.772	-9.094	9.70E-02	2
38.770	-9.057	5.70E-02	0
38.767	-9.019	5.30E-02	2
38.765	-8.982	5.90E-02	0
38.763	-8.945	5.70E-02	3
38.761	-8.908	5.20E-02	0
38.759	-8.871	4.40E-02	3
38.757	-8.834	4.70E-02	0
38.754	-8.798	1.06E-01	3
38.752	-8.761	1.09E-01	0
38.750	-8.725	5.00E-02	3
38.748	-8.689	8.30E-02	0
38.746	-8.653	1.30E-01	3
38.744	-8.618	1.16E-01	0
38.741	-8.583	8.70E-02	3
38.739	-8.548	1.63E-01	0
38.737	-8.513	8.30E-02	3
38.735	-8.478	7.70E-02	0
38.733	-8.443	4.50E-02	3
38.731	-8.408	6.60E-02	0
38.729	-8.374	9.70E-02	3
38.726	-8.340	1.19E-01	0
38.724	-8.305	7.80E-02	3
38.722	-8.271	9.50E-02	0
38.765	-9.246	1.65E-01	3
38.762	-9.208	1.63E-01	0
38.760	-9.170	1.86E-01	3
38.758	-9.132	2.23E-01	0
38.756	-9.095	9.50E-02	2
38.754	-9.058	5.80E-02	0
38.752	-9.020	5.60E-02	2
38.750	-8.983	6.70E-02	0
38.748	-8.946	8.60E-02	2
38.746	-8.909	5.70E-02	0
38.744	-8.872	5.80E-02	2
38.741	-8.835	5.30E-02	0
38.739	-8.799	6.50E-02	2
38.737	-8.762	1.35E-01	0
38.735	-8.726	1.40E-01	2
38.733	-8.690	1.05E-01	0
38.731	-8.654	6.30E-02	2
38.729	-8.619	1.14E-01	0
38.727	-8.584	1.03E-01	2
38.724	-8.549	6.00E-02	0
38.722	-8.514	1.18E-01	2
38.720	-8.479	1.40E-01	0
38.718	-8.444	1.12E-01	2
38.716	-8.410	8.20E-02	0
38.714	-8.376	6.30E-02	2
38.712	-8.341	5.90E-02	0
38.709	-8.307	1.08E-01	2
38.707	-8.273	5.30E-02	0
38.749	-9.248	1.40E-01	2
38.747	-9.209	2.15E-01	0
38.745	-9.171	2.50E-01	2
38.743	-9.134	1.99E-01	0
38.741	-9.097	9.20E-02	2
38.739	-9.059	5.80E-02	0
38.737	-9.022	5.80E-02	3
38.735	-8.984	7.40E-02	0
38.732	-8.947	9.70E-02	3
38.730	-8.910	7.80E-02	0
38.728	-8.873	6.00E-02	3
38.726	-8.836	4.90E-02	0
38.724	-8.800	7.40E-02	3
38.722	-8.764	7.40E-02	0
38.720	-8.727	6.80E-02	3
38.718	-8.691	6.70E-02	0
38.716	-8.656	1.09E-01	3
38.714	-8.620	1.18E-01	0
38.712	-8.585	1.19E-01	3
38.709	-8.550	1.38E-01	0
38.707	-8.515	2.28E-01	3
38.705	-8.480	5.50E-02	0
38.703	-8.445	1.44E-01	3
38.701	-8.411	6.80E-02	0
38.699	-8.377	1.48E-01	3
38.697	-8.343	1.19E-01	0
38.695	-8.308	1.02E-01	3
38.693	-8.274	4.80E-02	0
38.733	-9.249	1.40E-01	2
38.731	-9.210	2.88E-01	0
38.729	-9.172	2.97E-01	2
38.727	-9.135	1.79E-01	0
38.725	-9.098	6.90E-02	2
38.723	-9.060	6.60E-02	0
38.721	-9.023	1.20E-01	2
38.719	-8.985	1.44E-01	0
38.717	-8.948	1.34E-01	2
38.715	-8.911	1.15E-01	0
38.713	-8.874	8.30E-02	2
38.711	-8.838	6.30E-02	0
38.709	-8.801	6.70E-02	2
38.707	-8.765	8.50E-02	0
38.705	-8.729	8.00E-02	2
38.703	-8.693	9.70E-02	0
38.701	-8.657	1.15E-01	2
38.699	-8.621	7.80E-02	0
38.697	-8.586	1.30E-01	2
38.695	-8.551	5.40E-02	0
38.692	-8.516	4.60E-02	2
38.690	-8.481	1.27E-01	0
38.688	-8.446	1.94E-01	2
38.686	-8.412	8.40E-02	0
38.684	-8.378	7.40E-02	2
38.682	-8.344	4.90E-02	0
38.680	-8.310	4.10E-02	2
38.678	-8.276	4.80E-02	0
38.716	-9.212	2.30E-01	0
38.714	-9.174	2.22E-01	2
38.712	-9.137	1.51E-01	0
38.710	-9.099	6.50E-02	2
38.708	-9.061	4.90E-02	0
38.706	-9.024	8.90E-02	3
38.704	-8.987	1.03E-01	0
38.702	-8.949	1.48E-01	3
38.700	-8.912	1.28E-01	0
38.698	-8.876	1.15E-01	3
38.696	-8.839	1.03E-01	0
38.694	-8.802	5.80E-02	3
38.692	-8.766	8.40E-02	0
38.690	-8.730	7.60E-02	3
38.688	-8.694	8.60E-02	0
38.686	-8.658	1.25E-01	3
38.684	-8.623	9.10E-02	0
38.682	-8.587	6.70E-02	3
38.680	-8.552	1.03E-01	0
38.678	-8.517	1.22E-01	3
38.676	-8.482	8.70E-02	0
38.673	-8.447	1.38E-01	3
38.671	-8.413	1.54E-01	0
38.669	-8.379	6.40E-02	3
38.667	-8.345	1.07E-01	0
38.665	-8.311	8.00E-02	3
38.663	-8.277	5.10E-02	0
38.700	-9.214	2.50E-01	0
38.698	-9.176	1.06E-01	2
38.696	-9.138	1.30E-02	0
38.694	-9.100	2.60E-02	2
38.692	-9.063	5.90E-02	0
38.690	-9.025	6.50E-02	2
38.689	-8.988	7.60E-02	0
38.687	-8.950	1.40E-01	2
38.685	-8.913	1.78E-01	0
38.683	-8.877	1.27E-01	2
38.681	-8.840	9.80E-02	0
38.679	-8.804	1.01E-01	2
38.677	-8.767	7.30E-02	0
38.675	-8.731	1.05E-01	2
38.673	-8.695	1.09E-01	0
38.671	-8.659	1.07E-01	2
38.669	-8.624	9.30E-02	0
38.667	-8.588	6.70E-02	2
38.665	-8.553	1.17E-01	0
38.663	-8.518	7.70E-02	2
38.661	-8.483	1.42E-01	0
38.659	-8.449	6.90E-02	2
38.657	-8.414	1.02E-01	0
38.655	-8.380	9.20E-02	2
38.653	-8.346	1.18E-01	0
38.651	-8.311	4.60E-02	2
38.649	-8.278	5.30E-02	0
38.685	-9.216	1.20E-01	0
38.683	-9.177	7.50E-02	3
38.681	-9.139	5.80E-02	0
38.679	-9.102	2.90E-02	3
38.677	-9.064	6.40E-02	0
38.675	-9.026	7.10E-02	3
38.673	-8.989	9.00E-02	0
38.671	-8.952	1.22E-01	2
38.669	-8.914	9.30E-02	0
38.667	-8.878	1.30E-01	2
38.665	-8.841	1.54E-01	0
38.663	-8.805	1.41E-01	3
38.661	-8.769	9.20E-02	0
38.660	-8.733	7.50E-02	3
38.658	-8.697	7.50E-02	0
38.656	-8.661	6.20E-02	3
38.654	-8.625	7.60E-02	0
38.652	-8.590	1.04E-01	3
38.650	-8.555	9.30E-02	0
38.648	-8.520	1.61E-01	3
38.646	-8.485	1.55E-01	0
38.644	-8.450	1.50E-01	3
38.642	-8.415	2.25E-01	0
38.640	-8.381	1.02E-01	3
38.638	-8.346	8.70E-02	0
38.636	-8.312	5.20E-02	3
38.634	-8.279	8.00E-02	0
38.669	-9.216	9.70E-02	0
38.667	-9.178	1.02E-01	2
38.665	-9.141	7.20E-02	0
38.664	-9.103	6.70E-02	2
38.662	-9.065	1.09E-01	0
38.660	-9.027	1.39E-01	2
38.658	-8.990	1.16E-01	0
38.656	-8.953	8.60E-02	2
38.654	-8.916	1.17E-01	0
38.652	-8.879	1.02E-01	2
38.650	-8.842	1.10E-01	0
38.648	-8.806	1.08E-01	2
38.646	-8.770	1.55E-01	0
38.644	-8.734	1.08E-01	2
38.643	-8.698	1.24E-01	0
38.641	-8.662	1.17E-01	2
38.639	-8.627	4.50E-02	0
38.637	-8.591	3.80E-02	2
38.635	-8.556	4.60E-02	0
38.633	-8.521	1.04E-01	2
38.631	-8.486	1.43E-01	0
38.629	-8.452	1.53E-01	2
38.627	-8.417	1.17E-01	0
38.625	-8.382	1.29E-01	2
38.623	-8.348	5.70E-02	0
38.621	-8.314	4.90E-02	2
38.619	-8.280	7.50E-02	0
38.654	-9.217	9.70E-02	0
38.652	-9.179	9.20E-02	2
38.650	-9.142	9.90E-02	0
38.648	-9.104	1.39E-01	2
38.646	-9.066	1.41E-01	0
38.644	-9.028	1.32E-01	3
38.642	-8.991	1.31E-01	0
38.641	-8.954	1.26E-01	2
38.639	-8.917	1.04E-01	0
38.637	-8.880	1.09E-01	2
38.635	-8.844	8.70E-02	0
38.633	-8.807	7.30E-02	3
38.631	-8.771	9.60E-02	0
38.629	-8.735	1.15E-01	3
38.627	-8.699	1.25E-01	0
38.626	-8.663	8.70E-02	3
38.624	-8.628	9.80E-02	0
38.622	-8.593	4.20E-02	3
38.620	-8.558	9.70E-02	0
38.618	-8.523	1.46E-01	3
38.616	-8.488	1.65E-01	0
38.614	-8.453	1.69E-01	3
38.612	-8.418	6.40E-02	0
38.610	-8.384	1.60E-01	3
38.608	-8.349	4.70E-02	0
38.606	-8.315	4.40E-02	3
38.605	-8.280	3.70E-02	0
38.705	-9.221	2.64E-01	0
38.703	-9.183	1.37E-01	2
38.701	-9.146	8.60E-02	0
38.699	-9.108	2.30E-02	2
38.697	-9.070	5.80E-02	0
38.694	-9.033	6.40E-02	2
38.692	-8.995	6.60E-02	0
38.690	-8.958	1.32E-01	2
38.688	-8.921	1.74E-01	0
38.686	-8.884	8.40E-02	2
38.683	-8.848	6.30E-02	0
38.681	-8.811	1.01E-01	2
38.679	-8.775	6.80E-02	0
38.677	-8.739	9.80E-02	2
38.675	-8.703	1.10E-01	0
38.672	-8.667	1.18E-01	2
38.670	-8.631	9.50E-02	0
38.668	-8.596	1.02E-01	2
38.666	-8.561	1.14E-01	0
38.664	-8.526	4.70E-02	2
38.661	-8.491	1.30E-01	0
38.659	-8.457	1.19E-01	2
38.657	-8.422	1.07E-01	0
38.655	-8.387	8.50E-02	2
38.653	-8.353	1.29E-01	0
38.650	-8.319	4.70E-02	2
38.648	-8.286	6.80E-02	0
38.646	-8.252	6.20E-02	2
38.690	-9.223	1.83E-01	0
38.688	-9.185	7.50E-02	2
38.685	-9.147	6.20E-02	0
38.683	-9.109	3.10E-02	2
38.681	-9.071	6.40E-02	0
38.679	-9.034	7.30E-02	2
38.677	-8.996	8.10E-02	0
38.675	-8.959	1.20E-01	2
38.672	-8.922	1.12E-01	0
38.670	-8.885	1.24E-01	2
38.668	-8.849	1.64E-01	0
38.666	-8.812	1.43E-01	3
38.664	-8.776	7.10E-02	0
38.662	-8.740	7.60E-02	3
38.659	-8.704	7.00E-02	0
38.657	-8.668	6.60E-02	3
38.655	-8.633	7.00E-02	0
38.653	-8.597	1.10E-01	3
38.651	-8.562	8.40E-02	0
38.649	-8.527	1.56E-01	3
38.646	-8.492	1.56E-01	0
38.644	-8.458	9.20E-02	3
38.642	-8.423	2.34E-01	0
38.640	-8.389	6.50E-02	3
38.638	-8.354	8.70E-02	0
38.636	-8.320	5.40E-02	3
38.633	-8.286	8.10E-02	0
38.631	-8.253	4.50E-02	3
38.674	-9.224	9.90E-02	0
38.672	-9.185	9.80E-02	2
38.670	-9.148	8.00E-02	0
38.668	-9.110	6.20E-02	2
38.666	-9.072	7.90E-02	0
38.664	-9.035	1.06E-01	2
38.661	-8.997	9.40E-02	0
38.659	-8.960	9.60E-02	2
38.657	-8.923	1.13E-01	0
38.655	-8.886	8.20E-02	2
38.653	-8.850	1.10E-01	0
38.651	-8.814	1.16E-01	2
38.649	-8.777	1.51E-01	0
38.647	-8.741	1.03E-01	2
38.644	-8.705	1.05E-01	0
38.642	-8.670	1.28E-01	2
38.640	-8.634	5.10E-02	0
38.638	-8.599	3.70E-02	2
38.636	-8.564	8.20E-02	0
38.634	-8.529	9.90E-02	2
38.632	-8.494	1.29E-01	0
38.630	-8.459	1.62E-01	2
38.627	-8.425	1.23E-01	0
38.625	-8.390	1.16E-01	2
38.623	-8.355	6.70E-02	0
38.621	-8.321	7.70E-02	2
38.619	-8.287	5.00E-02	0
38.617	-8.253	5.80E-02	2
38.659	-9.225	1.04E-01	0
38.656	-9.186	8.40E-02	2
38.654	-9.149	9.30E-02	0
38.652	-9.111	1.08E-01	2
38.650	-9.073	1.10E-01	0
38.648	-9.036	1.17E-01	2
38.646	-8.999	1.33E-01	0
38.644	-8.961	1.12E-01	2
38.642	-8.924	8.80E-02	0
38.640	-8.888	1.10E-01	3
38.638	-8.851	8.40E-02	0
38.636	-8.815	5.80E-02	2
38.634	-8.778	9.20E-02	0
38.631	-8.742	1.26E-01	3
38.629	-8.707	1.26E-01	0
38.627	-8.671	7.30E-02	3
38.625	-8.635	9.40E-02	0
38.623	-8.600	3.90E-02	3
38.621	-8.565	9.40E-02	0
38.619	-8.530	1.36E-01	3
38.617	-8.495	1.57E-01	0
38.615	-8.461	1.76E-01	3
38.613	-8.426	6.90E-02	0
38.610	-8.391	1.46E-01	3
38.608	-8.357	5.40E-02	0
38.606	-8.322	4.60E-02	3
38.604	-8.288	3.80E-02	0
38.602	-8.254	5.60E-02	3
38.643	-9.226	1.00E-01	0
38.641	-9.187	8.90E-02	2
38.639	-9.150	8.80E-02	0
38.637	-9.112	1.21E-01	2
38.635	-9.075	2.96E-01	0
38.633	-9.037	1.49E-01	2
38.631	-9.000	1.15E-01	0
38.629	-8.962	1.28E-01	2
38.627	-8.925	1.24E-01	0
38.625	-8.889	8.70E-02	2
38.623	-8.852	9.40E-02	0
38.620	-8.816	1.17E-01	2
38.618	-8.780	1.61E-01	0
38.616	-8.744	1.23E-01	2
38.614	-8.708	1.79E-01	0
38.612	-8.672	7.70E-02	2
38.610	-8.637	9.10E-02	0
38.608	-8.601	1.21E-01	2
38.606	-8.566	1.52E-01	0
38.604	-8.531	1.35E-01	2
38.602	-8.497	1.13E-01	0
38.600	-8.462	1.61E-01	2
38.598	-8.427	1.20E-01	0
38.596	-8.392	1.55E-01	2
38.594	-8.358	9.20E-02	0
38.591	-8.324	4.50E-02	2
38.589	-8.290	8.50E-02	0
38.587	-8.256	3.80E-02	3
38.627	-9.228	8.30E-02	0
38.625	-9.189	8.50E-02	2
38.623	-9.151	8.60E-02	0
38.621	-9.113	9.50E-02	2
38.619	-9.076	2.20E-01	0
38.617	-9.038	2.69E-01	2
38.615	-9.000	1.50E-01	0
38.613	-8.963	1.30E-01	3
38.611	-8.926	1.41E-01	0
38.609	-8.890	1.34E-01	3
38.607	-8.853	1.09E-01	0
38.605	-8.817	1.20E-01	2
38.603	-8.781	1.33E-01	0
38.601	-8.745	8.30E-02	3
38.599	-8.709	1.54E-01	0
38.597	-8.674	8.70E-02	3
38.595	-8.638	1.17E-01	0
38.593	-8.603	4.60E-02	3
38.591	-8.568	4.80E-02	0
38.589	-8.533	5.70E-02	2
38.587	-8.498	1.24E-01	0
38.585	-8.464	1.25E-01	2
38.583	-8.428	9.40E-02	0
38.581	-8.393	7.50E-02	3
38.579	-8.359	1.25E-01	0
38.577	-8.325	5.00E-02	3
38.575	-8.291	5.00E-02	0
38.573	-8.258	4.20E-02	3
38.612	-9.229	5.70E-02	0
38.610	-9.190	8.20E-02	2
38.608	-9.152	8.50E-02	0
38.606	-9.114	9.20E-02	2
38.604	-9.077	1.86E-01	0
38.602	-9.039	3.04E-01	2
38.600	-9.002	2.09E-01	0
38.598	-8.964	1.17E-01	2
38.596	-8.927	1.93E-01	0
38.594	-8.891	1.49E-01	2
38.592	-8.855	1.49E-01	0
38.590	-8.818	1.23E-01	2
38.588	-8.782	1.09E-01	0
38.586	-8.746	1.38E-01	2
38.584	-8.711	2.14E-01	0
38.582	-8.675	5.90E-02	2
38.580	-8.640	1.09E-01	0
38.578	-8.604	5.20E-02	2
38.576	-8.569	4.70E-02	0
38.574	-8.534	1.37E-01	2
38.572	-8.499	1.68E-01	0
38.570	-8.464	1.89E-01	2
38.568	-8.430	1.84E-01	0
38.566	-8.395	1.10E-01	2
38.564	-8.360	7.40E-02	0
38.562	-8.327	5.40E-02	2
38.560	-8.293	6.40E-02	0
38.558	-8.259	4.80E-02	2
38.596	-9.230	4.60E-02	0
38.594	-9.191	6.20E-02	2
38.592	-9.153	6.70E-02	0
38.590	-9.115	8.00E-02	2
38.589	-9.078	1.55E-01	0
38.587	-9.040	2.71E-01	2
38.585	-9.003	2.52E-01	0
38.583	-8.965	1.38E-01	3
38.581	-8.928	8.70E-02	0
38.579	-8.891	1.79E-01	3
38.577	-8.856	1.03E-01	0
38.575	-8.820	1.38E-01	2
38.573	-8.784	1.47E-01	0
38.571	-8.748	1.05E-01	3
38.569	-8.712	8.90E-02	0
38.567	-8.676	1.19E-01	2
38.565	-8.640	1.10E-01	0
38.563	-8.605	8.20E-02	2
38.561	-8.570	6.50E-02	0
38.559	-8.535	9.40E-02	2
38.557	-8.500	1.38E-01	0
38.555	-8.466	1.97E-01	2
38.553	-8.431	1.42E-01	0
38.551	-8.396	1.25E-01	2
38.549	-8.362	1.02E-01	0
38.547	-8.328	1.20E-01	3
38.545	-8.294	4.70E-02	0
38.543	-8.261	4.40E-02	3
38.581	-9.231	1.20E-02	0
38.579	-9.192	4.80E-02	2
38.577	-9.154	6.00E-02	0
38.575	-9.116	6.80E-02	2
38.573	-9.079	1.21E-01	0
38.571	-9.041	1.85E-01	2
38.569	-9.004	2.90E-01	0
38.567	-8.966	1.82E-01	2
38.565	-8.929	1.64E-01	0
38.564	-8.893	9.70E-02	2
38.562	-8.857	1.19E-01	0
38.560	-8.821	1.98E-01	2
38.558	-8.785	1.51E-01	0
38.556	-8.749	1.21E-01	2
38.554	-8.713	2.04E-01	0
38.552	-8.677	8.50E-02	2
38.550	-8.642	4.80E-02	0
38.548	-8.606	7.60E-02	2
38.546	-8.571	3.80E-02	0
38.544	-8.536	1.20E-01	2
38.542	-8.502	1.55E-01	0
38.541	-8.468	1.93E-01	2
38.539	-8.433	1.69E-01	0
38.537	-8.398	7.10E-02	2
38.535	-8.363	8.60E-02	0
38.533	-8.329	1.24E-01	2
38.531	-8.296	4.80E-02	0
38.529	-8.263	4.70E-02	2
38.565	-9.233	2.20E-02	0
38.563	-9.194	3.10E-02	2
38.561	-9.155	5.40E-02	0
38.560	-9.117	5.90E-02	2
38.558	-9.079	1.03E-01	0
38.556	-9.042	1.27E-01	2
38.554	-9.005	2.12E-01	0
38.552	-8.966	2.52E-01	3
38.550	-8.929	1.58E-01	0
38.548	-8.894	1.22E-01	2
38.546	-8.858	1.10E-01	0
38.545	-8.822	1.56E-01	2
38.543	-8.786	7.90E-02	0
38.541	-8.750	9.80E-02	2
38.539	-8.714	1.32E-01	0
38.537	-8.679	4.00E-02	2
38.535	-8.643	8.20E-02	0
38.533	-8.607	5.20E-02	2
38.531	-8.573	6.80E-02	0
38.529	-8.538	1.04E-01	2
38.528	-8.504	1.41E-01	0
38.526	-8.469	6.00E-02	2
38.524	-8.434	6.70E-02	0
38.522	-8.399	1.24E-01	2
38.520	-8.365	8.30E-02	0
38.518	-8.331	5.70E-02	2
38.516	-8.297	9.90E-02	0
38.514	-8.264	6.10E-02	2
38.616	-9.235	6.00E-02	0
38.614	-9.195	6.80E-02	2
38.612	-9.157	8.30E-02	0
38.610	-9.120	9.40E-02	2
38.607	-9.082	1.75E-01	0
38.605	-9.045	3.10E-01	2
38.603	-9.007	2.08E-01	0
38.601	-8.970	1.18E-01	2
38.599	-8.933	1.96E-01	0
38.596	-8.896	1.51E-01	2
38.594	-8.860	1.46E-01	0
38.592	-8.824	1.28E-01	2
38.590	-8.788	1.14E-01	0
38.588	-8.752	1.23E-01	2
38.585	-8.716	2.30E-01	0
38.583	-8.681	6.30E-02	2
38.581	-8.645	1.01E-01	0
38.579	-8.610	5.60E-02	2
38.577	-8.575	4.70E-02	0
38.574	-8.540	1.24E-01	2
38.572	-8.505	1.69E-01	0
38.570	-8.470	1.90E-01	2
38.568	-8.436	1.95E-01	0
38.566	-8.401	1.15E-01	2
38.563	-8.366	1.34E-01	0
38.561	-8.332	9.20E-02	2
38.559	-8.299	4.80E-02	0
38.557	-8.265	8.30E-02	2
38.601	-9.236	4.70E-02	0
38.598	-9.196	4.30E-02	2
38.596	-9.158	7.70E-02	0
38.594	-9.121	8.00E-02	2
38.592	-9.083	1.48E-01	0
38.590	-9.046	2.79E-01	2
38.588	-9.008	2.54E-01	0
38.585	-8.971	1.37E-01	2
38.583	-8.934	8.70E-02	0
38.581	-8.897	1.71E-01	3
38.579	-8.861	1.59E-01	0
38.577	-8.825	1.36E-01	3
38.575	-8.789	1.42E-01	0
38.573	-8.753	6.70E-02	2
38.570	-8.718	6.30E-02	0
38.568	-8.682	1.08E-01	2
38.566	-8.646	1.23E-01	0
38.564	-8.611	7.90E-02	2
38.562	-8.575	1.15E-01	0
38.559	-8.541	9.00E-02	2
38.557	-8.506	1.36E-01	0
38.555	-8.472	2.08E-01	3
38.553	-8.437	1.42E-01	0
38.551	-8.402	1.39E-01	3
38.549	-8.368	9.70E-02	0
38.546	-8.334	1.19E-01	3
38.544	-8.300	4.70E-02	0
38.542	-8.267	4.40E-02	3
38.585	-9.237	1.70E-02	0
38.583	-9.198	3.00E-02	2
38.581	-9.159	6.40E-02	0
38.579	-9.121	7.30E-02	2
38.577	-9.084	1.16E-01	0
38.574	-9.047	1.87E-01	2
38.572	-9.009	3.11E-01	0
38.570	-8.972	1.92E-01	2
38.568	-8.934	1.58E-01	0
38.566	-8.897	1.70E-01	2
38.564	-8.862	1.18E-01	0
38.562	-8.827	1.82E-01	2
38.560	-8.790	1.74E-01	0
38.557	-8.755	1.23E-01	2
38.555	-8.719	1.88E-01	0
38.553	-8.683	9.40E-02	2
38.551	-8.647	5.30E-02	0
38.549	-8.612	7.40E-02	2
38.547	-8.577	3.90E-02	0
38.545	-8.542	1.08E-01	2
38.542	-8.507	1.45E-01	0
38.540	-8.473	2.01E-01	2
38.538	-8.438	1.58E-01	0
38.536	-8.404	8.10E-02	2
38.534	-8.369	7.80E-02	0
38.532	-8.335	1.34E-01	2
38.530	-8.302	5.00E-02	0
38.528	-8.269	7.00E-02	2
38.570	-9.238	2.30E-02	0
38.567	-9.199	2.70E-02	2
38.565	-9.160	5.70E-02	0
38.563	-9.122	5.70E-02	2
38.561	-9.085	1.05E-01	0
38.559	-9.048	1.26E-01	2
38.557	-9.010	1.96E-01	0
38.555	-8.972	2.75E-01	2
38.553	-8.935	1.72E-01	0
38.551	-8.899	1.40E-01	3
38.549	-8.864	1.03E-01	0
38.547	-8.828	1.77E-01	2
38.544	-8.792	8.50E-02	0
38.542	-8.756	8.40E-02	2
38.540	-8.720	1.42E-01	0
38.538	-8.684	8.00E-02	2
38.536	-8.648	7.60E-02	0
38.534	-8.613	5.80E-02	2
38.532	-8.578	4.10E-02	0
38.530	-8.544	9.70E-02	3
38.528	-8.509	1.43E-01	0
38.526	-8.475	6.10E-02	3
38.523	-8.440	6.30E-02	0
38.521	-8.405	1.35E-01	3
38.519	-8.371	4.90E-02	0
38.517	-8.336	5.70E-02	3
38.515	-8.303	9.60E-02	0
38.513	-8.270	6.50E-02	3
38.554	-9.239	2.20E-02	0
38.552	-9.200	2.10E-02	2
38.550	-9.162	2.30E-02	0
38.548	-9.124	4.50E-02	2
38.546	-9.086	6.20E-02	0
38.544	-9.049	1.25E-01	2
38.542	-9.011	2.35E-01	0
38.539	-8.973	2.00E-01	3
38.537	-8.935	1.16E-01	0
38.535	-8.901	1.02E-01	2
38.533	-8.865	9.80E-02	0
38.531	-8.829	7.50E-02	2
38.529	-8.793	7.70E-02	0
38.527	-8.757	7.50E-02	2
38.525	-8.721	4.40E-02	0
38.523	-8.686	6.80E-02	2
38.521	-8.650	4.30E-02	0
38.519	-8.614	8.20E-02	2
38.517	-8.579	4.60E-02	0
38.515	-8.545	8.70E-02	2
38.513	-8.511	1.31E-01	0
38.511	-8.476	1.30E-01	2
38.509	-8.441	5.70E-02	0
38.507	-8.407	1.54E-01	2
38.504	-8.373	1.18E-01	0
38.502	-8.338	5.40E-02	2
38.500	-8.305	9.00E-02	0
38.498	-8.271	5.00E-02	2
38.538	-9.240	2.40E-02	0
38.536	-9.202	1.70E-02	2
38.534	-9.163	2.50E-02	0
38.532	-9.125	4.50E-02	2
38.530	-9.087	4.90E-02	0
38.528	-9.050	8.10E-02	2
38.526	-9.012	1.53E-01	0
38.524	-8.975	1.65E-01	2
38.522	-8.938	1.04E-01	0
38.520	-8.902	7.40E-02	2
38.518	-8.866	8.70E-02	0
38.516	-8.830	7.40E-02	2
38.514	-8.794	7.40E-02	0
38.512	-8.758	7.50E-02	2
38.510	-8.723	4.60E-02	0
38.508	-8.687	5.00E-02	2
38.506	-8.651	7.40E-02	0
38.504	-8.615	4.40E-02	2
38.502	-8.581	7.90E-02	0
38.500	-8.546	4.60E-02	3
38.498	-8.511	1.82E-01	0
38.496	-8.477	5.70E-02	3
38.494	-8.442	5.70E-02	0
38.492	-8.408	1.22E-01	3
38.490	-8.374	5.20E-02	0
38.488	-8.340	5.50E-02	3
38.486	-8.306	1.57E-01	0
38.484	-8.273	6.20E-02	3
38.523	-9.241	2.20E-02	0
38.521	-9.203	3.20E-02	2
38.519	-9.165	4.80E-02	0
38.517	-9.126	3.90E-02	2
38.515	-9.088	6.20E-02	0
38.513	-9.051	7.40E-02	2
38.511	-9.012	1.04E-01	0
38.509	-8.976	9.90E-02	2
38.507	-8.940	5.30E-02	0
38.505	-8.904	3.70E-02	2
38.503	-8.868	-7.00E-03	0
38.501	-8.831	6.40E-02	2
38.499	-8.795	6.90E-02	0
38.497	-8.760	5.90E-02	2
38.495	-8.724	5.30E-02	0
38.493	-8.688	6.90E-02	2
38.491	-8.652	5.00E-02	0
38.489	-8.617	9.20E-02	2
38.487	-8.583	5.40E-02	0
38.485	-8.547	7.50E-02	2
38.483	-8.512	1.22E-01	0
38.481	-8.478	7.50E-02	2
38.479	-8.443	1.35E-01	0
38.477	-8.409	9.20E-02	2
38.475	-8.375	9.40E-02	0
38.473	-8.342	5.90E-02	2
38.471	-8.307	6.20E-02	0
38.469	-8.274	5.80E-02	2
38.507	-9.243	-1.00E-03	0
38.505	-9.204	1.15E-01	2
38.503	-9.166	1.32E-01	0
38.501	-9.127	3.60E-02	2
38.499	-9.089	4.90E-02	0
38.497	-9.051	6.90E-02	2
38.495	-9.014	1.17E-01	0
38.493	-8.975	1.27E-01	2
38.492	-8.940	7.30E-02	0
38.490	-8.906	4.10E-02	2
38.488	-8.869	3.00E-02	0
38.486	-8.833	5.80E-02	2
38.484	-8.797	5.40E-02	0
38.482	-8.761	4.80E-02	2
38.480	-8.725	5.20E-02	0
38.478	-8.689	7.50E-02	3
38.476	-8.654	1.05E-01	0
38.474	-8.619	6.40E-02	3
38.472	-8.584	7.70E-02	0
38.470	-8.548	8.50E-02	3
38.468	-8.514	6.10E-02	0
38.466	-8.479	1.24E-01	3
38.464	-8.445	1.27E-01	0
38.462	-8.411	4.90E-02	3
38.460	-8.377	8.80E-02	0
38.458	-8.343	4.70E-02	3
38.456	-8.309	1.31E-01	0
38.454	-8.275	1.26E-01	3
38.492	-9.244	5.90E-02	0
38.490	-9.205	1.27E-01	2
38.488	-9.167	1.21E-01	0
38.486	-9.128	6.20E-02	2
38.484	-9.090	6.00E-02	0
38.482	-9.052	7.90E-02	2
38.480	-9.013	2.00E-01	0
38.478	-8.978	1.23E-01	2
38.476	-8.943	5.90E-02	0
38.475	-8.907	4.30E-02	2
38.473	-8.870	3.30E-02	0
38.471	-8.834	1.50E-02	2
38.469	-8.798	5.50E-02	0
38.467	-8.762	5.40E-02	2
38.465	-8.726	4.40E-02	0
38.463	-8.690	7.80E-02	2
38.461	-8.655	1.12E-01	0
38.459	-8.620	1.27E-01	2
38.457	-8.585	1.63E-01	0
38.455	-8.550	1.26E-01	2
38.453	-8.515	1.26E-01	0
38.451	-8.481	9.80E-02	2
38.449	-8.447	6.50E-02	0
38.448	-8.413	8.20E-02	2
38.446	-8.379	1.03E-01	0
38.444	-8.345	8.50E-02	2
38.442	-8.311	1.18E-01	0
38.440	-8.277	8.90E-02	2
38.476	-9.245	1.80E-02	0
38.474	-9.207	1.60E-01	2
38.472	-9.168	1.34E-01	0
38.470	-9.129	5.40E-02	2
38.469	-9.091	7.10E-02	0
38.467	-9.053	8.00E-02	3
38.465	-9.014	1.30E-01	0
38.463	-8.981	9.50E-02	2
38.461	-8.945	1.80E-02	0
38.459	-8.908	2.20E-02	2
38.457	-8.872	2.80E-02	0
38.456	-8.835	1.50E-02	3
38.454	-8.799	1.40E-02	0
38.452	-8.763	7.00E-03	3
38.450	-8.728	4.40E-02	0
38.448	-8.692	4.20E-02	3
38.446	-8.656	6.50E-02	0
38.444	-8.622	8.90E-02	3
38.442	-8.586	1.06E-01	0
38.440	-8.551	1.13E-01	3
38.438	-8.517	1.01E-01	0
38.437	-8.482	5.30E-02	3
38.435	-8.448	5.90E-02	0
38.433	-8.414	6.10E-02	3
38.431	-8.380	3.80E-02	0
38.429	-8.346	5.30E-02	3
38.427	-8.313	4.70E-02	0
38.425	-8.279	3.90E-02	3
