39.349	-8.415	6.10E-02	3
39.347	-8.371	5.40E-02	0
39.345	-8.326	5.00E-02	3
39.343	-8.282	5.30E-02	0
39.349	-8.879	5.40E-02	3
39.347	-8.832	7.10E-02	3
39.346	-8.784	7.70E-02	3
39.344	-8.737	8.00E-02	3
39.342	-8.691	8.60E-02	3
39.341	-8.645	8.60E-02	3
39.339	-8.600	9.60E-02	3
39.337	-8.555	1.64E-01	3
39.336	-8.509	1.60E-01	3
39.334	-8.463	8.00E-02	3
39.332	-8.417	5.10E-02	3
39.330	-8.373	6.00E-02	3
39.329	-8.328	5.90E-02	3
39.327	-8.284	5.80E-02	3
39.349	-8.562	1.44E-01	3
39.347	-8.516	1.62E-01	3
39.345	-8.470	9.70E-02	3
39.343	-8.423	5.60E-02	3
39.341	-8.379	5.70E-02	2
39.339	-8.335	5.40E-02	3
39.337	-8.291	5.10E-02	3
39.349	-8.982	7.00E-02	3
39.347	-8.934	7.70E-02	1
39.345	-8.887	5.40E-02	3
39.343	-8.840	7.00E-02	1
39.342	-8.792	7.70E-02	3
39.340	-8.744	7.60E-02	1
39.338	-8.699	8.70E-02	3
39.336	-8.653	8.90E-02	0
39.334	-8.608	9.50E-02	3
39.332	-8.563	1.64E-01	2
39.330	-8.517	1.58E-01	3
39.328	-8.472	9.60E-02	0
39.326	-8.426	5.60E-02	3
39.324	-8.381	6.20E-02	0
39.322	-8.336	6.00E-02	3
39.320	-8.292	6.50E-02	0
39.341	-9.230	9.20E-02	3
39.339	-9.180	9.10E-02	3
39.337	-9.130	7.80E-02	3
39.336	-9.081	7.10E-02	3
39.334	-9.031	6.40E-02	3
39.332	-8.983	5.90E-02	3
39.330	-8.936	9.40E-02	3
39.328	-8.888	6.70E-02	3
39.327	-8.841	6.60E-02	3
39.325	-8.793	8.60E-02	3
39.323	-8.746	8.40E-02	3
39.321	-8.700	8.00E-02	3
39.319	-8.654	1.00E-01	3
39.317	-8.609	1.22E-01	3
39.315	-8.564	1.60E-01	3
39.314	-8.518	1.37E-01	3
39.312	-8.472	6.70E-02	3
39.310	-8.427	7.70E-02	3
39.308	-8.382	8.40E-02	2
39.306	-8.337	7.00E-02	3
39.304	-8.292	6.30E-02	3
39.324	-9.231	1.05E-01	0
39.322	-9.181	1.02E-01	3
39.320	-9.130	8.50E-02	1
39.318	-9.082	8.50E-02	3
39.317	-9.033	8.30E-02	0
39.315	-8.983	6.60E-02	3
39.313	-8.936	8.10E-02	0
39.311	-8.889	8.00E-02	3
39.310	-8.841	7.00E-02	0
39.308	-8.794	7.20E-02	3
39.306	-8.747	7.90E-02	0
39.304	-8.701	8.50E-02	3
39.302	-8.655	1.00E-01	1
39.301	-8.610	1.17E-01	3
39.299	-8.565	1.38E-01	2
39.297	-8.519	1.15E-01	3
39.295	-8.472	5.60E-02	2
39.293	-8.427	5.30E-02	3
39.291	-8.382	7.30E-02	0
39.289	-8.338	6.60E-02	3
39.288	-8.293	6.40E-02	0
39.306	-9.230	7.90E-02	3
39.305	-9.182	9.30E-02	3
39.303	-9.131	9.60E-02	3
39.301	-9.082	9.50E-02	3
39.300	-9.033	8.30E-02	3
39.298	-8.984	6.20E-02	3
39.296	-8.938	6.90E-02	3
39.294	-8.890	7.70E-02	3
39.293	-8.842	8.00E-02	3
39.291	-8.795	7.70E-02	3
39.289	-8.749	9.50E-02	3
39.287	-8.702	8.40E-02	3
39.286	-8.657	9.80E-02	3
39.284	-8.611	1.33E-01	3
39.282	-8.565	1.29E-01	3
39.280	-8.519	8.40E-02	3
39.278	-8.473	5.90E-02	3
39.277	-8.427	6.40E-02	3
39.275	-8.383	6.10E-02	3
39.273	-8.339	6.80E-02	3
39.271	-8.295	7.40E-02	3
39.269	-8.251	5.90E-02	3
39.289	-9.231	9.00E-02	1
39.288	-9.182	1.00E-01	3
39.286	-9.133	9.50E-02	0
39.284	-9.083	9.90E-02	3
39.283	-9.034	8.50E-02	1
39.281	-8.985	6.00E-02	3
39.279	-8.938	5.10E-02	0
39.278	-8.891	6.80E-02	3
39.276	-8.844	8.00E-02	1
39.274	-8.797	7.60E-02	3
39.272	-8.750	8.40E-02	2
39.271	-8.703	8.60E-02	3
39.269	-8.658	1.12E-01	1
39.267	-8.612	1.46E-01	3
39.266	-8.566	1.36E-01	2
39.264	-8.520	7.40E-02	3
39.262	-8.474	6.80E-02	2
39.260	-8.428	7.70E-02	3
39.258	-8.384	6.70E-02	0
39.257	-8.340	6.80E-02	3
39.255	-8.296	6.90E-02	0
39.253	-8.252	6.40E-02	3
39.272	-9.231	1.14E-01	3
39.270	-9.183	1.07E-01	3
39.269	-9.134	1.00E-01	3
39.267	-9.085	9.50E-02	3
39.265	-9.035	7.40E-02	3
39.264	-8.987	4.80E-02	3
39.262	-8.939	5.40E-02	3
39.261	-8.892	7.40E-02	3
39.259	-8.844	7.60E-02	3
39.257	-8.798	7.00E-02	3
39.256	-8.751	7.50E-02	3
39.254	-8.704	1.14E-01	3
39.252	-8.659	1.34E-01	3
39.251	-8.613	1.44E-01	3
39.249	-8.567	1.23E-01	3
39.247	-8.520	7.80E-02	3
39.245	-8.475	6.00E-02	3
39.244	-8.430	7.20E-02	3
39.242	-8.385	6.80E-02	3
39.240	-8.341	6.90E-02	3
39.238	-8.297	6.00E-02	3
39.237	-8.254	6.30E-02	3
39.339	-9.236	9.80E-02	0
39.337	-9.187	9.40E-02	3
39.335	-9.135	8.10E-02	0
39.333	-9.087	7.40E-02	3
39.331	-9.037	7.00E-02	0
39.329	-8.989	6.40E-02	3
39.327	-8.942	8.80E-02	0
39.324	-8.894	7.80E-02	3
39.322	-8.847	6.60E-02	0
39.320	-8.799	8.00E-02	3
39.318	-8.752	8.50E-02	0
39.316	-8.706	8.10E-02	3
39.314	-8.661	1.00E-01	0
39.312	-8.615	1.20E-01	3
39.310	-8.570	1.56E-01	0
39.308	-8.524	1.46E-01	3
39.306	-8.478	6.50E-02	0
39.303	-8.432	6.80E-02	3
39.301	-8.388	8.90E-02	0
39.299	-8.343	8.20E-02	3
39.297	-8.299	6.60E-02	0
39.295	-8.255	6.60E-02	3
39.322	-9.236	9.90E-02	3
39.320	-9.187	1.07E-01	3
39.318	-9.135	9.00E-02	3
39.316	-9.087	8.60E-02	3
39.314	-9.039	8.70E-02	3
39.312	-8.990	6.60E-02	3
39.310	-8.942	7.70E-02	3
39.308	-8.895	7.80E-02	3
39.305	-8.847	6.90E-02	3
39.303	-8.800	7.60E-02	3
39.301	-8.753	8.20E-02	3
39.299	-8.707	8.40E-02	3
39.297	-8.661	9.60E-02	3
39.295	-8.616	1.20E-01	3
39.293	-8.571	1.38E-01	3
39.291	-8.525	1.08E-01	3
39.289	-8.478	5.90E-02	3
39.287	-8.433	5.10E-02	3
39.285	-8.388	6.00E-02	3
39.283	-8.344	6.10E-02	3
39.281	-8.300	6.50E-02	3
39.279	-8.256	6.00E-02	3
39.304	-9.236	7.40E-02	0
39.302	-9.188	9.00E-02	3
39.300	-9.137	9.70E-02	0
39.298	-9.088	9.80E-02	3
39.296	-9.039	8.50E-02	0
39.294	-8.990	6.30E-02	3
39.293	-8.943	6.40E-02	0
39.291	-8.896	8.30E-02	3
39.289	-8.849	8.30E-02	0
39.287	-8.801	8.00E-02	3
39.285	-8.755	9.20E-02	0
39.283	-8.708	9.10E-02	3
39.281	-8.663	1.01E-01	1
39.279	-8.617	1.30E-01	3
39.277	-8.571	1.42E-01	2
39.275	-8.526	8.60E-02	3
39.272	-8.480	6.40E-02	0
39.270	-8.434	7.60E-02	3
39.268	-8.389	6.90E-02	0
39.266	-8.345	6.90E-02	3
39.264	-8.301	8.20E-02	0
39.262	-8.257	6.30E-02	3
39.287	-9.236	9.70E-02	3
39.285	-9.188	1.04E-01	3
39.283	-9.139	9.60E-02	3
39.281	-9.089	9.80E-02	3
39.279	-9.040	8.90E-02	3
39.277	-8.991	6.20E-02	3
39.276	-8.944	5.20E-02	3
39.274	-8.897	6.10E-02	3
39.272	-8.850	7.90E-02	3
39.270	-8.803	7.20E-02	3
39.268	-8.756	8.40E-02	3
39.266	-8.709	1.00E-01	3
39.264	-8.664	1.18E-01	3
39.262	-8.618	1.54E-01	3
39.260	-8.572	1.39E-01	3
39.258	-8.526	8.30E-02	3
39.256	-8.480	6.40E-02	3
39.254	-8.435	7.30E-02	3
39.252	-8.390	6.30E-02	3
39.250	-8.347	6.80E-02	3
39.248	-8.302	6.50E-02	3
39.246	-8.259	6.50E-02	3
39.270	-9.237	1.12E-01	0
39.268	-9.189	1.08E-01	3
39.266	-9.140	1.04E-01	1
39.264	-9.090	9.50E-02	3
39.262	-9.041	7.80E-02	2
39.260	-8.992	5.00E-02	3
39.259	-8.945	5.30E-02	1
39.257	-8.898	7.20E-02	3
39.255	-8.850	7.70E-02	0
39.253	-8.803	7.60E-02	3
39.251	-8.757	7.00E-02	1
39.249	-8.710	1.08E-01	3
39.247	-8.665	1.26E-01	0
39.245	-8.619	1.40E-01	3
39.243	-8.573	1.14E-01	2
39.241	-8.526	7.60E-02	3
39.239	-8.481	6.30E-02	1
39.237	-8.436	7.50E-02	3
39.235	-8.391	7.10E-02	0
39.234	-8.347	7.00E-02	3
39.232	-8.303	5.90E-02	0
39.230	-8.260	6.30E-02	3
39.252	-9.239	1.09E-01	3
39.251	-9.190	1.08E-01	3
39.249	-9.141	1.01E-01	3
39.247	-9.091	9.10E-02	3
39.245	-9.041	7.20E-02	3
39.243	-8.993	6.10E-02	3
39.242	-8.946	7.20E-02	3
39.240	-8.898	7.30E-02	3
39.238	-8.851	8.20E-02	3
39.236	-8.804	7.10E-02	3
39.234	-8.758	6.80E-02	3
39.232	-8.711	9.50E-02	3
39.230	-8.665	1.26E-01	3
39.229	-8.620	1.39E-01	3
39.227	-8.574	1.00E-01	3
39.225	-8.528	7.60E-02	3
39.223	-8.482	6.20E-02	3
39.221	-8.437	6.60E-02	3
39.219	-8.393	7.40E-02	3
39.217	-8.348	6.90E-02	3
39.215	-8.305	7.30E-02	3
39.213	-8.261	6.70E-02	3
39.235	-9.240	9.60E-02	0
39.233	-9.190	7.70E-02	3
39.232	-9.141	7.50E-02	2
39.230	-9.092	8.80E-02	3
39.228	-9.042	7.20E-02	0
39.226	-8.994	7.50E-02	3
39.225	-8.947	6.70E-02	0
39.223	-8.900	7.50E-02	3
39.221	-8.852	6.90E-02	0
39.219	-8.805	7.10E-02	3
39.217	-8.758	7.50E-02	0
39.216	-8.713	8.10E-02	3
39.214	-8.667	1.27E-01	0
39.212	-8.621	1.62E-01	3
39.210	-8.575	1.30E-01	2
39.208	-8.528	8.30E-02	3
39.206	-8.483	6.50E-02	2
39.204	-8.438	7.50E-02	3
39.203	-8.394	6.70E-02	0
39.201	-8.350	6.70E-02	3
39.199	-8.306	6.60E-02	0
39.197	-8.261	6.20E-02	3
39.218	-9.242	9.10E-02	3
39.216	-9.191	6.50E-02	3
39.214	-9.142	6.50E-02	3
39.213	-9.093	8.40E-02	3
39.211	-9.041	6.30E-02	3
39.209	-8.994	6.70E-02	3
39.208	-8.948	1.22E-01	3
39.206	-8.900	9.50E-02	3
39.204	-8.853	7.10E-02	3
39.202	-8.806	6.50E-02	3
39.201	-8.759	8.70E-02	3
39.199	-8.714	1.17E-01	3
39.197	-8.668	1.38E-01	3
39.195	-8.621	1.46E-01	3
39.193	-8.575	1.45E-01	3
39.192	-8.529	1.19E-01	3
39.190	-8.484	7.70E-02	3
39.188	-8.440	8.10E-02	3
39.186	-8.395	7.50E-02	3
39.184	-8.351	7.00E-02	3
39.182	-8.307	6.50E-02	3
39.181	-8.262	7.00E-02	3
39.201	-9.242	1.01E-01	2
39.199	-9.192	8.10E-02	3
39.197	-9.142	6.40E-02	1
39.196	-9.092	8.30E-02	3
39.194	-9.040	5.40E-02	2
39.192	-8.995	6.20E-02	3
39.191	-8.949	9.20E-02	0
39.189	-8.901	7.20E-02	3
39.187	-8.853	7.40E-02	0
39.185	-8.806	8.10E-02	3
39.184	-8.760	9.80E-02	2
39.182	-8.715	1.39E-01	3
39.180	-8.669	1.50E-01	2
39.179	-8.622	1.36E-01	3
39.177	-8.576	1.42E-01	2
39.175	-8.530	1.06E-01	3
39.173	-8.486	9.20E-02	2
39.171	-8.440	6.80E-02	3
39.170	-8.396	7.00E-02	0
39.168	-8.351	6.90E-02	3
39.166	-8.307	6.50E-02	0
39.164	-8.263	7.30E-02	3
39.183	-9.243	7.80E-02	3
39.182	-9.193	7.40E-02	3
39.180	-9.143	6.90E-02	3
39.178	-9.090	7.70E-02	3
39.177	-9.039	5.80E-02	3
39.175	-8.997	6.20E-02	3
39.174	-8.950	7.20E-02	3
39.172	-8.902	7.70E-02	3
39.170	-8.854	8.80E-02	2
39.169	-8.808	9.80E-02	3
39.167	-8.762	1.16E-01	2
39.165	-8.716	1.64E-01	3
39.164	-8.670	1.52E-01	3
39.162	-8.623	1.31E-01	3
39.160	-8.576	1.00E-01	2
39.158	-8.532	1.28E-01	3
39.157	-8.486	7.80E-02	2
39.155	-8.441	6.10E-02	3
39.153	-8.396	7.30E-02	2
39.151	-8.352	6.80E-02	3
39.150	-8.308	6.30E-02	3
39.148	-8.265	7.10E-02	3
39.251	-9.247	1.09E-01	2
39.248	-9.197	1.07E-01	3
39.246	-9.149	9.80E-02	0
39.244	-9.099	9.50E-02	3
39.242	-9.050	7.90E-02	0
39.240	-9.001	6.50E-02	3
39.238	-8.954	7.80E-02	0
39.236	-8.906	7.00E-02	3
39.234	-8.859	7.90E-02	2
39.232	-8.812	6.90E-02	3
39.230	-8.766	7.10E-02	2
39.228	-8.720	8.40E-02	3
39.226	-8.674	1.20E-01	1
39.224	-8.628	1.51E-01	3
39.221	-8.582	1.17E-01	0
39.219	-8.536	8.70E-02	3
39.217	-8.491	6.30E-02	0
39.215	-8.446	6.80E-02	3
39.213	-8.401	7.50E-02	2
39.211	-8.357	6.90E-02	3
39.209	-8.313	7.30E-02	3
39.206	-8.269	6.50E-02	3
39.233	-9.249	9.80E-02	3
39.231	-9.198	7.90E-02	3
39.229	-9.149	7.30E-02	3
39.227	-9.100	8.40E-02	3
39.225	-9.050	7.70E-02	3
39.223	-9.001	6.70E-02	3
39.221	-8.955	7.10E-02	3
39.219	-8.908	7.30E-02	3
39.217	-8.860	7.20E-02	3
39.215	-8.813	6.50E-02	3
39.213	-8.766	7.40E-02	3
39.211	-8.721	8.10E-02	3
39.209	-8.675	1.22E-01	3
39.207	-8.629	1.64E-01	3
39.205	-8.583	1.43E-01	2
39.203	-8.536	1.08E-01	3
39.201	-8.491	6.90E-02	3
39.198	-8.447	7.80E-02	3
39.196	-8.402	7.00E-02	3
39.194	-8.358	6.80E-02	3
39.192	-8.314	6.60E-02	3
39.190	-8.270	6.10E-02	3
39.216	-9.250	9.20E-02	0
39.214	-9.199	6.50E-02	3
39.212	-9.150	6.10E-02	0
39.210	-9.101	8.50E-02	3
39.208	-9.049	6.40E-02	0
39.206	-9.002	5.90E-02	3
39.204	-8.956	1.22E-01	0
39.202	-8.908	1.12E-01	3
39.200	-8.861	7.10E-02	2
39.198	-8.813	6.60E-02	3
39.196	-8.767	9.50E-02	1
39.194	-8.722	1.22E-01	3
39.192	-8.676	1.46E-01	0
39.190	-8.630	1.35E-01	3
39.188	-8.583	1.45E-01	1
39.186	-8.537	1.23E-01	3
39.184	-8.493	8.30E-02	0
39.182	-8.448	8.20E-02	3
39.180	-8.404	7.40E-02	0
39.178	-8.359	7.40E-02	3
39.176	-8.315	6.50E-02	2
39.174	-8.271	7.30E-02	3
39.199	-9.250	1.02E-01	3
39.197	-9.200	9.20E-02	3
39.195	-9.150	6.60E-02	3
39.193	-9.100	8.10E-02	3
39.191	-9.046	5.70E-02	2
39.189	-9.002	5.80E-02	3
39.187	-8.957	8.30E-02	2
39.185	-8.909	6.30E-02	3
39.183	-8.861	7.90E-02	2
39.181	-8.814	8.40E-02	3
39.179	-8.768	9.70E-02	3
39.177	-8.723	1.31E-01	3
39.176	-8.677	1.52E-01	3
39.174	-8.630	1.33E-01	3
39.171	-8.584	1.33E-01	3
39.169	-8.538	1.18E-01	3
39.168	-8.494	9.70E-02	3
39.165	-8.448	6.50E-02	3
39.163	-8.403	6.70E-02	3
39.161	-8.359	6.80E-02	3
39.159	-8.315	6.50E-02	3
39.157	-8.272	7.20E-02	3
39.180	-9.201	7.00E-02	3
39.178	-9.151	6.70E-02	0
39.176	-9.098	7.70E-02	3
39.174	-9.046	6.20E-02	0
39.172	-9.004	6.00E-02	3
39.170	-8.958	7.10E-02	0
39.168	-8.910	8.20E-02	3
39.166	-8.862	8.80E-02	2
39.164	-8.816	9.50E-02	3
39.163	-8.769	1.19E-01	2
39.161	-8.724	1.64E-01	3
39.159	-8.678	1.60E-01	0
39.157	-8.631	1.44E-01	3
39.155	-8.584	8.90E-02	0
39.153	-8.540	1.23E-01	3
39.151	-8.495	8.10E-02	0
39.149	-8.449	6.10E-02	3
39.147	-8.405	7.40E-02	1
39.145	-8.361	7.00E-02	3
39.143	-8.316	6.10E-02	1
39.141	-8.273	7.30E-02	3
39.162	-9.202	6.00E-02	3
39.160	-9.152	6.90E-02	1
39.159	-9.101	8.30E-02	3
39.157	-9.053	7.60E-02	2
39.155	-9.006	6.00E-02	3
39.153	-8.958	5.90E-02	2
39.151	-8.911	1.02E-01	3
39.149	-8.863	1.01E-01	3
39.148	-8.817	9.20E-02	3
39.146	-8.771	1.02E-01	3
39.144	-8.725	1.62E-01	3
39.142	-8.678	1.59E-01	3
39.140	-8.632	1.38E-01	3
39.138	-8.585	7.30E-02	3
39.136	-8.541	8.90E-02	3
39.134	-8.496	6.80E-02	1
39.132	-8.451	6.50E-02	3
39.131	-8.406	6.80E-02	3
39.129	-8.362	6.50E-02	3
39.127	-8.317	6.00E-02	3
39.125	-8.274	6.80E-02	3
39.145	-9.203	8.00E-02	3
39.143	-9.151	7.50E-02	0
39.141	-9.101	9.00E-02	3
39.140	-9.055	9.60E-02	0
39.138	-9.007	8.50E-02	3
39.136	-8.960	7.50E-02	0
39.134	-8.912	1.02E-01	3
39.133	-8.864	9.60E-02	2
39.131	-8.818	8.00E-02	3
39.129	-8.772	8.90E-02	0
39.127	-8.726	1.41E-01	3
39.125	-8.679	1.68E-01	0
39.123	-8.633	1.32E-01	3
39.122	-8.587	7.80E-02	0
39.120	-8.542	8.30E-02	3
39.118	-8.497	7.70E-02	2
39.116	-8.452	7.10E-02	3
39.114	-8.407	6.90E-02	2
39.112	-8.363	6.70E-02	3
39.110	-8.319	7.30E-02	2
39.108	-8.275	6.50E-02	3
39.128	-9.203	7.40E-02	3
39.126	-9.151	6.80E-02	2
39.124	-9.103	8.70E-02	3
39.123	-9.056	8.30E-02	3
39.121	-9.008	8.60E-02	3
39.119	-8.961	6.90E-02	2
39.117	-8.913	7.80E-02	3
39.116	-8.865	7.70E-02	3
39.114	-8.819	8.60E-02	3
39.112	-8.773	1.08E-01	3
39.110	-8.727	1.31E-01	3
39.109	-8.680	1.02E-01	3
39.107	-8.634	7.50E-02	3
39.105	-8.588	7.60E-02	2
39.103	-8.542	7.70E-02	3
39.101	-8.497	7.80E-02	2
39.099	-8.452	6.70E-02	3
39.098	-8.407	7.20E-02	3
39.096	-8.363	6.60E-02	3
39.094	-8.320	6.70E-02	3
39.092	-8.276	7.70E-02	3
39.111	-9.203	8.20E-02	3
39.109	-9.152	7.50E-02	0
39.107	-9.105	9.70E-02	3
39.106	-9.056	9.40E-02	1
39.104	-9.008	7.80E-02	3
39.102	-8.962	6.90E-02	0
39.100	-8.914	6.20E-02	3
39.099	-8.867	6.40E-02	0
39.097	-8.820	7.30E-02	3
39.095	-8.774	1.31E-01	0
39.094	-8.727	1.23E-01	3
39.092	-8.681	9.80E-02	0
39.090	-8.635	8.00E-02	3
39.088	-8.589	7.90E-02	0
39.087	-8.543	8.30E-02	3
39.085	-8.498	7.40E-02	2
39.083	-8.453	7.60E-02	3
39.081	-8.409	7.00E-02	2
39.079	-8.364	6.50E-02	3
39.078	-8.321	6.40E-02	2
39.076	-8.277	6.00E-02	3
39.093	-9.204	9.20E-02	3
39.092	-9.154	9.10E-02	3
39.090	-9.106	9.70E-02	3
39.088	-9.057	9.70E-02	3
39.087	-9.009	1.32E-01	3
39.085	-8.963	7.60E-02	3
39.084	-8.915	6.90E-02	3
39.082	-8.868	7.90E-02	3
39.080	-8.822	1.13E-01	3
39.079	-8.775	1.35E-01	3
39.077	-8.728	1.34E-01	3
39.075	-8.682	1.23E-01	3
39.073	-8.636	7.90E-02	3
39.072	-8.590	8.30E-02	2
39.070	-8.545	7.10E-02	3
39.068	-8.499	7.30E-02	2
39.066	-8.454	8.10E-02	3
39.065	-8.409	7.00E-02	3
39.063	-8.366	6.80E-02	3
39.061	-8.322	7.10E-02	3
39.059	-8.279	6.70E-02	3
39.160	-9.208	6.40E-02	3
39.158	-9.158	7.30E-02	0
39.156	-9.106	8.70E-02	3
39.154	-9.059	8.60E-02	0
39.152	-9.012	6.90E-02	3
39.149	-8.964	6.00E-02	0
39.147	-8.917	1.03E-01	3
39.145	-8.869	1.04E-01	1
39.143	-8.823	8.70E-02	3
39.141	-8.777	9.10E-02	2
39.139	-8.731	1.54E-01	3
39.137	-8.685	1.66E-01	2
39.135	-8.638	1.48E-01	3
39.133	-8.592	7.80E-02	0
39.131	-8.547	8.80E-02	3
39.128	-8.502	7.50E-02	0
39.126	-8.457	7.00E-02	3
39.124	-8.413	6.80E-02	1
39.122	-8.368	6.40E-02	3
39.120	-8.324	6.70E-02	2
39.118	-8.280	6.80E-02	3
39.143	-9.209	8.60E-02	3
39.140	-9.157	7.20E-02	2
39.138	-9.107	8.70E-02	3
39.137	-9.061	9.50E-02	2
39.135	-9.013	8.80E-02	3
39.132	-8.966	7.90E-02	3
39.130	-8.918	9.90E-02	3
39.128	-8.870	9.30E-02	2
39.126	-8.824	8.70E-02	3
39.124	-8.778	8.70E-02	3
39.122	-8.732	1.39E-01	3
39.120	-8.685	1.47E-01	2
39.118	-8.639	1.22E-01	3
39.116	-8.594	8.30E-02	2
39.114	-8.548	7.90E-02	3
39.112	-8.503	8.20E-02	2
39.110	-8.458	7.10E-02	3
39.108	-8.413	7.20E-02	3
39.105	-8.369	7.00E-02	3
39.103	-8.325	7.10E-02	3
39.101	-8.282	6.50E-02	3
39.125	-9.209	7.30E-02	3
39.123	-9.157	7.10E-02	0
39.121	-9.109	9.00E-02	3
39.119	-9.061	8.50E-02	0
39.117	-9.013	8.30E-02	3
39.116	-8.967	6.80E-02	0
39.113	-8.918	7.10E-02	3
39.111	-8.871	7.50E-02	2
39.109	-8.825	8.10E-02	3
39.108	-8.779	1.12E-01	2
39.106	-8.733	1.32E-01	3
39.103	-8.686	1.04E-01	0
39.101	-8.640	7.40E-02	3
39.099	-8.594	7.50E-02	1
39.097	-8.548	7.80E-02	3
39.095	-8.503	7.40E-02	0
39.093	-8.458	7.10E-02	3
39.091	-8.414	7.20E-02	0
39.089	-8.369	6.60E-02	3
39.087	-8.326	6.60E-02	2
39.085	-8.283	7.60E-02	3
39.108	-9.209	8.80E-02	3
39.106	-9.157	7.50E-02	2
39.104	-9.111	9.50E-02	3
39.102	-9.063	9.80E-02	3
39.100	-9.013	9.30E-02	3
39.099	-8.968	7.30E-02	3
39.097	-8.920	6.40E-02	3
39.095	-8.872	6.50E-02	2
39.093	-8.826	7.60E-02	3
39.091	-8.780	1.32E-01	3
39.089	-8.733	1.26E-01	3
39.087	-8.687	1.17E-01	2
39.085	-8.641	8.30E-02	3
39.083	-8.595	8.20E-02	2
39.081	-8.550	8.10E-02	3
39.079	-8.504	7.60E-02	3
39.077	-8.459	7.90E-02	3
39.075	-8.415	7.00E-02	3
39.073	-8.371	6.60E-02	3
39.071	-8.327	6.60E-02	3
39.069	-8.283	6.10E-02	3
39.091	-9.210	9.40E-02	3
39.089	-9.160	9.40E-02	0
39.087	-9.112	9.70E-02	3
39.085	-9.063	9.70E-02	0
39.083	-9.014	1.27E-01	3
39.082	-8.969	8.00E-02	0
39.080	-8.921	6.90E-02	3
39.078	-8.873	9.00E-02	2
39.076	-8.827	1.17E-01	3
39.074	-8.781	1.37E-01	2
39.072	-8.734	1.27E-01	3
39.070	-8.688	1.23E-01	0
39.068	-8.642	7.20E-02	3
39.066	-8.596	7.90E-02	0
39.064	-8.551	6.90E-02	3
39.062	-8.506	7.30E-02	0
39.060	-8.460	8.00E-02	3
39.058	-8.415	7.00E-02	0
39.056	-8.372	6.90E-02	3
39.054	-8.328	7.50E-02	1
39.052	-8.285	7.00E-02	3
39.074	-9.211	9.20E-02	3
39.072	-9.161	9.40E-02	2
39.070	-9.112	9.80E-02	3
39.068	-9.064	8.90E-02	3
39.066	-9.016	9.10E-02	3
39.065	-8.970	9.20E-02	1
39.063	-8.922	7.80E-02	3
39.061	-8.875	1.06E-01	1
39.059	-8.828	1.25E-01	3
39.057	-8.782	1.28E-01	3
39.055	-8.735	1.32E-01	3
39.053	-8.689	1.15E-01	3
39.051	-8.642	7.60E-02	3
39.049	-8.597	5.60E-02	3
39.048	-8.551	6.30E-02	3
39.046	-8.506	7.00E-02	3
39.044	-8.461	7.00E-02	3
39.042	-8.417	6.20E-02	3
39.040	-8.373	6.30E-02	3
39.038	-8.329	7.30E-02	3
39.036	-8.286	6.70E-02	3
39.056	-9.212	8.50E-02	3
39.055	-9.162	8.80E-02	0
39.053	-9.112	9.20E-02	3
39.051	-9.063	9.20E-02	0
39.049	-9.016	1.01E-01	3
39.048	-8.971	1.15E-01	0
39.046	-8.923	1.29E-01	3
39.044	-8.876	1.28E-01	2
39.042	-8.829	1.50E-01	3
39.040	-8.783	1.37E-01	0
39.038	-8.736	1.07E-01	3
39.037	-8.689	9.60E-02	0
39.035	-8.643	7.50E-02	3
39.033	-8.597	5.50E-02	0
39.031	-8.552	7.00E-02	3
39.029	-8.507	7.80E-02	2
39.027	-8.462	7.50E-02	3
39.025	-8.418	6.00E-02	2
39.023	-8.375	6.00E-02	3
39.022	-8.331	6.60E-02	2
39.020	-8.288	7.80E-02	3
39.039	-9.211	8.10E-02	3
39.037	-9.162	8.90E-02	3
39.036	-9.111	8.90E-02	3
39.034	-9.063	7.60E-02	1
39.032	-9.017	8.70E-02	3
39.031	-8.972	1.34E-01	1
39.029	-8.924	1.01E-01	3
39.027	-8.877	9.80E-02	1
39.025	-8.830	9.60E-02	3
39.023	-8.783	1.32E-01	3
39.022	-8.737	1.13E-01	3
39.020	-8.691	7.50E-02	3
39.018	-8.644	5.80E-02	3
39.016	-8.598	5.30E-02	3
39.014	-8.553	6.00E-02	3
39.013	-8.508	6.70E-02	3
39.011	-8.464	7.10E-02	3
39.009	-8.420	6.80E-02	3
39.007	-8.376	1.02E-01	3
39.005	-8.333	1.14E-01	3
39.003	-8.289	9.10E-02	3
39.022	-9.212	8.10E-02	3
39.020	-9.162	8.60E-02	0
39.018	-9.112	8.20E-02	3
39.017	-9.065	8.30E-02	1
39.015	-9.018	9.40E-02	3
39.014	-8.972	1.01E-01	0
39.012	-8.925	1.11E-01	3
39.010	-8.878	1.40E-01	0
39.008	-8.831	1.35E-01	3
39.007	-8.784	1.43E-01	0
39.005	-8.738	1.32E-01	3
39.003	-8.692	7.90E-02	0
39.001	-8.645	6.20E-02	3
39.000	-8.599	6.30E-02	0
38.998	-8.554	5.80E-02	3
38.996	-8.509	7.20E-02	2
38.994	-8.466	8.10E-02	3
38.993	-8.422	1.02E-01	2
38.991	-8.378	1.12E-01	3
38.989	-8.333	8.80E-02	2
38.987	-8.290	9.20E-02	3
39.005	-9.213	8.70E-02	3
39.003	-9.162	8.00E-02	3
39.001	-9.115	7.90E-02	3
39.000	-9.067	9.20E-02	3
38.998	-9.020	9.30E-02	3
38.997	-8.973	9.80E-02	2
38.995	-8.926	1.20E-01	3
38.993	-8.879	1.30E-01	3
38.992	-8.832	1.19E-01	3
38.990	-8.785	1.30E-01	3
38.988	-8.738	1.32E-01	3
38.986	-8.692	1.06E-01	3
38.985	-8.646	6.90E-02	3
38.983	-8.601	8.10E-02	3
38.981	-8.555	7.00E-02	3
38.980	-8.511	9.70E-02	3
38.978	-8.467	1.07E-01	3
38.976	-8.422	9.10E-02	3
38.974	-8.378	6.40E-02	3
38.972	-8.334	6.40E-02	3
38.971	-8.290	6.80E-02	3
39.072	-9.219	8.90E-02	3
39.069	-9.169	9.10E-02	0
39.067	-9.120	9.80E-02	3
39.065	-9.071	8.80E-02	0
39.063	-9.024	9.10E-02	3
39.061	-8.978	1.00E-01	0
39.059	-8.930	8.30E-02	3
39.057	-8.883	1.09E-01	0
39.055	-8.837	1.30E-01	3
39.053	-8.790	1.34E-01	0
39.051	-8.743	1.33E-01	3
39.049	-8.697	1.19E-01	0
39.046	-8.651	8.60E-02	3
39.044	-8.605	5.90E-02	2
39.042	-8.559	6.60E-02	3
39.040	-8.514	6.90E-02	1
39.038	-8.470	7.10E-02	3
39.036	-8.425	6.20E-02	0
39.034	-8.382	6.30E-02	3
39.031	-8.338	7.30E-02	0
39.029	-8.295	7.00E-02	3
39.027	-8.252	7.70E-02	0
39.054	-9.220	8.50E-02	3
39.052	-9.170	8.70E-02	1
39.050	-9.120	9.40E-02	3
39.048	-9.071	9.10E-02	1
39.046	-9.024	9.40E-02	3
39.044	-8.979	1.23E-01	3
39.042	-8.931	1.23E-01	3
39.040	-8.884	1.19E-01	3
39.038	-8.837	1.40E-01	3
39.036	-8.791	1.33E-01	3
39.034	-8.744	1.06E-01	3
39.032	-8.698	9.40E-02	3
39.030	-8.651	7.20E-02	3
39.028	-8.605	5.50E-02	3
39.025	-8.560	5.90E-02	3
39.023	-8.515	8.40E-02	3
39.021	-8.471	7.80E-02	3
39.019	-8.427	6.40E-02	3
39.017	-8.383	6.30E-02	3
39.015	-8.340	7.90E-02	3
39.013	-8.296	8.10E-02	3
39.011	-8.253	7.50E-02	3
39.037	-9.219	8.60E-02	3
39.035	-9.170	8.60E-02	0
39.033	-9.119	8.80E-02	3
39.031	-9.071	7.60E-02	0
39.029	-9.025	7.90E-02	3
39.027	-8.979	1.28E-01	0
39.025	-8.933	1.08E-01	3
39.023	-8.885	1.19E-01	0
39.021	-8.838	1.04E-01	3
39.019	-8.791	1.37E-01	1
39.017	-8.745	1.25E-01	3
39.015	-8.699	8.00E-02	1
39.013	-8.652	5.80E-02	3
39.011	-8.606	5.60E-02	2
39.009	-8.562	5.80E-02	3
39.007	-8.516	6.40E-02	0
39.005	-8.472	7.00E-02	3
39.003	-8.429	8.30E-02	0
39.001	-8.385	1.19E-01	3
38.999	-8.341	1.23E-01	0
38.997	-8.298	9.50E-02	3
38.995	-8.254	9.30E-02	0
39.020	-9.220	8.00E-02	3
39.018	-9.170	8.30E-02	3
39.016	-9.121	8.10E-02	3
39.014	-9.073	8.40E-02	1
39.012	-9.026	9.60E-02	3
39.010	-8.980	1.02E-01	3
39.008	-8.933	1.05E-01	3
39.006	-8.886	1.34E-01	3
39.004	-8.839	1.30E-01	3
39.002	-8.792	1.43E-01	3
39.000	-8.746	1.36E-01	3
38.998	-8.700	8.50E-02	3
38.996	-8.653	6.60E-02	3
38.994	-8.608	6.90E-02	3
38.992	-8.563	5.90E-02	3
38.990	-8.518	8.20E-02	3
38.988	-8.474	8.80E-02	3
38.986	-8.430	9.90E-02	3
38.984	-8.385	8.30E-02	3
38.982	-8.341	7.20E-02	3
38.980	-8.298	8.30E-02	3
38.978	-8.255	9.20E-02	3
39.003	-9.222	9.00E-02	3
39.001	-9.170	8.20E-02	0
38.999	-9.121	7.80E-02	3
38.997	-9.075	9.40E-02	0
38.995	-9.028	8.80E-02	3
38.993	-8.980	9.60E-02	0
38.991	-8.934	1.14E-01	3
38.989	-8.887	1.33E-01	0
38.987	-8.840	1.18E-01	3
38.986	-8.793	1.26E-01	1
38.984	-8.747	1.27E-01	3
38.982	-8.700	1.25E-01	0
38.980	-8.654	7.40E-02	3
38.978	-8.609	8.30E-02	2
38.976	-8.564	7.20E-02	3
38.974	-8.519	1.02E-01	0
38.972	-8.475	1.13E-01	3
38.970	-8.431	8.30E-02	0
38.968	-8.386	6.60E-02	3
38.966	-8.342	6.30E-02	0
38.964	-8.298	6.70E-02	3
38.962	-8.255	7.00E-02	0
38.985	-9.222	8.20E-02	3
38.983	-9.170	7.50E-02	3
38.981	-9.121	7.10E-02	3
38.980	-9.075	8.90E-02	3
38.978	-9.028	7.60E-02	3
38.976	-8.981	8.50E-02	3
38.974	-8.935	1.12E-01	3
38.972	-8.888	1.24E-01	3
38.971	-8.841	1.08E-01	3
38.969	-8.794	1.13E-01	3
38.967	-8.748	9.50E-02	3
38.965	-8.701	8.20E-02	3
38.963	-8.655	6.00E-02	3
38.961	-8.610	8.00E-02	3
38.959	-8.565	7.80E-02	3
38.957	-8.520	1.33E-01	2
38.955	-8.476	1.35E-01	3
38.953	-8.431	6.70E-02	3
38.951	-8.387	6.10E-02	3
38.949	-8.343	6.30E-02	2
38.948	-8.299	6.20E-02	3
38.946	-8.256	6.70E-02	3
38.968	-9.222	7.60E-02	3
38.966	-9.171	8.00E-02	0
38.964	-9.122	7.70E-02	3
38.963	-9.074	8.40E-02	0
38.961	-9.028	9.00E-02	3
38.959	-8.983	9.50E-02	0
38.957	-8.936	1.17E-01	3
38.956	-8.889	1.05E-01	0
38.954	-8.842	1.08E-01	3
38.952	-8.795	9.60E-02	0
38.950	-8.749	7.90E-02	3
38.948	-8.703	9.40E-02	0
38.946	-8.657	1.04E-01	3
38.944	-8.611	1.02E-01	0
38.943	-8.566	1.03E-01	3
38.941	-8.522	1.15E-01	0
38.939	-8.477	1.08E-01	3
38.937	-8.432	6.40E-02	0
38.935	-8.388	6.00E-02	3
38.933	-8.344	6.40E-02	0
38.931	-8.300	6.40E-02	3
38.929	-8.257	6.50E-02	0
38.951	-9.222	8.40E-02	3
38.949	-9.173	8.50E-02	3
38.947	-9.123	8.30E-02	3
38.945	-9.075	7.50E-02	3
38.944	-9.029	7.80E-02	3
38.942	-8.984	9.60E-02	3
38.940	-8.937	1.10E-01	3
38.939	-8.890	1.11E-01	3
38.937	-8.843	1.02E-01	3
38.935	-8.796	7.90E-02	3
38.933	-8.749	6.90E-02	3
38.931	-8.703	7.40E-02	3
38.930	-8.657	6.40E-02	3
38.928	-8.612	9.20E-02	3
38.926	-8.567	1.11E-01	3
38.924	-8.522	7.90E-02	1
38.922	-8.478	7.00E-02	3
38.920	-8.433	6.00E-02	3
38.919	-8.389	6.40E-02	3
38.917	-8.345	6.40E-02	3
38.915	-8.302	6.60E-02	3
38.913	-8.258	6.70E-02	3
38.933	-9.223	1.00E-01	2
38.932	-9.175	8.50E-02	0
38.930	-9.125	7.30E-02	3
38.928	-9.076	8.40E-02	0
38.927	-9.031	9.50E-02	3
38.925	-8.985	1.06E-01	0
38.923	-8.938	1.16E-01	3
38.922	-8.891	1.23E-01	0
38.920	-8.844	1.17E-01	3
38.918	-8.797	7.60E-02	0
38.916	-8.750	7.00E-02	2
38.915	-8.704	7.70E-02	0
38.913	-8.658	1.04E-01	3
38.911	-8.613	7.50E-02	0
38.909	-8.568	6.50E-02	3
38.908	-8.523	6.50E-02	0
38.906	-8.478	7.20E-02	3
38.904	-8.434	6.00E-02	0
38.902	-8.390	6.00E-02	3
38.900	-8.346	6.10E-02	0
38.899	-8.303	6.30E-02	3
38.897	-8.259	6.70E-02	2
38.916	-9.223	8.00E-02	3
38.915	-9.176	7.10E-02	3
38.913	-9.128	7.40E-02	3
38.911	-9.078	8.10E-02	3
38.910	-9.033	1.14E-01	3
38.908	-8.986	1.05E-01	3
38.907	-8.939	1.26E-01	3
38.905	-8.891	1.03E-01	3
38.903	-8.844	8.20E-02	3
38.901	-8.798	7.00E-02	3
38.900	-8.751	6.50E-02	3
38.898	-8.705	7.20E-02	3
38.896	-8.659	8.00E-02	3
38.895	-8.613	6.60E-02	3
38.893	-8.568	6.30E-02	3
38.891	-8.524	6.40E-02	2
38.889	-8.479	6.00E-02	3
38.888	-8.434	6.70E-02	3
38.886	-8.390	6.40E-02	3
38.884	-8.346	6.40E-02	3
38.882	-8.303	6.40E-02	3
38.880	-8.260	6.60E-02	2
38.983	-9.228	8.40E-02	3
38.981	-9.176	7.90E-02	0
38.979	-9.127	7.10E-02	3
38.977	-9.080	8.50E-02	0
38.975	-9.033	8.00E-02	3
38.973	-8.987	8.30E-02	0
38.971	-8.941	1.12E-01	3
38.968	-8.894	1.22E-01	0
38.966	-8.847	1.03E-01	3
38.964	-8.800	1.05E-01	0
38.962	-8.754	9.80E-02	3
38.960	-8.708	1.00E-01	0
38.958	-8.662	7.70E-02	3
38.956	-8.616	7.10E-02	2
38.953	-8.571	7.50E-02	3
38.951	-8.527	1.25E-01	2
38.949	-8.482	1.39E-01	3
38.947	-8.438	7.50E-02	0
38.945	-8.393	5.70E-02	3
38.943	-8.349	6.30E-02	0
38.941	-8.305	6.30E-02	3
38.938	-8.262	6.60E-02	0
38.966	-9.228	7.40E-02	3
38.964	-9.177	8.10E-02	3
38.961	-9.128	8.20E-02	3
38.959	-9.080	8.70E-02	3
38.958	-9.034	9.20E-02	3
38.956	-8.988	1.00E-01	3
38.954	-8.942	1.16E-01	3
38.952	-8.895	1.04E-01	3
38.949	-8.848	1.05E-01	3
38.947	-8.801	1.00E-01	3
38.945	-8.755	7.10E-02	3
38.943	-8.708	7.50E-02	3
38.941	-8.663	9.30E-02	3
38.939	-8.618	1.20E-01	3
38.937	-8.573	1.28E-01	3
38.935	-8.528	1.07E-01	2
38.933	-8.483	9.10E-02	3
38.931	-8.438	6.30E-02	2
38.928	-8.394	6.40E-02	3
38.926	-8.351	6.70E-02	2
38.924	-8.307	6.60E-02	3
38.922	-8.263	6.70E-02	2
38.948	-9.228	8.50E-02	3
38.946	-9.179	8.90E-02	0
38.944	-9.129	8.20E-02	3
38.942	-9.081	7.90E-02	0
38.940	-9.035	7.90E-02	3
38.939	-8.990	9.50E-02	0
38.937	-8.943	1.08E-01	3
38.935	-8.896	1.16E-01	0
38.933	-8.849	1.10E-01	3
38.931	-8.802	7.70E-02	1
38.928	-8.755	6.70E-02	3
38.926	-8.709	8.30E-02	0
38.924	-8.663	7.30E-02	3
38.922	-8.618	7.10E-02	2
38.920	-8.573	8.60E-02	3
38.918	-8.529	7.10E-02	0
38.916	-8.484	6.90E-02	3
38.914	-8.439	6.00E-02	0
38.912	-8.395	6.20E-02	3
38.910	-8.351	6.20E-02	0
38.908	-8.308	6.40E-02	3
38.906	-8.265	6.80E-02	0
38.931	-9.229	1.01E-01	3
38.929	-9.180	8.40E-02	3
38.927	-9.131	7.10E-02	3
38.925	-9.082	8.10E-02	3
38.923	-9.036	9.70E-02	3
38.922	-8.991	1.03E-01	3
38.920	-8.944	1.25E-01	3
38.918	-8.897	1.18E-01	3
38.916	-8.849	1.20E-01	3
38.914	-8.803	7.80E-02	3
38.912	-8.756	7.30E-02	3
38.910	-8.710	7.10E-02	2
38.908	-8.664	1.08E-01	3
38.906	-8.619	8.20E-02	2
38.904	-8.574	6.90E-02	3
38.902	-8.529	6.30E-02	3
38.900	-8.484	7.00E-02	3
38.898	-8.440	6.00E-02	2
38.896	-8.396	6.20E-02	3
38.894	-8.352	6.20E-02	3
38.892	-8.309	6.40E-02	3
38.889	-8.265	6.70E-02	3
38.914	-9.228	7.60E-02	3
38.912	-9.181	7.20E-02	0
38.910	-9.134	7.70E-02	3
38.908	-9.084	8.20E-02	0
38.906	-9.039	1.16E-01	3
38.905	-8.992	1.05E-01	0
38.903	-8.945	1.30E-01	3
38.901	-8.897	9.90E-02	0
38.899	-8.850	7.90E-02	3
38.897	-8.804	6.80E-02	1
38.895	-8.757	6.40E-02	3
38.893	-8.711	7.10E-02	0
38.891	-8.665	7.50E-02	3
38.889	-8.619	6.30E-02	1
38.887	-8.574	6.00E-02	3
38.885	-8.530	6.70E-02	0
38.883	-8.485	6.00E-02	3
38.881	-8.440	6.90E-02	0
38.879	-8.396	7.00E-02	3
38.877	-8.353	6.70E-02	0
38.875	-8.310	6.70E-02	3
38.873	-8.266	6.50E-02	0
38.897	-9.229	7.10E-02	3
38.895	-9.181	6.90E-02	3
38.893	-9.133	7.60E-02	3
38.891	-9.085	8.70E-02	3
38.889	-9.040	1.22E-01	3
38.888	-8.993	1.10E-01	3
38.886	-8.946	1.23E-01	3
38.884	-8.898	8.80E-02	3
38.882	-8.851	6.90E-02	3
38.880	-8.805	6.70E-02	3
38.878	-8.758	7.00E-02	3
38.876	-8.712	8.00E-02	2
38.874	-8.666	8.00E-02	3
38.872	-8.620	7.20E-02	3
38.871	-8.575	7.60E-02	3
38.869	-8.530	6.40E-02	1
38.867	-8.486	6.00E-02	3
38.865	-8.441	6.60E-02	2
38.863	-8.397	6.80E-02	3
38.861	-8.353	6.50E-02	2
38.859	-8.311	6.80E-02	3
38.857	-8.267	6.40E-02	3
38.879	-9.231	6.90E-02	3
38.878	-9.182	6.80E-02	0
38.876	-9.135	8.00E-02	3
38.874	-9.088	1.23E-01	0
38.872	-9.041	1.01E-01	3
38.871	-8.994	7.80E-02	0
38.869	-8.946	9.30E-02	3
38.867	-8.899	1.09E-01	0
38.865	-8.852	8.10E-02	3
38.863	-8.805	5.90E-02	0
38.861	-8.759	8.20E-02	3
38.860	-8.713	8.30E-02	0
38.858	-8.667	7.40E-02	3
38.856	-8.621	7.80E-02	0
38.854	-8.576	8.00E-02	3
38.852	-8.531	7.00E-02	0
38.850	-8.487	6.40E-02	3
38.848	-8.443	6.90E-02	0
38.846	-8.398	6.60E-02	3
38.844	-8.354	6.60E-02	0
38.843	-8.311	6.50E-02	3
38.841	-8.268	6.80E-02	0
38.862	-9.232	6.60E-02	3
38.861	-9.185	8.20E-02	3
38.859	-9.138	1.12E-01	3
38.857	-9.090	1.32E-01	3
38.855	-9.043	9.50E-02	3
38.854	-8.995	8.20E-02	3
38.852	-8.947	8.40E-02	3
38.850	-8.900	7.60E-02	3
38.848	-8.853	6.70E-02	3
38.846	-8.806	6.10E-02	3
38.845	-8.760	6.90E-02	3
38.843	-8.714	7.50E-02	3
38.841	-8.668	7.00E-02	3
38.839	-8.622	7.90E-02	3
38.837	-8.577	9.70E-02	3
38.835	-8.532	7.50E-02	1
38.834	-8.487	7.00E-02	3
38.832	-8.443	7.20E-02	2
38.830	-8.399	6.50E-02	3
38.828	-8.355	5.90E-02	2
38.826	-8.312	6.30E-02	3
38.824	-8.269	7.30E-02	2
38.845	-9.234	7.10E-02	3
38.843	-9.188	1.06E-01	0
38.842	-9.140	9.60E-02	3
38.840	-9.091	1.26E-01	0
38.838	-9.044	7.90E-02	3
38.837	-8.996	8.30E-02	0
38.835	-8.948	8.70E-02	3
38.833	-8.901	8.40E-02	0
38.831	-8.854	6.90E-02	3
38.830	-8.807	5.70E-02	0
38.828	-8.761	6.80E-02	3
38.826	-8.715	6.80E-02	0
38.824	-8.669	6.40E-02	3
38.823	-8.623	6.20E-02	0
38.821	-8.578	7.80E-02	3
38.819	-8.533	7.10E-02	0
38.817	-8.489	6.70E-02	3
38.815	-8.444	7.20E-02	0
38.814	-8.400	6.60E-02	3
38.812	-8.356	5.80E-02	0
38.810	-8.313	5.80E-02	3
38.808	-8.269	6.00E-02	2
38.828	-9.233	6.80E-02	3
38.826	-9.187	8.40E-02	2
38.825	-9.140	1.11E-01	3
38.823	-9.092	1.24E-01	3
38.821	-9.044	7.50E-02	3
38.820	-8.997	7.80E-02	3
38.818	-8.949	8.40E-02	3
38.816	-8.902	8.50E-02	3
38.815	-8.855	7.20E-02	3
38.813	-8.808	5.70E-02	2
38.811	-8.762	6.60E-02	3
38.809	-8.716	6.80E-02	2
38.808	-8.670	6.20E-02	3
38.806	-8.625	6.10E-02	3
38.804	-8.580	6.30E-02	3
38.802	-8.535	6.30E-02	2
38.801	-8.490	6.40E-02	3
38.799	-8.445	7.10E-02	2
38.797	-8.401	7.00E-02	3
38.795	-8.357	5.70E-02	1
38.794	-8.313	6.30E-02	3
38.792	-8.270	6.30E-02	3
38.894	-9.237	7.20E-02	3
38.892	-9.188	7.10E-02	0
38.890	-9.140	7.40E-02	3
38.888	-9.093	9.60E-02	0
38.886	-9.048	1.22E-01	3
38.884	-9.001	1.05E-01	0
38.882	-8.954	1.23E-01	3
38.880	-8.907	9.80E-02	0
38.878	-8.860	7.60E-02	3
38.876	-8.813	6.60E-02	0
38.874	-8.767	7.30E-02	3
38.871	-8.720	7.80E-02	0
38.869	-8.674	7.70E-02	3
38.867	-8.629	7.00E-02	0
38.865	-8.583	7.90E-02	3
38.863	-8.539	6.70E-02	0
38.861	-8.494	6.50E-02	3
38.858	-8.450	7.00E-02	0
38.856	-8.406	6.90E-02	3
38.854	-8.362	6.80E-02	2
38.852	-8.319	6.80E-02	3
38.850	-8.276	6.50E-02	0
38.877	-9.239	6.90E-02	3
38.875	-9.190	6.60E-02	2
38.873	-9.143	8.00E-02	3
38.871	-9.096	1.18E-01	3
38.869	-9.050	1.14E-01	3
38.867	-9.002	7.40E-02	3
38.865	-8.955	8.90E-02	3
38.863	-8.907	1.09E-01	3
38.861	-8.860	7.80E-02	3
38.859	-8.814	6.10E-02	3
38.857	-8.767	7.50E-02	3
38.855	-8.721	8.60E-02	3
38.853	-8.675	7.70E-02	3
38.850	-8.629	7.60E-02	2
38.848	-8.584	8.60E-02	3
38.846	-8.539	7.30E-02	3
38.844	-8.495	6.60E-02	3
38.842	-8.451	7.00E-02	3
38.840	-8.406	6.60E-02	3
38.838	-8.362	6.10E-02	3
38.836	-8.319	6.20E-02	3
38.833	-8.277	7.20E-02	3
38.860	-9.240	6.70E-02	3
38.858	-9.193	8.20E-02	0
38.856	-9.147	1.07E-01	3
38.854	-9.098	1.29E-01	0
38.852	-9.051	1.01E-01	3
38.850	-9.003	8.20E-02	0
38.848	-8.955	8.70E-02	3
38.846	-8.908	7.50E-02	0
38.844	-8.861	6.70E-02	3
38.842	-8.815	6.00E-02	0
38.840	-8.768	6.60E-02	3
38.838	-8.722	7.30E-02	0
38.836	-8.676	7.30E-02	2
38.834	-8.630	7.40E-02	0
38.832	-8.585	9.70E-02	3
38.830	-8.540	8.20E-02	0
38.828	-8.496	7.00E-02	3
38.825	-8.451	7.20E-02	0
38.823	-8.407	6.40E-02	3
38.821	-8.363	6.00E-02	0
38.819	-8.320	5.80E-02	3
38.817	-8.277	6.80E-02	0
38.843	-9.241	6.80E-02	3
38.841	-9.196	1.01E-01	3
38.839	-9.148	9.70E-02	3
38.837	-9.099	1.27E-01	3
38.835	-9.052	8.40E-02	3
38.833	-9.004	8.10E-02	3
38.831	-8.956	8.50E-02	3
38.829	-8.909	8.70E-02	3
38.827	-8.862	7.70E-02	3
38.825	-8.815	5.70E-02	0
38.823	-8.769	6.80E-02	3
38.821	-8.723	7.00E-02	1
38.819	-8.677	6.10E-02	3
38.817	-8.632	6.10E-02	2
38.815	-8.586	6.70E-02	3
38.813	-8.542	7.10E-02	3
38.811	-8.497	6.60E-02	3
38.809	-8.452	7.10E-02	3
38.807	-8.408	7.30E-02	3
38.805	-8.364	5.80E-02	3
38.803	-8.320	6.00E-02	3
38.801	-8.277	6.20E-02	3
38.825	-9.240	7.30E-02	3
38.824	-9.194	8.10E-02	0
38.822	-9.148	1.14E-01	3
38.820	-9.099	1.28E-01	0
38.818	-9.053	7.90E-02	3
38.816	-9.005	7.40E-02	0
38.814	-8.957	8.70E-02	3
38.812	-8.910	8.20E-02	0
38.810	-8.863	7.60E-02	3
38.808	-8.816	5.70E-02	0
38.806	-8.770	6.50E-02	3
38.804	-8.724	6.90E-02	0
38.803	-8.678	6.40E-02	3
38.801	-8.633	6.70E-02	0
38.799	-8.588	6.20E-02	3
38.797	-8.543	5.90E-02	2
38.795	-8.498	6.40E-02	3
38.793	-8.454	7.10E-02	0
38.791	-8.409	6.80E-02	3
38.789	-8.365	5.90E-02	0
38.787	-8.322	6.40E-02	3
38.785	-8.279	6.10E-02	0
38.808	-9.242	1.13E-01	3
38.806	-9.195	1.44E-01	3
38.805	-9.148	1.37E-01	3
38.803	-9.101	1.16E-01	3
38.801	-9.053	6.70E-02	3
38.799	-9.006	6.60E-02	3
38.797	-8.958	8.80E-02	3
38.795	-8.911	7.70E-02	3
38.793	-8.864	6.80E-02	3
38.792	-8.817	5.80E-02	3
38.790	-8.771	6.20E-02	3
38.788	-8.725	7.50E-02	3
38.786	-8.679	7.50E-02	3
38.784	-8.634	7.30E-02	3
38.782	-8.588	6.80E-02	3
38.780	-8.543	5.60E-02	3
38.778	-8.499	6.90E-02	3
38.776	-8.455	6.50E-02	3
38.774	-8.411	6.50E-02	3
38.772	-8.367	6.80E-02	3
38.770	-8.323	6.90E-02	3
38.768	-8.280	5.70E-02	3
38.791	-9.244	9.30E-02	3
38.789	-9.197	1.44E-01	0
38.788	-9.149	1.54E-01	2
38.786	-9.102	1.31E-01	0
38.784	-9.054	6.20E-02	3
38.782	-9.006	6.50E-02	0
38.780	-8.959	8.70E-02	3
38.778	-8.912	7.20E-02	0
38.777	-8.864	7.50E-02	3
38.775	-8.818	6.80E-02	0
38.773	-8.772	7.20E-02	3
38.771	-8.725	7.20E-02	2
38.769	-8.680	9.10E-02	3
38.767	-8.634	7.90E-02	1
38.765	-8.589	7.40E-02	3
38.763	-8.544	6.40E-02	0
38.762	-8.499	7.20E-02	3
38.760	-8.455	5.90E-02	0
38.758	-8.412	6.50E-02	3
38.756	-8.368	6.90E-02	0
38.754	-8.324	7.60E-02	3
38.752	-8.281	5.90E-02	0
38.774	-9.245	1.26E-01	3
38.772	-9.198	1.38E-01	3
38.770	-9.149	1.58E-01	3
38.769	-9.102	1.36E-01	3
38.767	-9.055	5.80E-02	3
38.765	-9.007	6.50E-02	3
38.763	-8.960	9.10E-02	3
38.762	-8.913	7.90E-02	3
38.760	-8.866	6.90E-02	3
38.758	-8.819	6.90E-02	3
38.756	-8.772	9.10E-02	3
38.754	-8.726	7.10E-02	3
38.752	-8.680	9.00E-02	3
38.751	-8.635	8.60E-02	3
38.749	-8.590	7.10E-02	3
38.747	-8.546	7.50E-02	3
38.745	-8.501	8.40E-02	3
38.743	-8.456	6.70E-02	3
38.741	-8.412	6.10E-02	3
38.739	-8.368	6.40E-02	3
38.738	-8.324	6.30E-02	3
38.736	-8.281	5.60E-02	3
38.757	-9.247	1.58E-01	2
38.755	-9.199	1.63E-01	0
38.753	-9.151	1.59E-01	3
38.752	-9.103	1.28E-01	0
38.750	-9.056	5.40E-02	3
38.748	-9.008	7.50E-02	0
38.746	-8.961	1.15E-01	3
38.745	-8.914	8.50E-02	0
38.743	-8.867	8.10E-02	3
38.741	-8.820	7.70E-02	0
38.739	-8.773	9.20E-02	3
38.738	-8.727	6.80E-02	0
38.736	-8.681	7.10E-02	3
38.734	-8.636	1.01E-01	0
38.732	-8.591	8.50E-02	3
38.730	-8.546	7.20E-02	0
38.729	-8.502	6.50E-02	2
38.727	-8.458	6.40E-02	0
38.725	-8.414	6.50E-02	3
38.723	-8.369	6.60E-02	0
38.721	-8.325	7.50E-02	3
38.719	-8.282	6.50E-02	0
38.739	-9.248	1.10E-01	3
38.738	-9.199	1.17E-01	3
38.736	-9.151	1.58E-01	3
38.734	-9.104	1.20E-01	3
38.733	-9.057	5.30E-02	3
38.731	-9.009	8.50E-02	3
38.729	-8.961	1.16E-01	3
38.728	-8.914	1.03E-01	3
38.726	-8.868	8.10E-02	3
38.724	-8.821	7.30E-02	3
38.723	-8.774	9.60E-02	3
38.721	-8.728	1.01E-01	3
38.719	-8.682	9.30E-02	3
38.717	-8.637	8.20E-02	3
38.716	-8.592	7.20E-02	3
38.714	-8.547	6.20E-02	3
38.712	-8.503	5.60E-02	3
38.710	-8.458	6.30E-02	3
38.709	-8.415	6.80E-02	3
38.707	-8.371	6.00E-02	3
38.705	-8.327	6.10E-02	3
38.703	-8.283	6.00E-02	3
38.806	-9.248	1.07E-01	3
38.804	-9.200	1.53E-01	0
38.802	-9.154	1.46E-01	3
38.800	-9.106	1.25E-01	0
38.798	-9.059	7.10E-02	3
38.796	-9.012	6.40E-02	0
38.793	-8.964	8.70E-02	2
38.791	-8.917	7.50E-02	0
38.789	-8.870	7.50E-02	3
38.787	-8.823	6.00E-02	0
38.785	-8.777	6.30E-02	3
38.783	-8.731	7.60E-02	0
38.781	-8.685	8.40E-02	3
38.778	-8.640	7.10E-02	0
38.776	-8.594	7.50E-02	3
38.774	-8.549	6.20E-02	0
38.772	-8.505	7.40E-02	3
38.770	-8.461	6.40E-02	0
38.768	-8.417	6.50E-02	3
38.765	-8.373	6.50E-02	1
38.763	-8.330	7.50E-02	3
38.761	-8.286	5.90E-02	0
38.789	-9.250	8.70E-02	3
38.787	-9.203	1.38E-01	3
38.785	-9.154	1.52E-01	3
38.783	-9.107	1.42E-01	3
38.781	-9.060	6.60E-02	3
38.779	-9.012	6.30E-02	3
38.776	-8.965	8.70E-02	3
38.774	-8.918	7.70E-02	3
38.772	-8.870	7.60E-02	3
38.770	-8.824	6.90E-02	3
38.768	-8.778	7.50E-02	3
38.766	-8.732	7.10E-02	2
38.764	-8.686	9.20E-02	3
38.762	-8.640	9.00E-02	3
38.760	-8.596	7.40E-02	3
38.758	-8.550	6.50E-02	3
38.755	-8.506	7.40E-02	3
38.753	-8.461	6.20E-02	3
38.751	-8.418	6.40E-02	3
38.749	-8.374	6.60E-02	3
38.747	-8.330	7.20E-02	3
38.745	-8.287	5.90E-02	3
38.769	-9.204	1.41E-01	0
38.767	-9.155	1.59E-01	3
38.766	-9.108	1.44E-01	0
38.764	-9.061	6.20E-02	3
38.762	-9.013	6.40E-02	0
38.760	-8.966	9.80E-02	3
38.757	-8.919	8.30E-02	0
38.755	-8.872	7.00E-02	3
38.753	-8.825	7.10E-02	0
38.751	-8.778	1.06E-01	3
38.749	-8.732	7.50E-02	0
38.747	-8.686	7.80E-02	3
38.745	-8.641	9.20E-02	0
38.743	-8.596	7.30E-02	3
38.741	-8.552	7.80E-02	0
38.739	-8.507	8.20E-02	3
38.737	-8.463	7.00E-02	0
38.735	-8.419	6.40E-02	3
38.733	-8.375	6.60E-02	0
38.731	-8.331	7.10E-02	3
38.728	-8.287	6.30E-02	0
38.752	-9.204	1.62E-01	3
38.750	-9.156	1.61E-01	3
38.748	-9.109	1.34E-01	2
38.747	-9.062	5.50E-02	3
38.745	-9.014	7.40E-02	2
38.743	-8.966	1.13E-01	3
38.741	-8.919	9.00E-02	2
38.739	-8.873	8.70E-02	3
38.737	-8.826	7.50E-02	3
38.735	-8.779	8.10E-02	3
38.733	-8.733	7.00E-02	3
38.731	-8.687	7.20E-02	3
38.728	-8.642	1.00E-01	3
38.726	-8.597	8.90E-02	3
38.724	-8.552	6.90E-02	1
38.722	-8.508	6.10E-02	3
38.720	-8.464	6.20E-02	3
38.718	-8.420	6.80E-02	3
38.716	-8.376	6.50E-02	3
38.714	-8.332	6.80E-02	3
38.712	-8.288	6.40E-02	3
38.735	-9.205	1.06E-01	0
38.733	-9.157	1.47E-01	3
38.731	-9.110	1.29E-01	0
38.729	-9.063	5.40E-02	3
38.728	-9.015	8.90E-02	0
38.726	-8.967	1.17E-01	3
38.724	-8.920	1.10E-01	0
38.722	-8.873	8.10E-02	3
38.720	-8.827	7.80E-02	0
38.718	-8.780	1.03E-01	3
38.716	-8.734	1.21E-01	0
38.714	-8.688	9.30E-02	3
38.712	-8.643	7.80E-02	0
38.710	-8.598	7.60E-02	3
38.708	-8.553	6.20E-02	2
38.706	-8.509	5.90E-02	3
38.704	-8.464	6.80E-02	0
38.702	-8.421	7.20E-02	3
38.700	-8.377	5.90E-02	0
38.698	-8.333	6.00E-02	3
38.696	-8.290	5.80E-02	0
38.718	-9.206	1.11E-01	3
38.716	-9.158	1.62E-01	3
38.714	-9.111	1.02E-01	3
38.712	-9.063	5.70E-02	3
38.711	-9.016	1.05E-01	3
38.709	-8.968	1.53E-01	3
38.707	-8.921	1.23E-01	3
38.705	-8.874	8.60E-02	3
38.703	-8.828	7.40E-02	3
38.701	-8.781	9.60E-02	3
38.699	-8.735	1.22E-01	3
38.697	-8.689	1.10E-01	3
38.695	-8.644	1.01E-01	3
38.693	-8.598	9.80E-02	3
38.691	-8.554	7.00E-02	3
38.689	-8.509	7.90E-02	3
38.687	-8.465	9.10E-02	3
38.686	-8.421	7.10E-02	3
38.684	-8.378	6.20E-02	3
38.682	-8.335	6.00E-02	3
38.680	-8.291	5.30E-02	3
38.701	-9.209	1.39E-01	0
38.699	-9.161	8.80E-02	3
38.697	-9.112	4.30E-02	0
38.695	-9.064	5.50E-02	3
38.694	-9.017	8.10E-02	0
38.692	-8.969	1.04E-01	3
38.690	-8.922	1.19E-01	0
38.688	-8.875	7.40E-02	3
38.686	-8.829	6.80E-02	0
38.684	-8.782	1.12E-01	3
38.682	-8.736	1.22E-01	2
38.681	-8.690	1.08E-01	3
38.679	-8.645	1.28E-01	1
38.677	-8.599	1.09E-01	3
38.675	-8.555	6.60E-02	0
38.673	-8.510	8.20E-02	3
38.671	-8.466	1.25E-01	0
38.669	-8.422	1.04E-01	3
38.667	-8.378	6.50E-02	0
38.665	-8.335	5.80E-02	3
38.663	-8.292	5.40E-02	0
38.684	-9.210	4.00E-02	3
38.682	-9.161	8.70E-02	3
38.680	-9.113	4.20E-02	3
38.678	-9.065	7.30E-02	3
38.677	-9.018	9.90E-02	3
38.675	-8.970	1.21E-01	3
38.673	-8.923	1.19E-01	3
38.671	-8.876	1.11E-01	3
38.669	-8.830	6.80E-02	3
38.668	-8.783	9.50E-02	3
38.666	-8.737	1.23E-01	3
38.664	-8.692	1.14E-01	3
38.662	-8.646	9.50E-02	3
38.660	-8.601	9.50E-02	3
38.658	-8.556	6.70E-02	3
38.656	-8.511	7.50E-02	3
38.655	-8.467	8.20E-02	3
38.653	-8.423	7.10E-02	3
38.651	-8.379	7.30E-02	3
38.649	-8.335	6.60E-02	3
38.647	-8.292	6.40E-02	3
38.666	-9.210	1.01E-01	0
38.665	-9.162	1.24E-01	3
38.663	-9.114	6.30E-02	0
38.661	-9.066	1.47E-01	3
38.660	-9.018	1.24E-01	0
38.658	-8.971	1.14E-01	3
38.656	-8.923	1.03E-01	0
38.654	-8.877	7.80E-02	3
38.653	-8.830	6.30E-02	0
38.651	-8.784	8.40E-02	3
38.649	-8.738	1.04E-01	0
38.647	-8.692	1.44E-01	3
38.645	-8.647	9.20E-02	0
38.644	-8.602	6.40E-02	3
38.642	-8.557	5.20E-02	0
38.640	-8.513	6.50E-02	3
38.638	-8.468	6.30E-02	0
38.636	-8.424	6.50E-02	3
38.634	-8.380	5.90E-02	0
38.633	-8.336	5.50E-02	3
38.631	-8.292	6.10E-02	0
38.649	-9.211	1.20E-01	3
38.648	-9.162	1.43E-01	3
38.646	-9.115	1.01E-01	3
38.644	-9.067	1.17E-01	3
38.643	-9.019	1.26E-01	3
38.641	-8.972	1.09E-01	3
38.639	-8.924	1.17E-01	3
38.637	-8.878	9.80E-02	3
38.636	-8.831	7.00E-02	3
38.634	-8.785	7.10E-02	3
38.632	-8.739	1.07E-01	3
38.630	-8.694	1.42E-01	3
38.629	-8.648	7.30E-02	3
38.627	-8.603	5.20E-02	3
38.625	-8.558	5.70E-02	3
38.623	-8.514	6.70E-02	3
38.622	-8.470	5.90E-02	3
38.620	-8.425	6.10E-02	3
38.618	-8.381	6.10E-02	3
38.616	-8.337	5.90E-02	3
38.614	-8.293	5.80E-02	3
38.613	-8.250	5.70E-02	3
38.715	-9.215	1.20E-01	0
38.713	-9.166	1.50E-01	3
38.711	-9.119	1.10E-01	0
38.709	-9.072	5.20E-02	3
38.707	-9.024	9.60E-02	1
38.705	-8.976	1.47E-01	3
38.703	-8.929	1.32E-01	0
38.701	-8.883	8.90E-02	3
38.699	-8.836	7.00E-02	0
38.696	-8.790	9.60E-02	3
38.694	-8.744	1.20E-01	0
38.692	-8.698	1.19E-01	3
38.690	-8.652	1.15E-01	0
38.688	-8.607	1.17E-01	3
38.686	-8.562	7.60E-02	0
38.683	-8.517	8.30E-02	3
38.681	-8.473	1.21E-01	0
38.679	-8.429	9.50E-02	3
38.677	-8.386	6.40E-02	0
38.675	-8.343	5.90E-02	3
38.672	-8.299	5.20E-02	0
38.670	-8.256	5.90E-02	3
38.698	-9.217	1.25E-01	3
38.696	-9.169	7.90E-02	3
38.694	-9.121	4.20E-02	3
38.692	-9.073	4.90E-02	3
38.690	-9.025	8.00E-02	3
38.688	-8.977	1.03E-01	3
38.686	-8.930	1.28E-01	3
38.684	-8.883	8.20E-02	3
38.682	-8.837	6.50E-02	3
38.680	-8.791	1.01E-01	3
38.677	-8.745	1.25E-01	3
38.675	-8.699	1.01E-01	3
38.673	-8.653	1.20E-01	3
38.671	-8.608	1.06E-01	3
38.669	-8.563	7.00E-02	3
38.667	-8.519	6.90E-02	3
38.665	-8.474	1.02E-01	3
38.663	-8.430	9.20E-02	3
38.660	-8.386	7.30E-02	3
38.658	-8.343	6.60E-02	3
38.656	-8.300	5.90E-02	3
38.654	-8.257	7.30E-02	3
38.681	-9.218	3.90E-02	0
38.679	-9.169	9.40E-02	3
38.677	-9.121	5.00E-02	1
38.675	-9.073	7.60E-02	3
38.673	-9.026	9.90E-02	2
38.671	-8.978	1.17E-01	3
38.669	-8.931	1.14E-01	1
38.667	-8.884	1.09E-01	3
38.665	-8.838	7.20E-02	0
38.663	-8.791	8.60E-02	3
38.661	-8.746	1.20E-01	0
38.659	-8.700	1.18E-01	3
38.657	-8.654	9.80E-02	0
38.655	-8.609	8.70E-02	3
38.652	-8.564	7.00E-02	0
38.650	-8.520	6.80E-02	3
38.648	-8.475	7.60E-02	0
38.646	-8.431	6.70E-02	3
38.644	-8.387	6.80E-02	0
38.642	-8.343	6.10E-02	3
38.640	-8.300	6.20E-02	0
38.638	-8.257	6.30E-02	3
38.664	-9.218	9.80E-02	3
38.662	-9.169	1.30E-01	3
38.660	-9.122	7.30E-02	3
38.658	-9.074	1.40E-01	3
38.656	-9.026	1.40E-01	3
38.654	-8.979	1.19E-01	3
38.652	-8.932	1.06E-01	3
38.650	-8.885	8.60E-02	3
38.648	-8.839	6.10E-02	3
38.646	-8.792	7.40E-02	3
38.644	-8.746	1.02E-01	3
38.642	-8.701	1.47E-01	3
38.640	-8.655	9.80E-02	3
38.638	-8.610	5.40E-02	3
38.636	-8.565	5.20E-02	3
38.634	-8.521	6.40E-02	3
38.632	-8.477	6.20E-02	3
38.630	-8.432	6.50E-02	3
38.628	-8.388	6.10E-02	3
38.626	-8.344	5.60E-02	3
38.624	-8.301	6.10E-02	3
38.621	-8.258	6.20E-02	3
38.647	-9.219	1.16E-01	0
38.645	-9.170	1.43E-01	3
38.643	-9.123	1.05E-01	0
38.641	-9.075	1.09E-01	3
38.639	-9.027	1.19E-01	0
38.637	-8.980	1.05E-01	3
38.635	-8.932	1.15E-01	0
38.633	-8.886	1.12E-01	3
38.631	-8.839	8.90E-02	0
38.629	-8.793	7.50E-02	3
38.627	-8.747	1.05E-01	0
38.625	-8.702	1.52E-01	3
38.623	-8.656	8.70E-02	0
38.621	-8.611	5.80E-02	3
38.619	-8.566	6.00E-02	0
38.617	-8.522	6.80E-02	3
38.615	-8.478	6.10E-02	0
38.613	-8.433	6.00E-02	3
38.611	-8.389	5.90E-02	0
38.609	-8.345	5.90E-02	3
38.607	-8.301	5.80E-02	1
38.605	-8.258	5.50E-02	3
38.630	-9.220	1.04E-01	3
38.628	-9.171	1.39E-01	3
38.626	-9.123	1.39E-01	3
38.624	-9.076	1.10E-01	3
38.622	-9.028	1.01E-01	3
38.620	-8.980	9.80E-02	3
38.618	-8.933	1.02E-01	3
38.616	-8.886	1.25E-01	3
38.614	-8.840	1.46E-01	3
38.613	-8.794	1.32E-01	3
38.611	-8.748	1.14E-01	3
38.609	-8.703	1.43E-01	3
38.607	-8.658	9.30E-02	3
38.605	-8.612	7.00E-02	3
38.603	-8.567	5.80E-02	3
38.601	-8.523	6.10E-02	3
38.599	-8.479	6.30E-02	3
38.597	-8.435	6.40E-02	3
38.595	-8.390	6.00E-02	3
38.593	-8.346	5.60E-02	3
38.591	-8.302	6.10E-02	3
38.589	-8.259	5.40E-02	3
38.612	-9.221	6.10E-02	1
38.611	-9.172	1.29E-01	3
38.609	-9.124	1.15E-01	0
38.607	-9.076	1.15E-01	3
38.605	-9.028	9.00E-02	0
38.603	-8.981	1.10E-01	3
38.601	-8.934	1.14E-01	0
38.599	-8.887	1.23E-01	3
38.598	-8.841	1.50E-01	0
38.596	-8.795	1.49E-01	3
38.594	-8.749	9.60E-02	0
38.592	-8.704	1.01E-01	3
38.590	-8.659	9.60E-02	0
38.588	-8.614	6.70E-02	3
38.586	-8.569	7.20E-02	0
38.584	-8.525	7.20E-02	3
38.582	-8.480	6.30E-02	0
38.581	-8.435	6.10E-02	3
38.579	-8.391	6.30E-02	0
38.577	-8.347	5.90E-02	3
38.575	-8.304	5.80E-02	0
38.573	-8.261	5.40E-02	3
38.595	-9.222	3.00E-02	3
38.593	-9.173	9.20E-02	3
38.592	-9.125	7.10E-02	3
38.590	-9.077	1.04E-01	3
38.588	-9.029	1.05E-01	3
38.586	-8.982	1.31E-01	3
38.584	-8.934	1.07E-01	3
38.583	-8.887	1.14E-01	3
38.581	-8.842	1.19E-01	3
38.579	-8.796	1.21E-01	3
38.577	-8.751	8.70E-02	3
38.575	-8.705	7.60E-02	3
38.573	-8.659	6.50E-02	3
38.572	-8.614	6.10E-02	3
38.570	-8.569	5.50E-02	3
38.568	-8.525	6.20E-02	3
38.566	-8.481	5.40E-02	3
38.564	-8.436	5.80E-02	3
38.562	-8.392	6.00E-02	3
38.560	-8.348	6.20E-02	3
38.558	-8.305	5.70E-02	3
38.557	-8.262	5.40E-02	3
38.578	-9.223	1.90E-02	2
38.576	-9.174	6.80E-02	3
38.575	-9.125	8.40E-02	0
38.573	-9.078	1.25E-01	3
38.571	-9.030	1.32E-01	0
38.569	-8.982	1.09E-01	3
38.567	-8.934	1.01E-01	0
38.566	-8.888	9.80E-02	3
38.564	-8.843	9.80E-02	0
38.562	-8.797	9.20E-02	3
38.560	-8.752	8.30E-02	0
38.559	-8.706	6.10E-02	3
38.557	-8.660	5.50E-02	0
38.555	-8.615	5.60E-02	3
38.553	-8.570	5.30E-02	0
38.551	-8.526	5.10E-02	3
38.550	-8.482	5.70E-02	0
38.548	-8.438	6.40E-02	3
38.546	-8.393	6.60E-02	0
38.544	-8.349	6.20E-02	3
38.542	-8.306	6.30E-02	0
38.540	-8.264	5.70E-02	2
38.561	-9.224	1.00E-02	3
38.559	-9.175	5.50E-02	3
38.557	-9.126	7.10E-02	3
38.556	-9.078	1.31E-01	3
38.554	-9.031	1.32E-01	3
38.552	-8.983	1.05E-01	3
38.551	-8.934	6.20E-02	3
38.549	-8.890	9.20E-02	3
38.547	-8.844	1.14E-01	3
38.545	-8.799	9.20E-02	3
38.544	-8.753	7.20E-02	3
38.542	-8.707	5.60E-02	3
38.540	-8.661	5.40E-02	3
38.538	-8.616	5.80E-02	3
38.537	-8.571	5.40E-02	3
38.535	-8.527	5.70E-02	3
38.533	-8.484	6.20E-02	3
38.531	-8.439	6.20E-02	3
38.529	-8.395	6.60E-02	3
38.528	-8.350	5.90E-02	3
38.526	-8.308	5.90E-02	3
38.524	-8.266	5.70E-02	3
38.627	-9.227	8.90E-02	0
38.625	-9.177	1.36E-01	3
38.623	-9.129	1.42E-01	0
38.621	-9.082	1.20E-01	3
38.619	-9.034	9.80E-02	1
38.616	-8.986	1.02E-01	3
38.614	-8.939	1.00E-01	0
38.612	-8.893	1.26E-01	3
38.610	-8.846	1.50E-01	0
38.608	-8.800	1.47E-01	3
38.606	-8.754	1.12E-01	0
38.603	-8.709	1.29E-01	3
38.601	-8.664	1.11E-01	0
38.599	-8.619	7.40E-02	3
38.597	-8.574	6.30E-02	0
38.595	-8.530	7.00E-02	3
38.593	-8.485	6.50E-02	0
38.590	-8.441	6.40E-02	3
38.588	-8.396	6.20E-02	0
38.586	-8.353	5.70E-02	3
38.584	-8.309	5.80E-02	0
38.581	-8.266	5.70E-02	3
38.610	-9.228	4.50E-02	3
38.608	-9.178	1.32E-01	3
38.606	-9.130	1.13E-01	3
38.604	-9.082	1.18E-01	3
38.602	-9.035	9.40E-02	3
38.599	-8.987	1.14E-01	3
38.597	-8.940	1.15E-01	3
38.595	-8.893	1.17E-01	3
38.593	-8.847	1.41E-01	3
38.591	-8.801	1.43E-01	3
38.589	-8.755	9.90E-02	3
38.587	-8.710	8.70E-02	3
38.585	-8.665	8.10E-02	3
38.583	-8.620	6.70E-02	3
38.580	-8.575	6.80E-02	3
38.578	-8.531	6.60E-02	3
38.576	-8.486	6.00E-02	3
38.574	-8.442	6.00E-02	3
38.572	-8.397	6.30E-02	3
38.570	-8.353	6.40E-02	3
38.567	-8.310	6.10E-02	3
38.565	-8.267	5.40E-02	3
38.593	-9.228	2.10E-02	0
38.591	-9.179	8.40E-02	3
38.589	-9.131	7.40E-02	0
38.587	-9.083	1.07E-01	3
38.585	-9.036	1.09E-01	2
38.582	-8.988	1.39E-01	3
38.580	-8.940	1.12E-01	1
38.578	-8.893	1.18E-01	3
38.576	-8.848	1.18E-01	0
38.574	-8.802	1.21E-01	3
38.572	-8.757	9.30E-02	0
38.570	-8.711	7.30E-02	3
38.568	-8.665	6.20E-02	0
38.566	-8.620	5.80E-02	3
38.564	-8.575	5.40E-02	0
38.562	-8.531	6.00E-02	3
38.560	-8.487	5.70E-02	0
38.558	-8.443	6.10E-02	3
38.555	-8.398	6.20E-02	0
38.553	-8.355	6.10E-02	3
38.551	-8.311	5.90E-02	0
38.549	-8.269	5.50E-02	3
38.575	-9.229	1.40E-02	3
38.573	-9.180	6.40E-02	3
38.571	-9.131	7.80E-02	3
38.569	-9.083	1.31E-01	3
38.568	-9.036	1.36E-01	3
38.565	-8.988	1.03E-01	3
38.563	-8.940	9.20E-02	3
38.561	-8.894	8.40E-02	3
38.559	-8.849	9.40E-02	3
38.557	-8.803	8.80E-02	3
38.555	-8.758	8.30E-02	3
38.553	-8.712	5.70E-02	3
38.551	-8.666	5.40E-02	3
38.549	-8.621	5.70E-02	3
38.547	-8.576	5.50E-02	3
38.545	-8.532	5.00E-02	3
38.543	-8.488	5.70E-02	3
38.541	-8.444	6.20E-02	3
38.539	-8.400	6.90E-02	3
38.537	-8.355	6.20E-02	3
38.535	-8.313	6.30E-02	3
38.533	-8.270	5.90E-02	3
38.558	-9.230	8.00E-03	0
38.556	-9.180	5.00E-02	3
38.554	-9.132	6.40E-02	0
38.552	-9.084	1.16E-01	3
38.550	-9.037	1.31E-01	0
38.548	-8.989	1.06E-01	3
38.546	-8.940	5.90E-02	0
38.545	-8.896	1.01E-01	3
38.543	-8.850	1.22E-01	0
38.541	-8.805	9.60E-02	3
38.539	-8.759	7.30E-02	0
38.537	-8.713	6.10E-02	3
38.535	-8.667	5.30E-02	0
38.533	-8.622	5.90E-02	3
38.531	-8.578	5.50E-02	0
38.529	-8.534	5.70E-02	3
38.527	-8.490	6.50E-02	0
38.525	-8.445	6.50E-02	3
38.523	-8.401	6.30E-02	0
38.521	-8.357	5.90E-02	3
38.519	-8.314	6.20E-02	1
38.517	-8.272	5.90E-02	3
38.541	-9.231	0.00E+00	3
38.539	-9.182	4.00E-02	3
38.537	-9.133	6.00E-02	3
38.535	-9.085	6.30E-02	3
38.533	-9.037	1.01E-01	3
38.532	-8.989	9.70E-02	3
38.530	-8.941	6.30E-02	3
38.528	-8.897	1.46E-01	3
38.526	-8.851	1.33E-01	3
38.524	-8.805	1.02E-01	3
38.522	-8.760	7.50E-02	3
38.520	-8.714	6.20E-02	3
38.518	-8.668	5.30E-02	3
38.516	-8.623	6.20E-02	3
38.514	-8.579	5.90E-02	3
38.512	-8.535	6.20E-02	3
38.510	-8.491	6.20E-02	3
38.508	-8.446	6.50E-02	3
38.506	-8.402	6.40E-02	3
38.504	-8.359	5.90E-02	3
38.502	-8.315	6.30E-02	3
38.500	-8.273	6.10E-02	3
38.524	-9.232	0.00E+00	1
38.522	-9.183	3.90E-02	3
38.520	-9.134	5.90E-02	0
38.518	-9.086	8.10E-02	3
38.516	-9.038	8.90E-02	0
38.515	-8.990	8.00E-02	3
38.513	-8.944	4.80E-02	0
38.511	-8.899	4.30E-02	3
38.509	-8.852	8.30E-02	0
38.507	-8.806	9.70E-02	3
38.505	-8.761	7.90E-02	0
38.503	-8.715	6.40E-02	3
38.501	-8.669	5.90E-02	0
38.500	-8.624	6.10E-02	3
38.498	-8.580	6.10E-02	0
38.496	-8.535	6.00E-02	3
38.494	-8.492	6.10E-02	0
38.492	-8.447	6.30E-02	3
38.490	-8.403	6.10E-02	0
38.488	-8.360	6.40E-02	3
38.486	-8.317	6.90E-02	0
38.484	-8.274	6.50E-02	3
38.507	-9.233	1.00E-03	3
38.505	-9.184	5.30E-02	3
38.503	-9.135	6.20E-02	3
38.501	-9.086	6.30E-02	3
38.499	-9.038	6.60E-02	3
38.498	-8.990	5.80E-02	3
38.496	-8.944	7.10E-02	3
38.494	-8.900	6.30E-02	3
38.492	-8.853	5.10E-02	3
38.490	-8.807	1.13E-01	3
38.489	-8.762	7.50E-02	3
38.487	-8.716	6.70E-02	3
38.485	-8.670	6.00E-02	3
38.483	-8.625	6.20E-02	3
38.481	-8.581	6.50E-02	3
38.479	-8.536	6.40E-02	3
38.477	-8.492	6.20E-02	3
38.475	-8.448	5.70E-02	3
38.474	-8.405	5.80E-02	3
38.472	-8.362	5.80E-02	3
38.470	-8.318	6.30E-02	3
38.468	-8.275	6.60E-02	3
38.489	-9.234	1.00E-03	2
38.488	-9.185	4.70E-02	3
38.486	-9.135	7.30E-02	1
38.484	-9.087	7.90E-02	3
38.482	-9.038	5.80E-02	0
38.481	-8.990	4.50E-02	3
38.479	-8.947	4.60E-02	0
38.477	-8.901	9.30E-02	3
38.475	-8.854	4.90E-02	0
38.474	-8.808	6.40E-02	3
38.472	-8.763	5.70E-02	0
38.470	-8.717	6.70E-02	3
38.468	-8.671	6.10E-02	0
38.466	-8.627	6.60E-02	3
38.465	-8.582	6.70E-02	0
38.463	-8.537	6.50E-02	3
38.461	-8.493	5.70E-02	0
38.459	-8.450	5.90E-02	3
38.457	-8.407	6.40E-02	0
38.455	-8.363	5.90E-02	3
38.454	-8.319	6.30E-02	0
38.452	-8.276	6.70E-02	3
38.472	-9.235	0.00E+00	3
38.471	-9.185	5.20E-02	3
38.469	-9.135	9.00E-02	3
38.467	-9.087	1.03E-01	3
38.465	-9.038	5.70E-02	3
38.464	-8.993	3.40E-02	3
38.462	-8.948	4.00E-03	3
38.460	-8.902	3.20E-02	3
38.459	-8.855	7.00E-02	3
38.457	-8.809	3.00E-02	3
38.455	-8.764	4.50E-02	3
38.453	-8.718	6.80E-02	3
38.452	-8.672	5.80E-02	3
38.450	-8.628	7.40E-02	3
38.448	-8.583	5.70E-02	3
38.446	-8.539	6.40E-02	3
38.445	-8.495	5.90E-02	3
38.443	-8.451	6.50E-02	3
38.441	-8.408	6.40E-02	3
38.439	-8.364	6.00E-02	3
38.437	-8.321	6.20E-02	3
38.435	-8.278	6.10E-02	3
38.539	-9.239	1.00E-03	2
38.536	-9.190	3.10E-02	3
38.534	-9.142	6.10E-02	0
38.532	-9.093	6.20E-02	3
38.530	-9.045	9.00E-02	0
38.528	-8.998	1.00E-01	3
38.526	-8.951	6.00E-02	0
38.524	-8.905	1.18E-01	3
38.521	-8.859	1.38E-01	0
38.519	-8.814	1.06E-01	3
38.517	-8.768	7.60E-02	0
38.515	-8.723	6.60E-02	3
38.513	-8.677	5.40E-02	0
38.511	-8.631	6.20E-02	3
38.508	-8.587	6.20E-02	0
38.506	-8.543	5.90E-02	3
38.504	-8.499	6.20E-02	0
38.502	-8.454	6.50E-02	3
38.500	-8.411	6.40E-02	0
38.497	-8.367	6.30E-02	3
38.495	-8.324	6.70E-02	0
38.493	-8.281	6.30E-02	3
38.521	-9.240	2.00E-03	3
38.519	-9.191	3.30E-02	3
38.517	-9.143	5.70E-02	3
38.515	-9.094	7.70E-02	3
38.513	-9.046	8.10E-02	3
38.511	-8.998	7.80E-02	3
38.509	-8.952	4.50E-02	3
38.507	-8.907	3.00E-02	3
38.505	-8.861	5.70E-02	3
38.502	-8.814	1.06E-01	3
38.500	-8.769	8.50E-02	3
38.498	-8.723	6.30E-02	3
38.496	-8.678	6.00E-02	3
38.494	-8.632	5.90E-02	3
38.492	-8.588	6.30E-02	3
38.490	-8.543	6.20E-02	3
38.488	-8.499	6.30E-02	3
38.485	-8.455	6.10E-02	3
38.483	-8.412	5.90E-02	3
38.481	-8.369	6.00E-02	3
38.479	-8.325	6.10E-02	3
38.477	-8.282	6.80E-02	3
38.504	-9.241	1.00E-03	0
38.502	-9.192	4.20E-02	3
38.500	-9.143	6.90E-02	0
38.498	-9.094	6.00E-02	3
38.496	-9.046	6.10E-02	0
38.494	-8.998	5.10E-02	3
38.492	-8.951	6.90E-02	0
38.490	-8.908	7.90E-02	3
38.488	-8.862	4.50E-02	0
38.486	-8.815	9.60E-02	3
38.484	-8.770	8.00E-02	0
38.482	-8.724	6.70E-02	3
38.479	-8.679	6.20E-02	0
38.477	-8.634	6.30E-02	3
38.475	-8.589	6.90E-02	0
38.473	-8.544	6.30E-02	3
38.471	-8.500	6.00E-02	0
38.469	-8.456	5.50E-02	3
38.467	-8.414	6.00E-02	0
38.465	-8.370	5.80E-02	3
38.463	-8.326	6.30E-02	0
38.460	-8.283	6.60E-02	3
38.487	-9.242	1.00E-03	3
38.485	-9.193	3.80E-02	3
38.483	-9.143	7.60E-02	3
38.481	-9.094	9.00E-02	3
38.479	-9.047	6.00E-02	3
38.477	-8.998	4.10E-02	3
38.475	-8.955	2.90E-02	3
38.473	-8.909	6.90E-02	3
38.471	-8.862	5.00E-02	3
38.469	-8.816	3.70E-02	3
38.467	-8.771	4.80E-02	3
38.465	-8.725	6.50E-02	3
38.463	-8.680	5.60E-02	3
38.461	-8.635	6.60E-02	3
38.459	-8.590	6.60E-02	3
38.457	-8.545	6.70E-02	3
38.455	-8.502	5.90E-02	3
38.453	-8.458	6.20E-02	3
38.451	-8.415	6.60E-02	3
38.448	-8.371	6.50E-02	3
38.446	-8.328	6.30E-02	3
38.444	-8.284	6.60E-02	3
38.470	-9.242	1.00E-03	0
38.468	-9.193	3.90E-02	3
38.466	-9.143	8.10E-02	0
38.464	-9.094	9.80E-02	3
38.462	-9.047	5.30E-02	0
38.460	-9.001	3.30E-02	3
38.458	-8.956	1.00E-03	0
38.456	-8.910	4.00E-03	3
38.454	-8.863	6.50E-02	0
38.452	-8.817	4.30E-02	3
38.450	-8.772	4.30E-02	0
38.448	-8.726	6.60E-02	3
38.446	-8.681	5.80E-02	0
38.444	-8.636	7.60E-02	3
38.442	-8.591	5.90E-02	0
38.440	-8.547	6.10E-02	3
38.438	-8.503	6.00E-02	0
38.436	-8.459	6.60E-02	3
38.434	-8.416	6.50E-02	0
38.432	-8.373	5.50E-02	3
38.430	-8.330	6.00E-02	0
38.428	-8.287	5.70E-02	3
38.453	-9.243	5.00E-03	3
38.451	-9.193	3.90E-02	3
38.449	-9.143	7.60E-02	3
38.447	-9.095	9.40E-02	3
38.445	-9.048	6.20E-02	3
38.443	-9.004	8.00E-03	3
38.441	-8.957	4.00E-03	3
38.439	-8.911	4.00E-03	3
38.437	-8.864	2.90E-02	3
38.435	-8.818	7.90E-02	3
38.433	-8.773	7.30E-02	3
38.432	-8.727	6.00E-02	3
38.430	-8.682	6.80E-02	3
38.428	-8.637	7.70E-02	3
38.426	-8.592	6.50E-02	3
38.424	-8.548	6.90E-02	3
38.422	-8.504	6.40E-02	3
38.420	-8.460	6.00E-02	3
38.418	-8.417	7.30E-02	3
38.416	-8.373	5.30E-02	3
38.414	-8.331	6.00E-02	3
38.412	-8.287	6.70E-02	3
38.435	-9.244	8.00E-03	0
38.433	-9.194	5.10E-02	3
38.432	-9.145	4.90E-02	0
38.430	-9.099	1.70E-02	3
38.428	-9.052	5.00E-03	0
38.426	-9.005	1.00E-03	3
38.424	-8.958	1.00E-03	0
38.422	-8.911	0.00E+00	3
38.421	-8.865	-2.00E-03	0
38.419	-8.819	6.80E-02	3
38.417	-8.774	8.80E-02	0
38.415	-8.728	9.90E-02	3
38.413	-8.683	9.20E-02	0
38.411	-8.638	8.30E-02	3
38.409	-8.594	9.10E-02	0
38.407	-8.550	8.20E-02	3
38.405	-8.505	7.30E-02	0
38.403	-8.462	8.00E-02	3
38.401	-8.418	8.00E-02	0
38.399	-8.374	5.90E-02	3
38.398	-8.332	6.40E-02	0
38.396	-8.289	6.90E-02	3
38.418	-9.245	1.10E-02	3
38.416	-9.195	3.60E-02	3
38.415	-9.148	4.00E-03	3
38.413	-9.101	1.00E-03	3
38.411	-9.053	1.00E-03	3
38.409	-9.006	1.00E-03	3
38.407	-8.959	1.00E-03	3
38.406	-8.912	1.00E-03	3
38.404	-8.866	0.00E+00	3
38.402	-8.820	4.80E-02	3
38.400	-8.774	1.05E-01	3
38.398	-8.729	1.50E-01	3
38.396	-8.684	1.36E-01	3
38.394	-8.639	9.30E-02	3
38.393	-8.594	8.30E-02	3
38.391	-8.550	8.60E-02	3
38.389	-8.506	8.90E-02	3
38.387	-8.463	9.60E-02	3
38.385	-8.419	7.10E-02	3
38.383	-8.375	7.10E-02	3
38.381	-8.332	6.50E-02	3
38.379	-8.290	6.30E-02	3
38.401	-9.246	2.00E-03	0
38.399	-9.197	2.00E-03	3
38.398	-9.149	1.00E-03	0
38.396	-9.101	1.00E-03	2
38.394	-9.054	2.00E-03	0
38.392	-9.007	2.00E-03	2
38.390	-8.960	1.00E-03	0
38.389	-8.913	1.00E-03	3
38.387	-8.867	0.00E+00	0
38.385	-8.821	3.30E-02	3
38.383	-8.775	9.70E-02	0
38.382	-8.730	1.21E-01	3
38.380	-8.684	1.26E-01	0
38.378	-8.640	9.80E-02	3
38.376	-8.595	8.90E-02	0
38.374	-8.551	9.80E-02	3
38.372	-8.508	1.15E-01	0
38.371	-8.464	8.10E-02	3
38.369	-8.419	6.80E-02	0
38.367	-8.376	7.60E-02	3
38.365	-8.333	6.50E-02	0
38.363	-8.291	7.00E-02	3
38.384	-9.247	3.00E-03	3
38.382	-9.198	3.00E-03	3
38.380	-9.150	3.00E-03	3
38.379	-9.102	2.00E-03	3
38.377	-9.055	2.00E-03	3
38.375	-9.008	1.00E-03	3
38.374	-8.961	1.00E-03	3
38.372	-8.914	1.00E-03	3
38.370	-8.868	1.00E-03	3
38.368	-8.822	2.10E-02	3
38.367	-8.776	8.90E-02	3
38.365	-8.731	1.10E-01	3
38.363	-8.685	1.37E-01	3
38.361	-8.640	9.70E-02	3
38.360	-8.596	9.20E-02	3
38.358	-8.552	8.10E-02	3
38.356	-8.509	8.50E-02	3
38.354	-8.464	7.20E-02	3
38.352	-8.420	7.10E-02	3
38.350	-8.377	6.50E-02	3
38.450	-9.249	0.00E+00	2
38.448	-9.200	3.70E-02	3
38.445	-9.149	7.70E-02	0
38.443	-9.102	8.50E-02	3
38.441	-9.055	5.90E-02	0
38.439	-9.010	9.00E-03	3
38.437	-8.963	4.00E-03	0
38.435	-8.917	3.00E-03	3
38.433	-8.870	1.40E-02	0
38.430	-8.824	7.60E-02	3
38.428	-8.779	8.00E-02	0
38.426	-8.734	6.80E-02	3
38.424	-8.689	7.10E-02	0
38.422	-8.644	8.30E-02	3
38.420	-8.599	8.00E-02	0
38.417	-8.555	7.50E-02	3
38.415	-8.510	6.90E-02	0
38.413	-8.467	6.70E-02	3
38.411	-8.424	8.50E-02	0
38.409	-8.380	5.90E-02	3
38.406	-8.337	6.20E-02	0
38.404	-8.294	7.20E-02	3
38.402	-8.251	6.80E-02	0
38.430	-9.200	4.70E-02	3
38.428	-9.152	3.80E-02	3
38.426	-9.106	1.20E-02	3
38.424	-9.058	2.00E-03	3
38.422	-9.011	2.00E-03	3
38.420	-8.964	2.00E-03	3
38.418	-8.918	2.00E-03	3
38.416	-8.871	2.00E-03	3
38.414	-8.825	5.40E-02	3
38.412	-8.780	9.50E-02	3
38.409	-8.734	1.12E-01	3
38.407	-8.689	1.13E-01	3
38.405	-8.645	9.00E-02	3
38.403	-8.600	8.80E-02	3
38.401	-8.556	8.50E-02	3
38.399	-8.511	8.60E-02	3
38.397	-8.468	8.80E-02	3
38.394	-8.425	8.40E-02	3
38.392	-8.380	6.40E-02	3
38.390	-8.338	6.70E-02	3
38.388	-8.295	6.60E-02	3
38.386	-8.252	6.90E-02	3
38.413	-9.202	3.10E-02	3
38.411	-9.154	5.00E-03	0
38.409	-9.107	2.00E-03	3
38.407	-9.059	2.00E-03	0
38.405	-9.012	2.00E-03	3
38.403	-8.965	2.00E-03	0
38.401	-8.918	1.00E-03	3
38.399	-8.872	1.00E-03	0
38.397	-8.826	3.40E-02	3
38.395	-8.781	1.03E-01	0
38.393	-8.735	1.58E-01	3
38.391	-8.690	1.58E-01	0
38.389	-8.645	9.20E-02	3
38.386	-8.601	8.60E-02	0
38.384	-8.556	9.10E-02	3
38.382	-8.512	9.70E-02	0
38.380	-8.469	9.50E-02	3
38.378	-8.425	6.90E-02	0
38.376	-8.381	7.50E-02	3
38.374	-8.338	6.50E-02	0
38.372	-8.296	6.40E-02	3
38.369	-8.253	7.40E-02	0
38.396	-9.203	3.00E-03	3
38.394	-9.155	2.00E-03	3
38.392	-9.107	2.00E-03	3
38.390	-9.060	3.00E-03	3
38.388	-9.013	2.00E-03	3
38.386	-8.966	2.00E-03	3
38.384	-8.919	1.00E-03	3
38.382	-8.873	1.00E-03	3
38.380	-8.827	2.40E-02	3
38.378	-8.781	9.80E-02	3
38.376	-8.736	1.08E-01	3
38.374	-8.690	1.27E-01	3
38.372	-8.646	1.07E-01	3
38.370	-8.601	9.00E-02	3
38.368	-8.557	9.30E-02	3
38.366	-8.514	1.06E-01	3
38.364	-8.470	7.70E-02	3
38.362	-8.425	7.30E-02	3
38.360	-8.382	7.40E-02	3
38.357	-8.340	6.60E-02	3
38.355	-8.298	6.90E-02	3
38.353	-8.254	7.10E-02	3
38.379	-9.204	3.00E-03	3
38.377	-9.156	3.00E-03	0
38.375	-9.108	2.00E-03	3
38.373	-9.061	3.00E-03	0
38.371	-9.014	2.00E-03	3
38.369	-8.967	2.00E-03	0
38.367	-8.920	1.00E-03	3
38.365	-8.874	1.00E-03	0
38.363	-8.828	1.40E-02	3
38.361	-8.782	8.30E-02	0
38.359	-8.737	1.12E-01	3
38.357	-8.691	1.27E-01	0
38.355	-8.646	9.50E-02	3
38.353	-8.602	9.30E-02	0
38.351	-8.558	8.50E-02	3
38.362	-9.205	3.00E-03	3
38.360	-9.157	3.00E-03	3
38.358	-9.109	3.00E-03	3
38.356	-9.062	3.00E-03	3
38.354	-9.015	2.00E-03	3
38.352	-8.968	2.00E-03	3
38.350	-8.921	2.00E-03	3
38.359	-9.213	4.00E-03	3
38.357	-9.165	3.00E-03	0
38.355	-9.117	3.00E-03	3
38.353	-9.070	3.00E-03	0
38.351	-9.023	3.00E-03	3
