39.349	-8.415	3.1683E-01	3
39.347	-8.371	2.9809E-01	0
39.345	-8.326	2.8793E-01	3
39.343	-8.282	2.7458E-01	0
39.349	-8.879	3.4277E-01	3
39.347	-8.832	3.5482E-01	3
39.346	-8.784	3.8802E-01	3
39.344	-8.737	4.1144E-01	3
39.342	-8.691	4.2967E-01	3
39.341	-8.645	4.3982E-01	3
39.339	-8.600	3.5650E-01	3
39.337	-8.555	3.3518E-01	3
39.336	-8.509	3.3008E-01	3
39.334	-8.463	3.3784E-01	3
39.332	-8.417	3.1384E-01	3
39.330	-8.373	3.1384E-01	3
39.329	-8.328	3.1069E-01	3
39.327	-8.284	3.1533E-01	3
39.349	-8.562	3.5761E-01	3
39.347	-8.516	3.3247E-01	3
39.345	-8.470	3.4195E-01	3
39.343	-8.423	3.2253E-01	3
39.341	-8.379	2.9961E-01	2
39.339	-8.335	2.9893E-01	3
39.337	-8.291	3.0410E-01	3
39.349	-8.982	3.6008E-01	3
39.347	-8.934	3.5035E-01	1
39.345	-8.887	3.4091E-01	3
39.343	-8.840	3.5873E-01	1
39.342	-8.792	3.9444E-01	3
39.340	-8.744	4.1346E-01	1
39.338	-8.699	4.3624E-01	3
39.336	-8.653	4.5310E-01	0
39.334	-8.608	3.8543E-01	3
39.332	-8.563	3.2142E-01	2
39.330	-8.517	3.2467E-01	3
39.328	-8.472	3.5065E-01	0
39.326	-8.426	3.3226E-01	3
39.324	-8.381	3.3292E-01	0
39.322	-8.336	3.0610E-01	3
39.320	-8.292	3.0549E-01	0
39.341	-9.230	3.7322E-01	3
39.339	-9.180	3.6784E-01	3
39.337	-9.130	3.6939E-01	3
39.336	-9.081	3.6769E-01	3
39.334	-9.031	3.6710E-01	3
39.332	-8.983	3.4541E-01	3
39.330	-8.936	3.4038E-01	3
39.328	-8.888	3.4013E-01	3
39.327	-8.841	3.5795E-01	3
39.325	-8.793	4.2055E-01	3
39.323	-8.746	4.0682E-01	3
39.321	-8.700	4.3249E-01	3
39.319	-8.654	4.2304E-01	3
39.317	-8.609	3.6738E-01	3
39.315	-8.564	3.0475E-01	3
39.314	-8.518	3.6749E-01	3
39.312	-8.472	3.4096E-01	3
39.310	-8.427	3.3247E-01	3
39.308	-8.382	3.3025E-01	2
39.306	-8.337	3.0664E-01	3
39.304	-8.292	2.9902E-01	3
39.324	-9.231	3.7904E-01	0
39.322	-9.181	3.7105E-01	3
39.320	-9.130	3.7141E-01	1
39.318	-9.082	3.6426E-01	3
39.317	-9.033	3.7261E-01	0
39.315	-8.983	3.5220E-01	3
39.313	-8.936	3.3754E-01	0
39.311	-8.889	3.5462E-01	3
39.310	-8.841	3.7391E-01	0
39.308	-8.794	4.1955E-01	3
39.306	-8.747	4.5234E-01	0
39.304	-8.701	4.2956E-01	3
39.302	-8.655	4.0877E-01	1
39.301	-8.610	3.6200E-01	3
39.299	-8.565	3.7907E-01	2
39.297	-8.519	3.7036E-01	3
39.295	-8.472	3.2832E-01	2
39.293	-8.427	3.1540E-01	3
39.291	-8.382	3.1434E-01	0
39.289	-8.338	3.0681E-01	3
39.288	-8.293	3.0853E-01	0
39.306	-9.230	3.6801E-01	3
39.305	-9.182	3.6276E-01	3
39.303	-9.131	3.7945E-01	3
39.301	-9.082	3.8091E-01	3
39.300	-9.033	3.7380E-01	3
39.298	-8.984	3.5294E-01	3
39.296	-8.938	3.6216E-01	3
39.294	-8.890	3.7787E-01	3
39.293	-8.842	3.9682E-01	3
39.291	-8.795	4.0593E-01	3
39.289	-8.749	4.3875E-01	3
39.287	-8.702	4.2338E-01	3
39.286	-8.657	4.0026E-01	3
39.284	-8.611	3.5584E-01	3
39.282	-8.565	3.9384E-01	3
39.280	-8.519	3.7191E-01	3
39.278	-8.473	3.2684E-01	3
39.277	-8.427	3.1594E-01	3
39.275	-8.383	3.0520E-01	3
39.273	-8.339	3.1079E-01	3
39.271	-8.295	3.1473E-01	3
39.269	-8.251	3.1444E-01	3
39.289	-9.231	3.8319E-01	1
39.288	-9.182	3.6873E-01	3
39.286	-9.133	3.7635E-01	0
39.284	-9.083	3.7719E-01	3
39.283	-9.034	3.6906E-01	1
39.281	-8.985	3.4108E-01	3
39.279	-8.938	3.4124E-01	0
39.278	-8.891	3.5342E-01	3
39.276	-8.844	3.7386E-01	1
39.274	-8.797	4.2163E-01	3
39.272	-8.750	4.3533E-01	2
39.271	-8.703	4.0595E-01	3
39.269	-8.658	3.6969E-01	1
39.267	-8.612	3.4241E-01	3
39.266	-8.566	3.7557E-01	2
39.264	-8.520	3.7059E-01	3
39.262	-8.474	3.1380E-01	2
39.260	-8.428	3.0638E-01	3
39.258	-8.384	3.2566E-01	0
39.257	-8.340	3.4005E-01	3
39.255	-8.296	3.1899E-01	0
39.253	-8.252	3.1670E-01	3
39.272	-9.231	3.9173E-01	3
39.270	-9.183	3.6510E-01	3
39.269	-9.134	3.6282E-01	3
39.267	-9.085	3.6928E-01	3
39.265	-9.035	3.5871E-01	3
39.264	-8.987	3.4063E-01	3
39.262	-8.939	3.2720E-01	3
39.261	-8.892	3.6523E-01	3
39.259	-8.844	4.1976E-01	3
39.257	-8.798	3.9567E-01	3
39.256	-8.751	3.9955E-01	3
39.254	-8.704	3.7898E-01	3
39.252	-8.659	3.3596E-01	3
39.251	-8.613	3.1116E-01	3
39.249	-8.567	3.8143E-01	3
39.247	-8.520	3.5942E-01	3
39.245	-8.475	3.4272E-01	3
39.244	-8.430	3.2058E-01	3
39.242	-8.385	3.2218E-01	3
39.240	-8.341	3.1153E-01	3
39.238	-8.297	2.9245E-01	3
39.237	-8.254	3.1539E-01	3
39.339	-9.236	3.7801E-01	0
39.337	-9.187	3.7296E-01	3
39.335	-9.135	3.7150E-01	0
39.333	-9.087	3.6992E-01	3
39.331	-9.037	3.7167E-01	0
39.329	-8.989	3.5740E-01	3
39.327	-8.942	3.4544E-01	0
39.324	-8.894	3.4461E-01	3
39.322	-8.847	3.5490E-01	0
39.320	-8.799	4.2026E-01	3
39.318	-8.752	4.2483E-01	0
39.316	-8.706	4.1876E-01	3
39.314	-8.661	4.1971E-01	0
39.312	-8.615	3.8008E-01	3
39.310	-8.570	3.2881E-01	0
39.308	-8.524	3.6662E-01	3
39.306	-8.478	3.4392E-01	0
39.303	-8.432	3.2139E-01	3
39.301	-8.388	3.2291E-01	0
39.299	-8.343	3.1021E-01	3
39.297	-8.299	3.1587E-01	0
39.295	-8.255	2.9613E-01	3
39.322	-9.236	3.7875E-01	3
39.320	-9.187	3.7254E-01	3
39.318	-9.135	3.7405E-01	3
39.316	-9.087	3.6764E-01	3
39.314	-9.039	3.7352E-01	3
39.312	-8.990	3.5624E-01	3
39.310	-8.942	3.3716E-01	3
39.308	-8.895	3.5568E-01	3
39.305	-8.847	3.8193E-01	3
39.303	-8.800	4.1050E-01	3
39.301	-8.753	4.5776E-01	3
39.299	-8.707	4.4041E-01	3
39.297	-8.661	4.1641E-01	3
39.295	-8.616	3.4881E-01	3
39.293	-8.571	3.8510E-01	3
39.291	-8.525	3.8308E-01	3
39.289	-8.478	3.3054E-01	3
39.287	-8.433	3.1955E-01	3
39.285	-8.388	3.0594E-01	3
39.283	-8.344	3.0447E-01	3
39.281	-8.300	2.9321E-01	3
39.279	-8.256	3.0654E-01	3
39.304	-9.236	3.6904E-01	0
39.302	-9.188	3.6449E-01	3
39.300	-9.137	3.7879E-01	0
39.298	-9.088	3.8189E-01	3
39.296	-9.039	3.7314E-01	0
39.294	-8.990	3.5352E-01	3
39.293	-8.943	3.6035E-01	0
39.291	-8.896	3.7923E-01	3
39.289	-8.849	3.9550E-01	0
39.287	-8.801	4.0831E-01	3
39.285	-8.755	4.3242E-01	0
39.283	-8.708	4.2211E-01	3
39.281	-8.663	4.0638E-01	1
39.279	-8.617	3.7013E-01	3
39.277	-8.571	3.7976E-01	2
39.275	-8.526	3.6673E-01	3
39.272	-8.480	3.3107E-01	0
39.270	-8.434	3.0757E-01	3
39.268	-8.389	3.0754E-01	0
39.266	-8.345	3.2365E-01	3
39.264	-8.301	3.2772E-01	0
39.262	-8.257	3.1711E-01	3
39.287	-9.236	3.8571E-01	3
39.285	-9.188	3.7187E-01	3
39.283	-9.139	3.6876E-01	3
39.281	-9.089	3.7554E-01	3
39.279	-9.040	3.6778E-01	3
39.277	-8.991	3.4281E-01	3
39.276	-8.944	3.3515E-01	3
39.274	-8.897	3.5008E-01	3
39.272	-8.850	3.6826E-01	3
39.270	-8.803	4.1619E-01	3
39.268	-8.756	4.3356E-01	3
39.266	-8.709	4.0229E-01	3
39.264	-8.664	3.5646E-01	3
39.262	-8.618	3.1711E-01	3
39.260	-8.572	3.7627E-01	3
39.258	-8.526	3.8093E-01	3
39.256	-8.480	3.2455E-01	3
39.254	-8.435	3.1008E-01	3
39.252	-8.390	3.3193E-01	3
39.250	-8.347	3.2800E-01	3
39.248	-8.302	3.1047E-01	3
39.246	-8.259	3.1089E-01	3
39.270	-9.237	3.9387E-01	0
39.268	-9.189	3.6551E-01	3
39.266	-9.140	3.6047E-01	1
39.264	-9.090	3.6952E-01	3
39.262	-9.041	3.5933E-01	2
39.260	-8.992	3.4388E-01	3
39.259	-8.945	3.2901E-01	1
39.257	-8.898	3.5777E-01	3
39.255	-8.850	4.2970E-01	0
39.253	-8.803	3.9003E-01	3
39.251	-8.757	3.6708E-01	1
39.249	-8.710	3.8038E-01	3
39.247	-8.665	3.2491E-01	0
39.245	-8.619	3.1740E-01	3
39.243	-8.573	3.8238E-01	2
39.241	-8.526	3.5118E-01	3
39.239	-8.481	3.3365E-01	1
39.237	-8.436	3.2910E-01	3
39.235	-8.391	3.2489E-01	0
39.234	-8.347	3.1665E-01	3
39.232	-8.303	3.0433E-01	0
39.230	-8.260	3.2309E-01	3
39.252	-9.239	3.9642E-01	3
39.251	-9.190	3.6992E-01	3
39.249	-9.141	3.6001E-01	3
39.247	-9.091	3.7293E-01	3
39.245	-9.041	3.6555E-01	3
39.243	-8.993	3.5121E-01	3
39.242	-8.946	3.4556E-01	3
39.240	-8.898	3.7456E-01	3
39.238	-8.851	4.3294E-01	3
39.236	-8.804	3.8747E-01	3
39.234	-8.758	3.5635E-01	3
39.232	-8.711	3.6533E-01	3
39.230	-8.665	3.2302E-01	3
39.229	-8.620	3.5320E-01	3
39.227	-8.574	3.7761E-01	3
39.225	-8.528	3.3801E-01	3
39.223	-8.482	3.6286E-01	3
39.221	-8.437	3.7170E-01	3
39.219	-8.393	3.3046E-01	3
39.217	-8.348	2.9379E-01	3
39.215	-8.305	3.2956E-01	3
39.213	-8.261	3.1040E-01	3
39.235	-9.240	3.9613E-01	0
39.233	-9.190	3.6522E-01	3
39.232	-9.141	3.6074E-01	2
39.230	-9.092	3.8018E-01	3
39.228	-9.042	3.8419E-01	0
39.226	-8.994	3.7438E-01	3
39.225	-8.947	3.5086E-01	0
39.223	-8.900	3.7163E-01	3
39.221	-8.852	3.8893E-01	0
39.219	-8.805	3.7357E-01	3
39.217	-8.758	3.7964E-01	0
39.216	-8.713	4.0243E-01	3
39.214	-8.667	3.7595E-01	0
39.212	-8.621	3.6806E-01	3
39.210	-8.575	3.9455E-01	2
39.208	-8.528	3.4670E-01	3
39.206	-8.483	3.1926E-01	2
39.204	-8.438	3.1443E-01	3
39.203	-8.394	3.1521E-01	0
39.201	-8.350	3.1195E-01	3
39.199	-8.306	3.0868E-01	0
39.197	-8.261	2.9845E-01	3
39.218	-9.242	3.8242E-01	3
39.216	-9.191	3.5235E-01	3
39.214	-9.142	3.4533E-01	3
39.213	-9.093	3.8371E-01	3
39.211	-9.041	3.6438E-01	3
39.209	-8.994	3.6289E-01	3
39.208	-8.948	3.8065E-01	3
39.206	-8.900	3.8047E-01	3
39.204	-8.853	3.8119E-01	3
39.202	-8.806	3.5302E-01	3
39.201	-8.759	3.7294E-01	3
39.199	-8.714	3.5448E-01	3
39.197	-8.668	3.4889E-01	3
39.195	-8.621	4.0581E-01	3
39.193	-8.575	3.9811E-01	3
39.192	-8.529	3.6729E-01	3
39.190	-8.484	3.2377E-01	3
39.188	-8.440	3.3275E-01	3
39.186	-8.395	3.3546E-01	3
39.184	-8.351	3.2681E-01	3
39.182	-8.307	3.0319E-01	3
39.181	-8.262	3.1769E-01	3
39.201	-9.242	3.8720E-01	2
39.199	-9.192	3.6273E-01	3
39.197	-9.142	3.3630E-01	1
39.196	-9.092	3.7432E-01	3
39.194	-9.040	3.3782E-01	2
39.192	-8.995	3.3905E-01	3
39.191	-8.949	3.6678E-01	0
39.189	-8.901	3.5838E-01	3
39.187	-8.853	3.8620E-01	0
39.185	-8.806	3.9045E-01	3
39.184	-8.760	3.7190E-01	2
39.182	-8.715	3.2819E-01	3
39.180	-8.669	3.3419E-01	2
39.179	-8.622	4.0576E-01	3
39.177	-8.576	3.7550E-01	2
39.175	-8.530	3.4760E-01	3
39.173	-8.486	3.3628E-01	2
39.171	-8.440	3.0636E-01	3
39.170	-8.396	2.9687E-01	0
39.168	-8.351	2.9774E-01	3
39.166	-8.307	3.2203E-01	0
39.164	-8.263	3.4217E-01	3
39.183	-9.243	3.8542E-01	3
39.182	-9.193	3.6289E-01	3
39.180	-9.143	3.4401E-01	3
39.178	-9.090	3.6126E-01	3
39.177	-9.039	3.4980E-01	3
39.175	-8.997	3.5049E-01	3
39.174	-8.950	3.3041E-01	3
39.172	-8.902	3.7383E-01	3
39.170	-8.854	4.1423E-01	2
39.169	-8.808	3.9427E-01	3
39.167	-8.762	3.5510E-01	2
39.165	-8.716	3.3099E-01	3
39.164	-8.670	3.6251E-01	3
39.162	-8.623	4.0186E-01	3
39.160	-8.576	3.6586E-01	2
39.158	-8.532	3.6945E-01	3
39.157	-8.486	3.1878E-01	2
39.155	-8.441	3.0271E-01	3
39.153	-8.396	3.0625E-01	2
39.151	-8.352	3.0417E-01	3
39.150	-8.308	3.4888E-01	3
39.148	-8.265	3.4655E-01	3
39.251	-9.247	4.0067E-01	2
39.248	-9.197	3.7862E-01	3
39.246	-9.149	3.6557E-01	0
39.244	-9.099	3.7611E-01	3
39.242	-9.050	3.7650E-01	0
39.240	-9.001	3.5894E-01	3
39.238	-8.954	3.5552E-01	0
39.236	-8.906	3.7032E-01	3
39.234	-8.859	4.3532E-01	2
39.232	-8.812	4.0112E-01	3
39.230	-8.766	3.7923E-01	2
39.228	-8.720	3.8879E-01	3
39.226	-8.674	3.5814E-01	1
39.224	-8.628	3.5669E-01	3
39.221	-8.582	3.8397E-01	0
39.219	-8.536	3.5134E-01	3
39.217	-8.491	3.5506E-01	0
39.215	-8.446	3.6748E-01	3
39.213	-8.401	3.3669E-01	2
39.211	-8.357	2.9989E-01	3
39.209	-8.313	3.2768E-01	3
39.206	-8.269	3.1020E-01	3
39.233	-9.249	4.0256E-01	3
39.231	-9.198	3.7428E-01	3
39.229	-9.149	3.6120E-01	3
39.227	-9.100	3.7853E-01	3
39.225	-9.050	3.9309E-01	3
39.223	-9.001	3.7825E-01	3
39.221	-8.955	3.6629E-01	3
39.219	-8.908	3.6324E-01	3
39.217	-8.860	3.8539E-01	3
39.215	-8.813	3.6400E-01	3
39.213	-8.766	3.7150E-01	3
39.211	-8.721	3.9679E-01	3
39.209	-8.675	3.7058E-01	3
39.207	-8.629	3.6966E-01	3
39.205	-8.583	4.0838E-01	2
39.203	-8.536	3.7205E-01	3
39.201	-8.491	3.2447E-01	3
39.198	-8.447	3.1336E-01	3
39.196	-8.402	3.2030E-01	3
39.194	-8.358	3.2292E-01	3
39.192	-8.314	3.1121E-01	3
39.190	-8.270	3.0123E-01	3
39.216	-9.250	3.8514E-01	0
39.214	-9.199	3.5614E-01	3
39.212	-9.150	3.3944E-01	0
39.210	-9.101	3.7997E-01	3
39.208	-9.049	3.6867E-01	0
39.206	-9.002	3.5289E-01	3
39.204	-8.956	3.7933E-01	0
39.202	-8.908	3.7656E-01	3
39.200	-8.861	3.8835E-01	2
39.198	-8.813	3.6276E-01	3
39.196	-8.767	3.7622E-01	1
39.194	-8.722	3.5222E-01	3
39.192	-8.676	3.3509E-01	0
39.190	-8.630	4.1443E-01	3
39.188	-8.583	3.9196E-01	1
39.186	-8.537	3.6761E-01	3
39.184	-8.493	3.3193E-01	0
39.182	-8.448	3.3632E-01	3
39.180	-8.404	3.3206E-01	0
39.178	-8.359	3.2411E-01	3
39.176	-8.315	3.0892E-01	2
39.174	-8.271	3.2711E-01	3
39.199	-9.250	3.9095E-01	3
39.197	-9.200	3.7901E-01	3
39.195	-9.150	3.3894E-01	3
39.193	-9.100	3.6975E-01	3
39.191	-9.046	3.4490E-01	2
39.189	-9.002	3.3383E-01	3
39.187	-8.957	3.6188E-01	2
39.185	-8.909	3.5722E-01	3
39.183	-8.861	3.9689E-01	2
39.181	-8.814	3.9316E-01	3
39.179	-8.768	3.8012E-01	3
39.177	-8.723	3.3419E-01	3
39.176	-8.677	3.2980E-01	3
39.174	-8.630	4.0084E-01	3
39.171	-8.584	3.8186E-01	3
39.169	-8.538	3.6089E-01	3
39.168	-8.494	3.3964E-01	3
39.165	-8.448	3.0472E-01	3
39.163	-8.403	3.0002E-01	3
39.161	-8.359	2.9487E-01	3
39.159	-8.315	3.3042E-01	3
39.157	-8.272	3.5666E-01	3
39.180	-9.201	3.6375E-01	3
39.178	-9.151	3.4627E-01	0
39.176	-9.098	3.6851E-01	3
39.174	-9.046	3.5515E-01	0
39.172	-9.004	3.6197E-01	3
39.170	-8.958	3.3312E-01	0
39.168	-8.910	3.7194E-01	3
39.166	-8.862	4.1542E-01	2
39.164	-8.816	3.9920E-01	3
39.163	-8.769	3.6069E-01	2
39.161	-8.724	3.3181E-01	3
39.159	-8.678	3.5496E-01	0
39.157	-8.631	4.1117E-01	3
39.155	-8.584	3.6188E-01	0
39.153	-8.540	3.6732E-01	3
39.151	-8.495	3.2792E-01	0
39.149	-8.449	3.0608E-01	3
39.147	-8.405	3.1404E-01	1
39.145	-8.361	3.1199E-01	3
39.143	-8.316	3.4516E-01	1
39.141	-8.273	3.4209E-01	3
39.162	-9.202	3.3202E-01	3
39.160	-9.152	3.5879E-01	1
39.159	-9.101	3.9230E-01	3
39.157	-9.053	4.0471E-01	2
39.155	-9.006	3.7732E-01	3
39.153	-8.958	3.5990E-01	2
39.151	-8.911	3.9505E-01	3
39.149	-8.863	3.9609E-01	3
39.148	-8.817	3.9451E-01	3
39.146	-8.771	3.6717E-01	3
39.144	-8.725	3.2134E-01	3
39.142	-8.678	3.6580E-01	3
39.140	-8.632	3.9216E-01	3
39.138	-8.585	3.2369E-01	3
39.136	-8.541	3.4362E-01	3
39.134	-8.496	3.2374E-01	1
39.132	-8.451	3.1563E-01	3
39.131	-8.406	3.3333E-01	3
39.129	-8.362	3.4664E-01	3
39.127	-8.317	3.2264E-01	3
39.125	-8.274	3.1500E-01	3
39.145	-9.203	3.4125E-01	3
39.143	-9.151	3.6975E-01	0
39.141	-9.101	3.8282E-01	3
39.140	-9.055	4.1096E-01	0
39.138	-9.007	4.0504E-01	3
39.136	-8.960	3.6368E-01	0
39.134	-8.912	4.0437E-01	3
39.133	-8.864	4.0426E-01	2
39.131	-8.818	3.7983E-01	3
39.129	-8.772	3.5382E-01	0
39.127	-8.726	3.4581E-01	3
39.125	-8.679	4.0720E-01	0
39.123	-8.633	3.9011E-01	3
39.122	-8.587	3.2623E-01	0
39.120	-8.542	3.4923E-01	3
39.118	-8.497	3.3304E-01	2
39.116	-8.452	3.2362E-01	3
39.114	-8.407	3.3279E-01	2
39.112	-8.363	3.4569E-01	3
39.110	-8.319	3.2449E-01	2
39.108	-8.275	2.9369E-01	3
39.128	-9.203	3.5554E-01	3
39.126	-9.151	3.9046E-01	2
39.124	-9.103	4.0221E-01	3
39.123	-9.056	3.8724E-01	3
39.121	-9.008	3.5719E-01	3
39.119	-8.961	3.4501E-01	2
39.117	-8.913	3.7526E-01	3
39.116	-8.865	3.8091E-01	3
39.114	-8.819	3.7519E-01	3
39.112	-8.773	3.3764E-01	3
39.110	-8.727	3.0808E-01	3
39.109	-8.680	3.2106E-01	3
39.107	-8.634	3.2886E-01	3
39.105	-8.588	3.6228E-01	2
39.103	-8.542	3.5575E-01	3
39.101	-8.497	3.3112E-01	2
39.099	-8.452	3.4177E-01	3
39.098	-8.407	3.3599E-01	3
39.096	-8.363	3.3210E-01	3
39.094	-8.320	2.9621E-01	3
39.092	-8.276	3.0208E-01	3
39.111	-9.203	3.7465E-01	3
39.109	-9.152	3.8580E-01	0
39.107	-9.105	3.9133E-01	3
39.106	-9.056	3.9978E-01	1
39.104	-9.008	3.5418E-01	3
39.102	-8.962	3.7671E-01	0
39.100	-8.914	3.5392E-01	3
39.099	-8.867	3.4989E-01	0
39.097	-8.820	3.3510E-01	3
39.095	-8.774	3.0898E-01	0
39.094	-8.727	3.2102E-01	3
39.092	-8.681	3.4982E-01	0
39.090	-8.635	3.3772E-01	3
39.088	-8.589	3.1385E-01	0
39.087	-8.543	3.6501E-01	3
39.085	-8.498	3.4385E-01	2
39.083	-8.453	3.5884E-01	3
39.081	-8.409	3.3656E-01	2
39.079	-8.364	2.9670E-01	3
39.078	-8.321	2.9278E-01	2
39.076	-8.277	3.0036E-01	3
39.093	-9.204	3.7790E-01	3
39.092	-9.154	3.9547E-01	3
39.090	-9.106	3.8387E-01	3
39.088	-9.057	3.7583E-01	3
39.087	-9.009	3.8741E-01	3
39.085	-8.963	3.8830E-01	3
39.084	-8.915	3.6830E-01	3
39.082	-8.868	3.6410E-01	3
39.080	-8.822	3.1444E-01	3
39.079	-8.775	2.9663E-01	3
39.077	-8.728	3.4531E-01	3
39.075	-8.682	3.7119E-01	3
39.073	-8.636	3.5223E-01	3
39.072	-8.590	3.2992E-01	2
39.070	-8.545	3.3156E-01	3
39.068	-8.499	3.2497E-01	2
39.066	-8.454	3.2612E-01	3
39.065	-8.409	3.2334E-01	3
39.063	-8.366	3.0628E-01	3
39.061	-8.322	3.0395E-01	3
39.059	-8.279	3.1390E-01	3
39.160	-9.208	3.3433E-01	3
39.158	-9.158	3.5727E-01	0
39.156	-9.106	3.9164E-01	3
39.154	-9.059	4.1018E-01	0
39.152	-9.012	3.9110E-01	3
39.149	-8.964	3.6579E-01	0
39.147	-8.917	4.0422E-01	3
39.145	-8.869	3.9609E-01	1
39.143	-8.823	3.8855E-01	3
39.141	-8.777	3.7140E-01	2
39.139	-8.731	3.2877E-01	3
39.137	-8.685	3.7100E-01	2
39.135	-8.638	3.9696E-01	3
39.133	-8.592	3.2779E-01	0
39.131	-8.547	3.3853E-01	3
39.128	-8.502	3.3435E-01	0
39.126	-8.457	3.2460E-01	3
39.124	-8.413	3.3877E-01	1
39.122	-8.368	3.4414E-01	3
39.120	-8.324	3.2850E-01	2
39.118	-8.280	3.0637E-01	3
39.143	-9.209	3.4998E-01	3
39.140	-9.157	3.7325E-01	2
39.138	-9.107	3.7858E-01	3
39.137	-9.061	4.0594E-01	2
39.135	-9.013	4.0397E-01	3
39.132	-8.966	3.6167E-01	3
39.130	-8.918	4.0055E-01	3
39.128	-8.870	4.0788E-01	2
39.126	-8.824	3.8213E-01	3
39.124	-8.778	3.4930E-01	3
39.122	-8.732	3.4035E-01	3
39.120	-8.685	3.9209E-01	2
39.118	-8.639	3.8345E-01	3
39.116	-8.594	3.4743E-01	2
39.114	-8.548	3.5350E-01	3
39.112	-8.503	3.3111E-01	2
39.110	-8.458	3.1784E-01	3
39.108	-8.413	3.2686E-01	3
39.105	-8.369	3.5699E-01	3
39.103	-8.325	3.1180E-01	3
39.101	-8.282	2.8555E-01	3
39.125	-9.209	3.5011E-01	3
39.123	-9.157	3.8593E-01	0
39.121	-9.109	4.0118E-01	3
39.119	-9.061	3.9580E-01	0
39.117	-9.013	3.5230E-01	3
39.116	-8.967	3.4649E-01	0
39.113	-8.918	3.5540E-01	3
39.111	-8.871	3.7323E-01	2
39.109	-8.825	3.6857E-01	3
39.108	-8.779	3.4273E-01	2
39.106	-8.733	3.0447E-01	3
39.103	-8.686	3.0904E-01	0
39.101	-8.640	3.1684E-01	3
39.099	-8.594	3.4079E-01	1
39.097	-8.548	3.6678E-01	3
39.095	-8.503	3.4509E-01	0
39.093	-8.458	3.6347E-01	3
39.091	-8.414	3.4475E-01	0
39.089	-8.369	3.1033E-01	3
39.087	-8.326	2.9621E-01	2
39.085	-8.283	3.1063E-01	3
39.108	-9.209	3.7811E-01	3
39.106	-9.157	3.9053E-01	2
39.104	-9.111	3.9590E-01	3
39.102	-9.063	3.9386E-01	3
39.100	-9.013	3.6718E-01	3
39.099	-8.968	3.8641E-01	3
39.097	-8.920	3.6588E-01	3
39.095	-8.872	3.4976E-01	2
39.093	-8.826	3.3279E-01	3
39.091	-8.780	3.0340E-01	3
39.089	-8.733	3.1531E-01	3
39.087	-8.687	3.6832E-01	2
39.085	-8.641	3.5408E-01	3
39.083	-8.595	3.0721E-01	2
39.081	-8.550	3.5632E-01	3
39.079	-8.504	3.2997E-01	3
39.077	-8.459	3.4078E-01	3
39.075	-8.415	3.2952E-01	3
39.073	-8.371	2.9822E-01	3
39.071	-8.327	2.9733E-01	3
39.069	-8.283	2.9877E-01	3
39.091	-9.210	3.7016E-01	3
39.089	-9.160	3.9349E-01	0
39.087	-9.112	3.8461E-01	3
39.085	-9.063	3.7785E-01	0
39.083	-9.014	3.8540E-01	3
39.082	-8.969	3.8608E-01	0
39.080	-8.921	3.6925E-01	3
39.078	-8.873	3.7511E-01	2
39.076	-8.827	3.1197E-01	3
39.074	-8.781	2.9819E-01	2
39.072	-8.734	3.5196E-01	3
39.070	-8.688	3.5823E-01	0
39.068	-8.642	3.4534E-01	3
39.066	-8.596	3.3099E-01	0
39.064	-8.551	3.2980E-01	3
39.062	-8.506	3.2816E-01	0
39.060	-8.460	3.3087E-01	3
39.058	-8.415	3.2207E-01	0
39.056	-8.372	3.1070E-01	3
39.054	-8.328	3.1017E-01	1
39.052	-8.285	3.2184E-01	3
39.074	-9.211	3.6863E-01	3
39.072	-9.161	3.7265E-01	2
39.070	-9.112	3.7823E-01	3
39.068	-9.064	3.8101E-01	3
39.066	-9.016	3.7507E-01	3
39.065	-8.970	3.9795E-01	1
39.063	-8.922	3.7048E-01	3
39.061	-8.875	3.9207E-01	1
39.059	-8.828	3.1514E-01	3
39.057	-8.782	2.8793E-01	3
39.055	-8.735	3.7895E-01	3
39.053	-8.689	3.7795E-01	3
39.051	-8.642	3.3718E-01	3
39.049	-8.597	2.9533E-01	3
39.048	-8.551	3.3001E-01	3
39.046	-8.506	3.4148E-01	3
39.044	-8.461	3.4786E-01	3
39.042	-8.417	3.1286E-01	3
39.040	-8.373	3.0567E-01	3
39.038	-8.329	3.1353E-01	3
39.036	-8.286	3.1513E-01	3
39.056	-9.212	4.0383E-01	3
39.055	-9.162	3.9483E-01	0
39.053	-9.112	3.8279E-01	3
39.051	-9.063	3.8956E-01	0
39.049	-9.016	3.7387E-01	3
39.048	-8.971	3.7135E-01	0
39.046	-8.923	3.4824E-01	3
39.044	-8.876	3.1403E-01	2
39.042	-8.829	2.9006E-01	3
39.040	-8.783	3.3120E-01	0
39.038	-8.736	3.5794E-01	3
39.037	-8.689	3.7056E-01	0
39.035	-8.643	3.3308E-01	3
39.033	-8.597	3.0009E-01	0
39.031	-8.552	3.4508E-01	3
39.029	-8.507	3.1432E-01	2
39.027	-8.462	3.3619E-01	3
39.025	-8.418	3.0206E-01	2
39.023	-8.375	3.0220E-01	3
39.022	-8.331	3.1427E-01	2
39.020	-8.288	3.4224E-01	3
39.039	-9.211	3.9863E-01	3
39.037	-9.162	3.9692E-01	3
39.036	-9.111	3.9694E-01	3
39.034	-9.063	3.8902E-01	1
39.032	-9.017	3.8213E-01	3
39.031	-8.972	3.7648E-01	1
39.029	-8.924	2.6246E-01	3
39.027	-8.877	2.2294E-01	1
39.025	-8.830	2.6892E-01	3
39.023	-8.783	3.5733E-01	3
39.022	-8.737	3.6856E-01	3
39.020	-8.691	3.3431E-01	3
39.018	-8.644	3.0738E-01	3
39.016	-8.598	3.1337E-01	3
39.014	-8.553	3.4074E-01	3
39.013	-8.508	3.1633E-01	3
39.011	-8.464	3.2309E-01	3
39.009	-8.420	3.1397E-01	3
39.007	-8.376	3.2269E-01	3
39.005	-8.333	3.7152E-01	3
39.003	-8.289	3.8124E-01	3
39.022	-9.212	3.8731E-01	3
39.020	-9.162	3.9807E-01	0
39.018	-9.112	4.0220E-01	3
39.017	-9.065	4.0430E-01	1
39.015	-9.018	3.8019E-01	3
39.014	-8.972	3.6694E-01	0
39.012	-8.925	2.6617E-01	3
39.010	-8.878	3.0902E-01	0
39.008	-8.831	3.0025E-01	3
39.007	-8.784	3.8384E-01	0
39.005	-8.738	3.9038E-01	3
39.003	-8.692	3.4017E-01	0
39.001	-8.645	3.8386E-01	3
39.000	-8.599	3.2411E-01	0
38.998	-8.554	3.3378E-01	3
38.996	-8.509	3.4148E-01	2
38.994	-8.466	3.5842E-01	3
38.993	-8.422	3.6540E-01	2
38.991	-8.378	3.7133E-01	3
38.989	-8.333	3.7352E-01	2
38.987	-8.290	3.9002E-01	3
39.005	-9.213	4.0772E-01	3
39.003	-9.162	4.1481E-01	3
39.001	-9.115	3.9927E-01	3
39.000	-9.067	4.1782E-01	3
38.998	-9.020	3.9617E-01	3
38.997	-8.973	3.4956E-01	2
38.995	-8.926	2.5710E-01	3
38.993	-8.879	2.8932E-01	3
38.992	-8.832	3.1617E-01	3
38.990	-8.785	3.4572E-01	3
38.988	-8.738	3.9829E-01	3
38.986	-8.692	3.5288E-01	3
38.985	-8.646	3.2112E-01	3
38.983	-8.601	3.4726E-01	3
38.981	-8.555	3.4283E-01	3
38.980	-8.511	3.5740E-01	3
38.978	-8.467	3.8313E-01	3
38.976	-8.422	3.5935E-01	3
38.974	-8.378	3.1950E-01	3
38.972	-8.334	3.2155E-01	3
38.971	-8.290	3.3660E-01	3
39.072	-9.219	3.7571E-01	3
39.069	-9.169	3.7598E-01	0
39.067	-9.120	3.8144E-01	3
39.065	-9.071	3.8459E-01	0
39.063	-9.024	3.7433E-01	3
39.061	-8.978	3.9922E-01	0
39.059	-8.930	3.6908E-01	3
39.057	-8.883	3.9511E-01	0
39.055	-8.837	3.2532E-01	3
39.053	-8.790	2.8079E-01	0
39.051	-8.743	3.7776E-01	3
39.049	-8.697	3.8915E-01	0
39.046	-8.651	3.4735E-01	3
39.044	-8.605	3.0206E-01	2
39.042	-8.559	3.3427E-01	3
39.040	-8.514	3.3402E-01	1
39.038	-8.470	3.4659E-01	3
39.036	-8.425	3.1618E-01	0
39.034	-8.382	3.1160E-01	3
39.031	-8.338	3.1734E-01	0
39.029	-8.295	3.2940E-01	3
39.027	-8.252	3.4992E-01	0
39.054	-9.220	4.0791E-01	3
39.052	-9.170	4.0047E-01	1
39.050	-9.120	3.8864E-01	3
39.048	-9.071	3.9265E-01	1
39.046	-9.024	3.8337E-01	3
39.044	-8.979	3.7464E-01	3
39.042	-8.931	3.5638E-01	3
39.040	-8.884	2.8770E-01	3
39.038	-8.837	2.8505E-01	3
39.036	-8.791	3.3538E-01	3
39.034	-8.744	3.5146E-01	3
39.032	-8.698	3.6326E-01	3
39.030	-8.651	3.3656E-01	3
39.028	-8.605	3.0378E-01	3
39.025	-8.560	3.4050E-01	3
39.023	-8.515	3.1232E-01	3
39.021	-8.471	3.3349E-01	3
39.019	-8.427	3.0304E-01	3
39.017	-8.383	3.0715E-01	3
39.015	-8.340	3.3128E-01	3
39.013	-8.296	3.5745E-01	3
39.011	-8.253	3.2336E-01	3
39.037	-9.219	3.9802E-01	3
39.035	-9.170	4.0211E-01	0
39.033	-9.119	4.0508E-01	3
39.031	-9.071	3.9449E-01	0
39.029	-9.025	3.8213E-01	3
39.027	-8.979	3.8338E-01	0
39.025	-8.933	2.6895E-01	3
39.023	-8.885	2.3161E-01	0
39.021	-8.838	2.7692E-01	3
39.019	-8.791	3.5323E-01	1
39.017	-8.745	3.8411E-01	3
39.015	-8.699	3.4124E-01	1
39.013	-8.652	3.3128E-01	3
39.011	-8.606	3.1985E-01	2
39.009	-8.562	3.4729E-01	3
39.007	-8.516	3.3304E-01	0
39.005	-8.472	3.3423E-01	3
39.003	-8.429	3.3803E-01	0
39.001	-8.385	3.3586E-01	3
38.999	-8.341	3.7847E-01	0
38.997	-8.298	4.0900E-01	3
38.995	-8.254	3.6856E-01	0
39.020	-9.220	3.9052E-01	3
39.018	-9.170	4.0115E-01	3
39.016	-9.121	4.0754E-01	3
39.014	-9.073	4.1364E-01	1
39.012	-9.026	3.9240E-01	3
39.010	-8.980	3.7195E-01	3
39.008	-8.933	2.7541E-01	3
39.006	-8.886	3.0984E-01	3
39.004	-8.839	2.9713E-01	3
39.002	-8.792	3.5811E-01	3
39.000	-8.746	3.9698E-01	3
38.998	-8.700	3.3083E-01	3
38.996	-8.653	3.6161E-01	3
38.994	-8.608	3.3763E-01	3
38.992	-8.563	3.3464E-01	3
38.990	-8.518	3.5028E-01	3
38.988	-8.474	3.5686E-01	3
38.986	-8.430	3.7690E-01	3
38.984	-8.385	3.6053E-01	3
38.982	-8.341	3.4240E-01	3
38.980	-8.298	3.6329E-01	3
38.978	-8.255	3.5674E-01	3
39.003	-9.222	4.0973E-01	3
39.001	-9.170	4.1571E-01	0
38.999	-9.121	3.9721E-01	3
38.997	-9.075	4.0821E-01	0
38.995	-9.028	4.0439E-01	3
38.993	-8.980	3.5782E-01	0
38.991	-8.934	2.7008E-01	3
38.989	-8.887	2.7696E-01	0
38.987	-8.840	3.3214E-01	3
38.986	-8.793	3.4371E-01	1
38.984	-8.747	3.9394E-01	3
38.982	-8.700	3.9351E-01	0
38.980	-8.654	3.4923E-01	3
38.978	-8.609	3.4525E-01	2
38.976	-8.564	3.4357E-01	3
38.974	-8.519	3.5896E-01	0
38.972	-8.475	3.8272E-01	3
38.970	-8.431	3.5477E-01	0
38.968	-8.386	3.2826E-01	3
38.966	-8.342	3.1657E-01	0
38.964	-8.298	3.2348E-01	3
38.962	-8.255	3.2777E-01	0
38.985	-9.222	4.2717E-01	3
38.983	-9.170	4.1887E-01	3
38.981	-9.121	3.9810E-01	3
38.980	-9.075	3.9228E-01	3
38.978	-9.028	3.8770E-01	3
38.976	-8.981	3.5223E-01	3
38.974	-8.935	2.5054E-01	3
38.972	-8.888	3.1531E-01	3
38.971	-8.841	3.6332E-01	3
38.969	-8.794	3.8067E-01	3
38.967	-8.748	3.3681E-01	3
38.965	-8.701	3.5267E-01	3
38.963	-8.655	3.3054E-01	3
38.961	-8.610	3.4013E-01	3
38.959	-8.565	3.3312E-01	3
38.957	-8.520	3.3521E-01	2
38.955	-8.476	4.0277E-01	3
38.953	-8.431	3.5930E-01	3
38.951	-8.387	3.2671E-01	3
38.949	-8.343	3.2965E-01	2
38.948	-8.299	3.3214E-01	3
38.946	-8.256	3.1720E-01	3
38.968	-9.222	4.1222E-01	3
38.966	-9.171	4.1371E-01	0
38.964	-9.122	3.9998E-01	3
38.963	-9.074	3.8236E-01	0
38.961	-9.028	4.0433E-01	3
38.959	-8.983	3.3095E-01	0
38.957	-8.936	3.1842E-01	3
38.956	-8.889	3.2902E-01	0
38.954	-8.842	3.3558E-01	3
38.952	-8.795	3.7684E-01	0
38.950	-8.749	3.7859E-01	3
38.948	-8.703	3.3616E-01	0
38.946	-8.657	2.9916E-01	3
38.944	-8.611	3.2514E-01	0
38.943	-8.566	3.2023E-01	3
38.941	-8.522	3.4405E-01	0
38.939	-8.477	3.8390E-01	3
38.937	-8.432	3.6494E-01	0
38.935	-8.388	3.2642E-01	3
38.933	-8.344	3.2553E-01	0
38.931	-8.300	3.5564E-01	3
38.929	-8.257	3.2643E-01	0
38.951	-9.222	4.0719E-01	3
38.949	-9.173	3.9914E-01	3
38.947	-9.123	3.8336E-01	3
38.945	-9.075	3.8347E-01	3
38.944	-9.029	3.8929E-01	3
38.942	-8.984	2.9004E-01	3
38.940	-8.937	3.5640E-01	3
38.939	-8.890	3.8106E-01	3
38.937	-8.843	3.6689E-01	3
38.935	-8.796	3.9111E-01	3
38.933	-8.749	3.7530E-01	3
38.931	-8.703	3.9590E-01	3
38.930	-8.657	3.4197E-01	3
38.928	-8.612	3.3054E-01	3
38.926	-8.567	3.4413E-01	3
38.924	-8.522	3.6009E-01	1
38.922	-8.478	3.3296E-01	3
38.920	-8.433	3.4515E-01	3
38.919	-8.389	3.4294E-01	3
38.917	-8.345	3.5871E-01	3
38.915	-8.302	3.5237E-01	3
38.913	-8.258	3.2663E-01	3
38.933	-9.223	3.7192E-01	2
38.932	-9.175	3.9601E-01	0
38.930	-9.125	3.8381E-01	3
38.928	-9.076	3.7044E-01	0
38.927	-9.031	3.2709E-01	3
38.925	-8.985	2.4512E-01	0
38.923	-8.938	3.3813E-01	3
38.922	-8.891	4.1253E-01	0
38.920	-8.844	3.8124E-01	3
38.918	-8.797	3.9672E-01	0
38.916	-8.750	3.6641E-01	2
38.915	-8.704	3.7033E-01	0
38.913	-8.658	3.7273E-01	3
38.911	-8.613	3.4070E-01	0
38.909	-8.568	3.5035E-01	3
38.908	-8.523	3.3668E-01	0
38.906	-8.478	3.1611E-01	3
38.904	-8.434	3.3202E-01	0
38.902	-8.390	3.2626E-01	3
38.900	-8.346	3.4097E-01	0
38.899	-8.303	3.3566E-01	3
38.897	-8.259	3.1977E-01	2
38.916	-9.223	3.6357E-01	3
38.915	-9.176	3.7626E-01	3
38.913	-9.128	3.6815E-01	3
38.911	-9.078	3.5145E-01	3
38.910	-9.033	3.1714E-01	3
38.908	-8.986	2.5905E-01	3
38.907	-8.939	2.7455E-01	3
38.905	-8.891	3.9775E-01	3
38.903	-8.844	3.8439E-01	3
38.901	-8.798	3.1615E-01	3
38.900	-8.751	3.4911E-01	3
38.898	-8.705	3.6274E-01	3
38.896	-8.659	3.7437E-01	3
38.895	-8.613	3.3722E-01	3
38.893	-8.568	3.2134E-01	3
38.891	-8.524	3.2163E-01	2
38.889	-8.479	3.1975E-01	3
38.888	-8.434	3.3055E-01	3
38.886	-8.390	3.3210E-01	3
38.884	-8.346	3.2757E-01	3
38.882	-8.303	3.3227E-01	3
38.880	-8.260	3.1492E-01	2
38.983	-9.228	4.2622E-01	3
38.981	-9.176	4.2202E-01	0
38.979	-9.127	4.0727E-01	3
38.977	-9.080	3.9363E-01	0
38.975	-9.033	4.0027E-01	3
38.973	-8.987	3.6422E-01	0
38.971	-8.941	2.6212E-01	3
38.968	-8.894	3.2537E-01	0
38.966	-8.847	3.5229E-01	3
38.964	-8.800	3.9843E-01	0
38.962	-8.754	3.5338E-01	3
38.960	-8.708	3.2464E-01	0
38.958	-8.662	3.3324E-01	3
38.956	-8.616	3.5098E-01	2
38.953	-8.571	3.3599E-01	3
38.951	-8.527	3.2002E-01	2
38.949	-8.482	4.0325E-01	3
38.947	-8.438	3.8000E-01	0
38.945	-8.393	3.2834E-01	3
38.943	-8.349	3.2704E-01	0
38.941	-8.305	3.4722E-01	3
38.938	-8.262	3.2369E-01	0
38.966	-9.228	4.1379E-01	3
38.964	-9.177	4.1189E-01	3
38.961	-9.128	3.9916E-01	3
38.959	-9.080	3.8014E-01	3
38.958	-9.034	4.0761E-01	3
38.956	-8.988	3.2454E-01	3
38.954	-8.942	3.3296E-01	3
38.952	-8.895	3.3850E-01	3
38.949	-8.848	3.3448E-01	3
38.947	-8.801	3.7430E-01	3
38.945	-8.755	3.7863E-01	3
38.943	-8.708	3.7693E-01	3
38.941	-8.663	3.0444E-01	3
38.939	-8.618	3.0966E-01	3
38.937	-8.573	3.1028E-01	3
38.935	-8.528	3.6165E-01	2
38.933	-8.483	3.5918E-01	3
38.931	-8.438	3.6453E-01	2
38.928	-8.394	3.4576E-01	3
38.926	-8.351	3.4718E-01	2
38.924	-8.307	3.5024E-01	3
38.922	-8.263	3.3027E-01	2
38.948	-9.228	4.0089E-01	3
38.946	-9.179	4.0074E-01	0
38.944	-9.129	3.8336E-01	3
38.942	-9.081	3.8084E-01	0
38.940	-9.035	3.8115E-01	3
38.939	-8.990	2.8368E-01	0
38.937	-8.943	3.5106E-01	3
38.935	-8.896	3.9152E-01	0
38.933	-8.849	3.7924E-01	3
38.931	-8.802	4.0149E-01	1
38.928	-8.755	3.6559E-01	3
38.926	-8.709	4.0217E-01	0
38.924	-8.663	3.4910E-01	3
38.922	-8.618	3.3562E-01	2
38.920	-8.573	3.7259E-01	3
38.918	-8.529	3.5694E-01	0
38.916	-8.484	3.2981E-01	3
38.914	-8.439	3.3002E-01	0
38.912	-8.395	3.1812E-01	3
38.910	-8.351	3.3848E-01	0
38.908	-8.308	3.4861E-01	3
38.906	-8.265	3.3590E-01	0
38.931	-9.229	3.6530E-01	3
38.929	-9.180	3.9761E-01	3
38.927	-9.131	3.8040E-01	3
38.925	-9.082	3.6957E-01	3
38.923	-9.036	3.2951E-01	3
38.922	-8.991	2.4998E-01	3
38.920	-8.944	3.0341E-01	3
38.918	-8.897	4.0809E-01	3
38.916	-8.849	3.7874E-01	3
38.914	-8.803	3.8278E-01	3
38.912	-8.756	3.6567E-01	3
38.910	-8.710	3.5828E-01	2
38.908	-8.664	3.8338E-01	3
38.906	-8.619	3.5147E-01	2
38.904	-8.574	3.3128E-01	3
38.902	-8.529	3.2486E-01	3
38.900	-8.484	3.0674E-01	3
38.898	-8.440	3.2801E-01	2
38.896	-8.396	3.3525E-01	3
38.894	-8.352	3.4020E-01	3
38.892	-8.309	3.3786E-01	3
38.889	-8.265	3.0834E-01	3
38.914	-9.228	3.6385E-01	3
38.912	-9.181	3.6799E-01	0
38.910	-9.134	3.6695E-01	3
38.908	-9.084	3.5363E-01	0
38.906	-9.039	3.2368E-01	3
38.905	-8.992	2.5335E-01	0
38.903	-8.945	2.6413E-01	3
38.901	-8.897	3.8875E-01	0
38.899	-8.850	3.7611E-01	3
38.897	-8.804	3.0709E-01	1
38.895	-8.757	3.3915E-01	3
38.893	-8.711	3.6004E-01	0
38.891	-8.665	3.7318E-01	3
38.889	-8.619	3.4021E-01	1
38.887	-8.574	3.1663E-01	3
38.885	-8.530	3.2658E-01	0
38.883	-8.485	3.3644E-01	3
38.881	-8.440	3.3071E-01	0
38.879	-8.396	3.4371E-01	3
38.877	-8.353	3.1887E-01	0
38.875	-8.310	3.4048E-01	3
38.873	-8.266	3.2798E-01	0
38.897	-9.229	3.8482E-01	3
38.895	-9.181	3.7041E-01	3
38.893	-9.133	3.7044E-01	3
38.891	-9.085	3.5399E-01	3
38.889	-9.040	2.9966E-01	3
38.888	-8.993	2.4577E-01	3
38.886	-8.946	3.4970E-01	3
38.884	-8.898	4.0204E-01	3
38.882	-8.851	3.4473E-01	3
38.880	-8.805	3.1837E-01	3
38.878	-8.758	3.2898E-01	3
38.876	-8.712	3.7548E-01	2
38.874	-8.666	3.5782E-01	3
38.872	-8.620	3.2629E-01	3
38.871	-8.575	3.4732E-01	3
38.869	-8.530	3.4388E-01	1
38.867	-8.486	3.4441E-01	3
38.865	-8.441	3.3141E-01	2
38.863	-8.397	3.1212E-01	3
38.861	-8.353	3.1356E-01	2
38.859	-8.311	3.3680E-01	3
38.857	-8.267	3.4268E-01	3
38.879	-9.231	3.9231E-01	3
38.878	-9.182	4.0465E-01	0
38.876	-9.135	3.8112E-01	3
38.874	-9.088	3.6586E-01	0
38.872	-9.041	3.1050E-01	3
38.871	-8.994	3.3403E-01	0
38.869	-8.946	3.9512E-01	3
38.867	-8.899	3.5905E-01	0
38.865	-8.852	3.9139E-01	3
38.863	-8.805	3.5407E-01	0
38.861	-8.759	3.4722E-01	3
38.860	-8.713	3.4598E-01	0
38.858	-8.667	3.1437E-01	3
38.856	-8.621	3.1974E-01	0
38.854	-8.576	3.3087E-01	3
38.852	-8.531	3.4073E-01	0
38.850	-8.487	3.1804E-01	3
38.848	-8.443	3.2736E-01	0
38.846	-8.398	3.1780E-01	3
38.844	-8.354	3.1397E-01	0
38.843	-8.311	3.2578E-01	3
38.841	-8.268	3.5313E-01	0
38.862	-9.232	4.0158E-01	3
38.861	-9.185	3.9910E-01	3
38.859	-9.138	3.8120E-01	3
38.857	-9.090	3.5555E-01	3
38.855	-9.043	2.6707E-01	3
38.854	-8.995	2.5416E-01	3
38.852	-8.947	3.9733E-01	3
38.850	-8.900	4.1223E-01	3
38.848	-8.853	3.2804E-01	3
38.846	-8.806	3.1050E-01	3
38.845	-8.760	2.9567E-01	3
38.843	-8.714	3.2252E-01	3
38.841	-8.668	3.1036E-01	3
38.839	-8.622	3.4683E-01	3
38.837	-8.577	3.6213E-01	3
38.835	-8.532	3.3075E-01	1
38.834	-8.487	3.2810E-01	3
38.832	-8.443	3.2606E-01	2
38.830	-8.399	3.0874E-01	3
38.828	-8.355	3.2263E-01	2
38.826	-8.312	3.3060E-01	3
38.824	-8.269	3.5317E-01	2
38.845	-9.234	4.0360E-01	3
38.843	-9.188	3.6276E-01	0
38.842	-9.140	4.0634E-01	3
38.840	-9.091	3.3341E-01	0
38.838	-9.044	1.8456E-01	3
38.837	-8.996	1.4834E-01	0
38.835	-8.948	2.9657E-01	3
38.833	-8.901	3.9824E-01	0
38.831	-8.854	3.5042E-01	3
38.830	-8.807	3.4943E-01	0
38.828	-8.761	3.0297E-01	3
38.826	-8.715	3.2223E-01	0
38.824	-8.669	3.2596E-01	3
38.823	-8.623	3.1238E-01	0
38.821	-8.578	3.3586E-01	3
38.819	-8.533	3.5296E-01	0
38.817	-8.489	3.1498E-01	3
38.815	-8.444	3.1306E-01	0
38.814	-8.400	3.1352E-01	3
38.812	-8.356	3.2508E-01	0
38.810	-8.313	3.3643E-01	3
38.808	-8.269	3.5215E-01	2
38.828	-9.233	3.8969E-01	3
38.826	-9.187	3.7796E-01	2
38.825	-9.140	3.8139E-01	3
38.823	-9.092	2.8956E-01	3
38.821	-9.044	9.3581E-02	3
38.820	-8.997	8.8132E-02	3
38.818	-8.949	2.5573E-01	3
38.816	-8.902	3.8511E-01	3
38.815	-8.855	3.8411E-01	3
38.813	-8.808	3.4824E-01	2
38.811	-8.762	3.0949E-01	3
38.809	-8.716	3.0143E-01	2
38.808	-8.670	3.2641E-01	3
38.806	-8.625	3.5207E-01	3
38.804	-8.580	3.4081E-01	3
38.802	-8.535	3.6432E-01	2
38.801	-8.490	3.3239E-01	3
38.799	-8.445	3.1641E-01	2
38.797	-8.401	3.2635E-01	3
38.795	-8.357	3.1859E-01	1
38.794	-8.313	3.7550E-01	3
38.792	-8.270	4.0287E-01	3
38.894	-9.237	4.0411E-01	3
38.892	-9.188	3.7942E-01	0
38.890	-9.140	3.8264E-01	3
38.888	-9.093	3.7038E-01	0
38.886	-9.048	3.1103E-01	3
38.884	-9.001	2.3444E-01	0
38.882	-8.954	3.5093E-01	3
38.880	-8.907	3.8497E-01	0
38.878	-8.860	3.6469E-01	3
38.876	-8.813	3.2853E-01	0
38.874	-8.767	3.2714E-01	3
38.871	-8.720	3.6602E-01	0
38.869	-8.674	3.5777E-01	3
38.867	-8.629	3.1556E-01	0
38.865	-8.583	3.4298E-01	3
38.863	-8.539	3.4486E-01	0
38.861	-8.494	3.4126E-01	3
38.858	-8.450	3.4396E-01	0
38.856	-8.406	3.1952E-01	3
38.854	-8.362	3.1817E-01	2
38.852	-8.319	3.3252E-01	3
38.850	-8.276	3.4068E-01	0
38.877	-9.239	3.8695E-01	3
38.875	-9.190	4.0724E-01	2
38.873	-9.143	3.8588E-01	3
38.871	-9.096	3.6438E-01	3
38.869	-9.050	3.2696E-01	3
38.867	-9.002	3.4281E-01	3
38.865	-8.955	4.0854E-01	3
38.863	-8.907	3.6089E-01	3
38.861	-8.860	4.0139E-01	3
38.859	-8.814	3.5398E-01	3
38.857	-8.767	3.4529E-01	3
38.855	-8.721	3.4656E-01	3
38.853	-8.675	3.1818E-01	3
38.850	-8.629	3.2228E-01	2
38.848	-8.584	3.4507E-01	3
38.846	-8.539	3.3550E-01	3
38.844	-8.495	3.3153E-01	3
38.842	-8.451	3.2041E-01	3
38.840	-8.406	3.1923E-01	3
38.838	-8.362	3.1279E-01	3
38.836	-8.319	3.2504E-01	3
38.833	-8.277	3.6362E-01	3
38.860	-9.240	4.1022E-01	3
38.858	-9.193	3.9860E-01	0
38.856	-9.147	3.8601E-01	3
38.854	-9.098	3.6199E-01	0
38.852	-9.051	2.8156E-01	3
38.850	-9.003	1.9301E-01	0
38.848	-8.955	3.6697E-01	3
38.846	-8.908	4.2133E-01	0
38.844	-8.861	3.2570E-01	3
38.842	-8.815	3.1874E-01	0
38.840	-8.768	2.8184E-01	3
38.838	-8.722	3.2346E-01	0
38.836	-8.676	3.1953E-01	2
38.834	-8.630	3.3546E-01	0
38.832	-8.585	3.6728E-01	3
38.830	-8.540	3.4216E-01	0
38.828	-8.496	3.2393E-01	3
38.825	-8.451	3.2046E-01	0
38.823	-8.407	3.0669E-01	3
38.821	-8.363	3.2565E-01	0
38.819	-8.320	3.4239E-01	3
38.817	-8.277	3.4366E-01	0
38.843	-9.241	4.1230E-01	3
38.841	-9.196	3.6642E-01	3
38.839	-9.148	4.0441E-01	3
38.837	-9.099	3.4758E-01	3
38.835	-9.052	1.9778E-01	3
38.833	-9.004	1.2175E-01	3
38.831	-8.956	2.6802E-01	3
38.829	-8.909	3.8938E-01	3
38.827	-8.862	3.8186E-01	3
38.825	-8.815	3.6152E-01	0
38.823	-8.769	3.1039E-01	3
38.821	-8.723	3.1818E-01	1
38.819	-8.677	3.2727E-01	3
38.817	-8.632	3.2543E-01	2
38.815	-8.586	3.2278E-01	3
38.813	-8.542	3.7074E-01	3
38.811	-8.497	3.2940E-01	3
38.809	-8.452	3.1298E-01	3
38.807	-8.408	3.3002E-01	3
38.805	-8.364	3.2198E-01	3
38.803	-8.320	3.3962E-01	3
38.801	-8.277	3.7104E-01	3
38.825	-9.240	3.8920E-01	3
38.824	-9.194	3.8301E-01	0
38.822	-9.148	3.8225E-01	3
38.820	-9.099	3.0734E-01	0
38.818	-9.053	1.0130E-01	3
38.816	-9.005	6.9588E-02	0
38.814	-8.957	2.0257E-01	3
38.812	-8.910	3.7666E-01	0
38.810	-8.863	3.7886E-01	3
38.808	-8.816	3.4943E-01	0
38.806	-8.770	3.1674E-01	3
38.804	-8.724	2.9889E-01	0
38.803	-8.678	3.1610E-01	3
38.801	-8.633	3.5346E-01	0
38.799	-8.588	3.3897E-01	3
38.797	-8.543	3.4052E-01	2
38.795	-8.498	3.3836E-01	3
38.793	-8.454	3.1532E-01	0
38.791	-8.409	3.1540E-01	3
38.789	-8.365	3.2815E-01	0
38.787	-8.322	4.0015E-01	3
38.785	-8.279	4.1640E-01	0
38.808	-9.242	3.7287E-01	3
38.806	-9.195	3.5823E-01	3
38.805	-9.148	3.4503E-01	3
38.803	-9.101	2.5758E-01	3
38.801	-9.053	5.9632E-02	3
38.799	-9.006	4.8572E-02	3
38.797	-8.958	1.5014E-01	3
38.795	-8.911	3.1098E-01	3
38.793	-8.864	2.9800E-01	3
38.792	-8.817	3.2190E-01	3
38.790	-8.771	3.0556E-01	3
38.788	-8.725	3.0868E-01	3
38.786	-8.679	3.3590E-01	3
38.784	-8.634	3.4507E-01	3
38.782	-8.588	3.2826E-01	3
38.780	-8.543	3.2315E-01	3
38.778	-8.499	3.3313E-01	3
38.776	-8.455	3.2046E-01	3
38.774	-8.411	3.3366E-01	3
38.772	-8.367	3.8938E-01	3
38.770	-8.323	4.0079E-01	3
38.768	-8.280	3.8249E-01	3
38.791	-9.244	3.4895E-01	3
38.789	-9.197	3.4081E-01	0
38.788	-9.149	3.3062E-01	2
38.786	-9.102	2.3978E-01	0
38.784	-9.054	4.9982E-02	3
38.782	-9.006	5.8453E-02	0
38.780	-8.959	1.5196E-01	3
38.778	-8.912	3.0795E-01	0
38.777	-8.864	3.3152E-01	3
38.775	-8.818	3.0982E-01	0
38.773	-8.772	2.9971E-01	3
38.771	-8.725	3.1806E-01	2
38.769	-8.680	3.7130E-01	3
38.767	-8.634	3.7436E-01	1
38.765	-8.589	3.4654E-01	3
38.763	-8.544	3.2454E-01	0
38.762	-8.499	3.2201E-01	3
38.760	-8.455	3.2737E-01	0
38.758	-8.412	3.5077E-01	3
38.756	-8.368	4.0836E-01	0
38.754	-8.324	3.7295E-01	3
38.752	-8.281	3.5785E-01	0
38.774	-9.245	3.5614E-01	3
38.772	-9.198	3.3817E-01	3
38.770	-9.149	3.1436E-01	3
38.769	-9.102	2.1988E-01	3
38.767	-9.055	4.2918E-02	3
38.765	-9.007	7.0463E-02	3
38.763	-8.960	1.6851E-01	3
38.762	-8.913	3.0718E-01	3
38.760	-8.866	3.1845E-01	3
38.758	-8.819	3.2473E-01	3
38.756	-8.772	3.2989E-01	3
38.754	-8.726	3.0934E-01	3
38.752	-8.680	3.6696E-01	3
38.751	-8.635	3.8143E-01	3
38.749	-8.590	3.4960E-01	3
38.747	-8.546	3.5740E-01	3
38.745	-8.501	3.2398E-01	3
38.743	-8.456	3.2520E-01	3
38.741	-8.412	3.2762E-01	3
38.739	-8.368	4.0521E-01	3
38.738	-8.324	3.8299E-01	3
38.736	-8.281	3.7126E-01	3
38.757	-9.247	3.2170E-01	2
38.755	-9.199	3.0766E-01	0
38.753	-9.151	2.9888E-01	3
38.752	-9.103	2.2712E-01	0
38.750	-9.056	4.2377E-02	3
38.748	-9.008	8.8251E-02	0
38.746	-8.961	2.9668E-01	3
38.745	-8.914	3.0378E-01	0
38.743	-8.867	3.4213E-01	3
38.741	-8.820	3.6576E-01	0
38.739	-8.773	3.7393E-01	3
38.738	-8.727	3.2400E-01	0
38.736	-8.681	3.4073E-01	3
38.734	-8.636	3.7385E-01	0
38.732	-8.591	3.3885E-01	3
38.730	-8.546	3.3443E-01	0
38.729	-8.502	3.3803E-01	2
38.727	-8.458	3.1912E-01	0
38.725	-8.414	3.4342E-01	3
38.723	-8.369	4.1711E-01	0
38.721	-8.325	4.2500E-01	3
38.719	-8.282	4.2791E-01	0
38.739	-9.248	3.4820E-01	3
38.738	-9.199	2.9161E-01	3
38.736	-9.151	2.8349E-01	3
38.734	-9.104	1.9274E-01	3
38.733	-9.057	4.8853E-02	3
38.731	-9.009	2.1126E-01	3
38.729	-8.961	3.8899E-01	3
38.728	-8.914	3.8356E-01	3
38.726	-8.868	3.5000E-01	3
38.724	-8.821	3.8029E-01	3
38.723	-8.774	4.1806E-01	3
38.721	-8.728	3.8587E-01	3
38.719	-8.682	3.5717E-01	3
38.717	-8.637	3.5856E-01	3
38.716	-8.592	3.5230E-01	3
38.714	-8.547	3.1899E-01	3
38.712	-8.503	3.1160E-01	3
38.710	-8.458	3.1226E-01	3
38.709	-8.415	3.5040E-01	3
38.707	-8.371	4.2567E-01	3
38.705	-8.327	3.9905E-01	3
38.703	-8.283	4.4351E-01	3
38.806	-9.248	3.7345E-01	3
38.804	-9.200	3.5658E-01	0
38.802	-9.154	3.4343E-01	3
38.800	-9.106	2.8016E-01	0
38.798	-9.059	7.0180E-02	3
38.796	-9.012	4.2008E-02	0
38.793	-8.964	1.2680E-01	2
38.791	-8.917	2.9737E-01	0
38.789	-8.870	2.9985E-01	3
38.787	-8.823	3.0547E-01	0
38.785	-8.777	3.0454E-01	3
38.783	-8.731	3.0856E-01	0
38.781	-8.685	3.4892E-01	3
38.778	-8.640	3.5828E-01	0
38.776	-8.594	3.3995E-01	3
38.774	-8.549	3.2103E-01	0
38.772	-8.505	3.3844E-01	3
38.770	-8.461	3.2859E-01	0
38.768	-8.417	3.3962E-01	3
38.765	-8.373	3.8264E-01	1
38.763	-8.330	3.8765E-01	3
38.761	-8.286	3.6805E-01	0
38.789	-9.250	3.4956E-01	3
38.787	-9.203	3.4536E-01	3
38.785	-9.154	3.3366E-01	3
38.783	-9.107	2.5533E-01	3
38.781	-9.060	5.9007E-02	3
38.779	-9.012	5.7140E-02	3
38.776	-8.965	1.4171E-01	3
38.774	-8.918	2.9328E-01	3
38.772	-8.870	3.3841E-01	3
38.770	-8.824	3.1539E-01	3
38.768	-8.778	3.0622E-01	3
38.766	-8.732	3.1777E-01	2
38.764	-8.686	3.7048E-01	3
38.762	-8.640	3.8875E-01	3
38.760	-8.596	3.5443E-01	3
38.758	-8.550	3.3468E-01	3
38.755	-8.506	3.2303E-01	3
38.753	-8.461	3.2937E-01	3
38.751	-8.418	3.4501E-01	3
38.749	-8.374	4.1831E-01	3
38.747	-8.330	3.8858E-01	3
38.745	-8.287	3.6254E-01	3
38.769	-9.204	3.3871E-01	0
38.767	-9.155	3.0927E-01	3
38.766	-9.108	2.4250E-01	0
38.764	-9.061	5.0920E-02	3
38.762	-9.013	5.8896E-02	0
38.760	-8.966	1.7204E-01	3
38.757	-8.919	2.9550E-01	0
38.755	-8.872	3.2222E-01	3
38.753	-8.825	3.3824E-01	0
38.751	-8.778	3.5064E-01	3
38.749	-8.732	3.0947E-01	0
38.747	-8.686	3.4229E-01	3
38.745	-8.641	3.8158E-01	0
38.743	-8.596	3.5038E-01	3
38.741	-8.552	3.5025E-01	0
38.739	-8.507	3.3840E-01	3
38.737	-8.463	3.2431E-01	0
38.735	-8.419	3.1684E-01	3
38.733	-8.375	3.9606E-01	0
38.731	-8.331	3.9963E-01	3
38.728	-8.287	3.7926E-01	0
38.752	-9.204	3.0322E-01	3
38.750	-9.156	2.9683E-01	3
38.748	-9.109	2.4612E-01	2
38.747	-9.062	4.8288E-02	3
38.745	-9.014	9.3419E-02	2
38.743	-8.966	3.0967E-01	3
38.741	-8.919	3.2476E-01	2
38.739	-8.873	3.5385E-01	3
38.737	-8.826	3.6539E-01	3
38.735	-8.779	3.8785E-01	3
38.733	-8.733	3.3897E-01	3
38.731	-8.687	3.4769E-01	3
38.728	-8.642	3.7593E-01	3
38.726	-8.597	3.4874E-01	3
38.724	-8.552	3.3427E-01	1
38.722	-8.508	3.2618E-01	3
38.720	-8.464	3.1222E-01	3
38.718	-8.420	3.5513E-01	3
38.716	-8.376	4.1846E-01	3
38.714	-8.332	4.3246E-01	3
38.712	-8.288	4.7859E-01	3
38.735	-9.205	2.9308E-01	0
38.733	-9.157	2.7968E-01	3
38.731	-9.110	2.0567E-01	0
38.729	-9.063	5.1478E-02	3
38.728	-9.015	2.3237E-01	0
38.726	-8.967	3.8669E-01	3
38.724	-8.920	3.9462E-01	0
38.722	-8.873	3.5151E-01	3
38.720	-8.827	3.7525E-01	0
38.718	-8.780	4.2489E-01	3
38.716	-8.734	4.0689E-01	0
38.714	-8.688	3.7177E-01	3
38.712	-8.643	3.4768E-01	0
38.710	-8.598	3.6480E-01	3
38.708	-8.553	3.1629E-01	2
38.706	-8.509	3.0609E-01	3
38.704	-8.464	3.1512E-01	0
38.702	-8.421	3.3847E-01	3
38.700	-8.377	3.9234E-01	0
38.698	-8.333	3.6898E-01	3
38.696	-8.290	3.7639E-01	0
38.718	-9.206	2.9001E-01	3
38.716	-9.158	2.8174E-01	3
38.714	-9.111	1.2301E-01	3
38.712	-9.063	9.0930E-02	3
38.711	-9.016	3.2533E-01	3
38.709	-8.968	3.5386E-01	3
38.707	-8.921	3.8688E-01	3
38.705	-8.874	3.7289E-01	3
38.703	-8.828	3.6268E-01	3
38.701	-8.781	3.9709E-01	3
38.699	-8.735	4.1318E-01	3
38.697	-8.689	3.8215E-01	3
38.695	-8.644	3.6628E-01	3
38.693	-8.598	3.7898E-01	3
38.691	-8.554	3.2606E-01	3
38.689	-8.509	3.1957E-01	3
38.687	-8.465	3.5624E-01	3
38.686	-8.421	4.2197E-01	3
38.684	-8.378	4.3133E-01	3
38.682	-8.335	3.3346E-01	3
38.680	-8.291	3.5767E-01	3
38.701	-9.209	2.5405E-01	0
38.699	-9.161	1.1701E-01	3
38.697	-9.112	3.4625E-02	0
38.695	-9.064	6.5862E-02	3
38.694	-9.017	1.3184E-01	0
38.692	-8.969	2.7596E-01	3
38.690	-8.922	4.1009E-01	0
38.688	-8.875	3.6617E-01	3
38.686	-8.829	3.3288E-01	0
38.684	-8.782	3.8423E-01	3
38.682	-8.736	3.8806E-01	2
38.681	-8.690	3.8039E-01	3
38.679	-8.645	3.9284E-01	1
38.677	-8.599	3.6962E-01	3
38.675	-8.555	3.0796E-01	0
38.673	-8.510	3.4946E-01	3
38.671	-8.466	3.7003E-01	0
38.669	-8.422	3.7904E-01	3
38.667	-8.378	4.1035E-01	0
38.665	-8.335	3.7974E-01	3
38.663	-8.292	3.3970E-01	0
38.684	-9.210	7.0400E-02	3
38.682	-9.161	1.4022E-01	3
38.680	-9.113	4.3276E-02	3
38.678	-9.065	9.6730E-02	3
38.677	-9.018	2.0335E-01	3
38.675	-8.970	3.7508E-01	3
38.673	-8.923	4.0972E-01	3
38.671	-8.876	3.9368E-01	3
38.669	-8.830	3.6226E-01	3
38.668	-8.783	3.7813E-01	3
38.666	-8.737	4.0502E-01	3
38.664	-8.692	3.5259E-01	3
38.662	-8.646	3.3484E-01	3
38.660	-8.601	3.5686E-01	3
38.658	-8.556	3.1883E-01	3
38.656	-8.511	3.4746E-01	3
38.655	-8.467	4.1366E-01	3
38.653	-8.423	4.3901E-01	3
38.651	-8.379	4.1414E-01	3
38.649	-8.335	3.7766E-01	3
38.647	-8.292	3.6611E-01	3
38.666	-9.210	3.3497E-01	0
38.665	-9.162	2.7589E-01	3
38.663	-9.114	8.9124E-02	0
38.661	-9.066	2.3727E-01	3
38.660	-9.018	2.9501E-01	0
38.658	-8.971	3.8413E-01	3
38.656	-8.923	4.1258E-01	0
38.654	-8.877	4.1054E-01	3
38.653	-8.830	3.4900E-01	0
38.651	-8.784	3.5133E-01	3
38.649	-8.738	3.9402E-01	0
38.647	-8.692	3.8844E-01	3
38.645	-8.647	3.5560E-01	0
38.644	-8.602	3.4420E-01	3
38.642	-8.557	2.9972E-01	0
38.640	-8.513	3.3125E-01	3
38.638	-8.468	4.3066E-01	0
38.636	-8.424	4.0375E-01	3
38.634	-8.380	3.5634E-01	0
38.633	-8.336	3.2877E-01	3
38.631	-8.292	3.4271E-01	0
38.649	-9.211	3.4195E-01	3
38.648	-9.162	3.2045E-01	3
38.646	-9.115	2.2437E-01	3
38.644	-9.067	2.4720E-01	3
38.643	-9.019	3.6087E-01	3
38.641	-8.972	3.9473E-01	3
38.639	-8.924	4.0831E-01	3
38.637	-8.878	4.0500E-01	3
38.636	-8.831	3.6348E-01	3
38.634	-8.785	3.8884E-01	3
38.632	-8.739	3.7295E-01	3
38.630	-8.694	3.7927E-01	3
38.629	-8.648	3.2659E-01	3
38.627	-8.603	3.3713E-01	3
38.625	-8.558	3.4011E-01	3
38.623	-8.514	3.2684E-01	3
38.622	-8.470	4.1119E-01	3
38.620	-8.425	4.2230E-01	3
38.618	-8.381	3.5063E-01	3
38.616	-8.337	3.4740E-01	3
38.614	-8.293	3.6097E-01	3
38.613	-8.250	3.6361E-01	3
38.715	-9.215	3.0044E-01	0
38.713	-9.166	2.9040E-01	3
38.711	-9.119	1.4016E-01	0
38.709	-9.072	6.7714E-02	3
38.707	-9.024	2.8220E-01	1
38.705	-8.976	3.1234E-01	3
38.703	-8.929	3.9032E-01	0
38.701	-8.883	3.9025E-01	3
38.699	-8.836	3.6080E-01	0
38.696	-8.790	4.0384E-01	3
38.694	-8.744	4.0999E-01	0
38.692	-8.698	3.9954E-01	3
38.690	-8.652	3.7588E-01	0
38.688	-8.607	3.7897E-01	3
38.686	-8.562	3.3362E-01	0
38.683	-8.517	3.4187E-01	3
38.681	-8.473	3.7142E-01	0
38.679	-8.429	4.1079E-01	3
38.677	-8.386	4.4274E-01	0
38.675	-8.343	3.7502E-01	3
38.672	-8.299	3.4944E-01	0
38.670	-8.256	4.1089E-01	3
38.698	-9.217	2.2646E-01	3
38.696	-9.169	1.0872E-01	3
38.694	-9.121	3.1999E-02	3
38.692	-9.073	4.8802E-02	3
38.690	-9.025	1.2188E-01	3
38.688	-8.977	2.7579E-01	3
38.686	-8.930	4.0587E-01	3
38.684	-8.883	3.7702E-01	3
38.682	-8.837	3.4070E-01	3
38.680	-8.791	3.6668E-01	3
38.677	-8.745	4.0000E-01	3
38.675	-8.699	3.6637E-01	3
38.673	-8.653	3.9599E-01	3
38.671	-8.608	3.7178E-01	3
38.669	-8.563	3.1838E-01	3
38.667	-8.519	3.2884E-01	3
38.665	-8.474	3.7962E-01	3
38.663	-8.430	4.1347E-01	3
38.660	-8.386	4.2303E-01	3
38.658	-8.343	3.9206E-01	3
38.656	-8.300	3.4638E-01	3
38.654	-8.257	4.3126E-01	3
38.681	-9.218	8.8957E-02	0
38.679	-9.169	1.7682E-01	3
38.677	-9.121	5.8946E-02	1
38.675	-9.073	1.0169E-01	3
38.673	-9.026	1.9659E-01	2
38.671	-8.978	3.6881E-01	3
38.669	-8.931	4.1725E-01	1
38.667	-8.884	4.2324E-01	3
38.665	-8.838	3.6460E-01	0
38.663	-8.791	3.7310E-01	3
38.661	-8.746	4.1165E-01	0
38.659	-8.700	3.6240E-01	3
38.657	-8.654	3.3664E-01	0
38.655	-8.609	3.5895E-01	3
38.652	-8.564	3.3031E-01	0
38.650	-8.520	3.3872E-01	3
38.648	-8.475	4.1606E-01	0
38.646	-8.431	4.3374E-01	3
38.644	-8.387	3.8888E-01	0
38.642	-8.343	3.7557E-01	3
38.640	-8.300	3.4968E-01	0
38.638	-8.257	3.8598E-01	3
38.664	-9.218	3.3398E-01	3
38.662	-9.169	3.0904E-01	3
38.660	-9.122	1.2530E-01	3
38.658	-9.074	2.2169E-01	3
38.656	-9.026	3.2116E-01	3
38.654	-8.979	3.7663E-01	3
38.652	-8.932	4.1503E-01	3
38.650	-8.885	3.9985E-01	3
38.648	-8.839	3.5927E-01	3
38.646	-8.792	3.3766E-01	3
38.644	-8.746	3.8408E-01	3
38.642	-8.701	3.9788E-01	3
38.640	-8.655	3.5674E-01	3
38.638	-8.610	3.3868E-01	3
38.636	-8.565	3.1267E-01	3
38.634	-8.521	3.1504E-01	3
38.632	-8.477	4.2311E-01	3
38.630	-8.432	4.1900E-01	3
38.628	-8.388	3.5862E-01	3
38.626	-8.344	3.3529E-01	3
38.624	-8.301	3.5587E-01	3
38.621	-8.258	3.5860E-01	3
38.647	-9.219	3.1909E-01	0
38.645	-9.170	3.3140E-01	3
38.643	-9.123	2.5311E-01	0
38.641	-9.075	2.4121E-01	3
38.639	-9.027	3.4964E-01	0
38.637	-8.980	3.9178E-01	3
38.635	-8.932	4.0572E-01	0
38.633	-8.886	4.1159E-01	3
38.631	-8.839	3.8468E-01	0
38.629	-8.793	4.1734E-01	3
38.627	-8.747	3.8260E-01	0
38.625	-8.702	3.8287E-01	3
38.623	-8.656	3.3782E-01	0
38.621	-8.611	3.3460E-01	3
38.619	-8.566	3.4517E-01	0
38.617	-8.522	3.3227E-01	3
38.615	-8.478	3.7475E-01	0
38.613	-8.433	4.2956E-01	3
38.611	-8.389	3.5132E-01	0
38.609	-8.345	3.6049E-01	3
38.607	-8.301	3.4760E-01	1
38.605	-8.258	3.7000E-01	3
38.630	-9.220	2.4724E-01	3
38.628	-9.171	3.3358E-01	3
38.626	-9.123	3.0786E-01	3
38.624	-9.076	2.6787E-01	3
38.622	-9.028	3.2968E-01	3
38.620	-8.980	3.7486E-01	3
38.618	-8.933	3.8995E-01	3
38.616	-8.886	3.9566E-01	3
38.614	-8.840	4.0276E-01	3
38.613	-8.794	4.1435E-01	3
38.611	-8.748	4.1465E-01	3
38.609	-8.703	3.9606E-01	3
38.607	-8.658	3.5024E-01	3
38.605	-8.612	3.6380E-01	3
38.603	-8.567	3.3533E-01	3
38.601	-8.523	3.1456E-01	3
38.599	-8.479	3.6532E-01	3
38.597	-8.435	3.9961E-01	3
38.595	-8.390	3.6505E-01	3
38.593	-8.346	3.8791E-01	3
38.591	-8.302	3.6149E-01	3
38.589	-8.259	3.4763E-01	3
38.612	-9.221	1.5673E-01	1
38.611	-9.172	3.2820E-01	3
38.609	-9.124	3.0516E-01	0
38.607	-9.076	2.9345E-01	3
38.605	-9.028	3.1149E-01	0
38.603	-8.981	3.7838E-01	3
38.601	-8.934	3.8229E-01	0
38.599	-8.887	3.7912E-01	3
38.598	-8.841	3.8471E-01	0
38.596	-8.795	4.0097E-01	3
38.594	-8.749	3.8402E-01	0
38.592	-8.704	3.4620E-01	3
38.590	-8.659	3.4117E-01	0
38.588	-8.614	3.3133E-01	3
38.586	-8.569	3.2843E-01	0
38.584	-8.525	3.4757E-01	3
38.582	-8.480	3.7654E-01	0
38.581	-8.435	3.8472E-01	3
38.579	-8.391	4.0186E-01	0
38.577	-8.347	4.4350E-01	3
38.575	-8.304	4.1885E-01	0
38.573	-8.261	3.9182E-01	3
38.595	-9.222	9.5423E-02	3
38.593	-9.173	2.7616E-01	3
38.592	-9.125	2.6450E-01	3
38.590	-9.077	3.0718E-01	3
38.588	-9.029	3.3255E-01	3
38.586	-8.982	3.4537E-01	3
38.584	-8.934	3.6828E-01	3
38.583	-8.887	3.5534E-01	3
38.581	-8.842	3.5787E-01	3
38.579	-8.796	3.9417E-01	3
38.577	-8.751	3.3067E-01	3
38.575	-8.705	3.3484E-01	3
38.573	-8.659	3.3656E-01	3
38.572	-8.614	3.3517E-01	3
38.570	-8.569	3.0655E-01	3
38.568	-8.525	3.1269E-01	3
38.566	-8.481	3.2355E-01	3
38.564	-8.436	3.7444E-01	3
38.562	-8.392	3.2722E-01	3
38.560	-8.348	4.0718E-01	3
38.558	-8.305	4.3677E-01	3
38.557	-8.262	4.2162E-01	3
38.578	-9.223	6.2433E-02	2
38.576	-9.174	2.4911E-01	3
38.575	-9.125	2.8980E-01	0
38.573	-9.078	3.2317E-01	3
38.571	-9.030	3.3161E-01	0
38.569	-8.982	3.4475E-01	3
38.567	-8.934	3.7757E-01	0
38.566	-8.888	3.5718E-01	3
38.564	-8.843	3.6425E-01	0
38.562	-8.797	3.7487E-01	3
38.560	-8.752	2.9679E-01	0
38.559	-8.706	3.3362E-01	3
38.557	-8.660	3.1790E-01	0
38.555	-8.615	3.1949E-01	3
38.553	-8.570	3.1362E-01	0
38.551	-8.526	3.0302E-01	3
38.550	-8.482	3.3476E-01	0
38.548	-8.438	3.7574E-01	3
38.546	-8.393	3.9207E-01	0
38.544	-8.349	4.0750E-01	3
38.542	-8.306	3.9130E-01	0
38.540	-8.264	3.9376E-01	2
38.561	-9.224	3.9334E-02	3
38.559	-9.175	2.0246E-01	3
38.557	-9.126	2.5878E-01	3
38.556	-9.078	3.2267E-01	3
38.554	-9.031	3.3464E-01	3
38.552	-8.983	3.5638E-01	3
38.551	-8.934	3.5944E-01	3
38.549	-8.890	3.4638E-01	3
38.547	-8.844	3.5345E-01	3
38.545	-8.799	2.8942E-01	3
38.544	-8.753	2.2733E-01	3
38.542	-8.707	3.0286E-01	3
38.540	-8.661	3.0540E-01	3
38.538	-8.616	3.0872E-01	3
38.537	-8.571	2.9530E-01	3
38.535	-8.527	3.1375E-01	3
38.533	-8.484	3.5328E-01	3
38.531	-8.439	3.9607E-01	3
38.529	-8.395	3.9272E-01	3
38.528	-8.350	3.6426E-01	3
38.526	-8.308	3.8547E-01	3
38.524	-8.266	4.1932E-01	3
38.627	-9.227	1.9996E-01	0
38.625	-9.177	3.3665E-01	3
38.623	-9.129	3.1250E-01	0
38.621	-9.082	2.8849E-01	3
38.619	-9.034	3.1046E-01	1
38.616	-8.986	3.7732E-01	3
38.614	-8.939	3.8655E-01	0
38.612	-8.893	3.8846E-01	3
38.610	-8.846	3.9531E-01	0
38.608	-8.800	4.0580E-01	3
38.606	-8.754	4.1747E-01	0
38.603	-8.709	3.8691E-01	3
38.601	-8.664	3.4469E-01	0
38.599	-8.619	3.4603E-01	3
38.597	-8.574	3.3003E-01	0
38.595	-8.530	3.2672E-01	3
38.593	-8.485	3.5516E-01	0
38.590	-8.441	3.8407E-01	3
38.588	-8.396	3.9270E-01	0
38.586	-8.353	4.1668E-01	3
38.584	-8.309	4.1034E-01	0
38.581	-8.266	3.8800E-01	3
38.610	-9.228	1.1648E-01	3
38.608	-9.178	3.1942E-01	3
38.606	-9.130	3.0053E-01	3
38.604	-9.082	2.9308E-01	3
38.602	-9.035	3.1546E-01	3
38.599	-8.987	3.7494E-01	3
38.597	-8.940	3.7979E-01	3
38.595	-8.893	3.7519E-01	3
38.593	-8.847	3.7620E-01	3
38.591	-8.801	3.9921E-01	3
38.589	-8.755	3.6996E-01	3
38.587	-8.710	3.4195E-01	3
38.585	-8.665	3.4244E-01	3
38.583	-8.620	3.5113E-01	3
38.580	-8.575	3.2431E-01	3
38.578	-8.531	3.2982E-01	3
38.576	-8.486	3.5650E-01	3
38.574	-8.442	3.8366E-01	3
38.572	-8.397	3.6595E-01	3
38.570	-8.353	4.1993E-01	3
38.567	-8.310	4.3489E-01	3
38.565	-8.267	3.9814E-01	3
38.593	-9.228	7.0193E-02	0
38.591	-9.179	2.5959E-01	3
38.589	-9.131	2.6569E-01	0
38.587	-9.083	3.0763E-01	3
38.585	-9.036	3.2194E-01	2
38.582	-8.988	3.3488E-01	3
38.580	-8.940	3.6968E-01	1
38.578	-8.893	3.5628E-01	3
38.576	-8.848	3.5808E-01	0
38.574	-8.802	3.9155E-01	3
38.572	-8.757	3.3533E-01	0
38.570	-8.711	3.3452E-01	3
38.568	-8.665	3.2912E-01	0
38.566	-8.620	3.1802E-01	3
38.564	-8.575	3.0819E-01	0
38.562	-8.531	3.1061E-01	3
38.560	-8.487	3.1828E-01	0
38.558	-8.443	3.8899E-01	3
38.555	-8.398	3.5245E-01	0
38.553	-8.355	3.8566E-01	3
38.551	-8.311	4.1627E-01	0
38.549	-8.269	4.1271E-01	3
38.575	-9.229	4.5983E-02	3
38.573	-9.180	2.2967E-01	3
38.571	-9.131	2.8041E-01	3
38.569	-9.083	3.2309E-01	3
38.568	-9.036	3.3406E-01	3
38.565	-8.988	3.4287E-01	3
38.563	-8.940	3.7606E-01	3
38.561	-8.894	3.6037E-01	3
38.559	-8.849	3.5979E-01	3
38.557	-8.803	3.6497E-01	3
38.555	-8.758	2.9254E-01	3
38.553	-8.712	3.0698E-01	3
38.551	-8.666	3.1540E-01	3
38.549	-8.621	3.1794E-01	3
38.547	-8.576	3.1028E-01	3
38.545	-8.532	3.0522E-01	3
38.543	-8.488	3.3101E-01	3
38.541	-8.444	3.6318E-01	3
38.539	-8.400	3.9932E-01	3
38.537	-8.355	3.9616E-01	3
38.535	-8.313	3.9635E-01	3
38.533	-8.270	4.0182E-01	3
38.558	-9.230	3.1090E-02	0
38.556	-9.180	1.7921E-01	3
38.554	-9.132	2.5021E-01	0
38.552	-9.084	3.1461E-01	3
38.550	-9.037	3.3533E-01	0
38.548	-8.989	3.5548E-01	3
38.546	-8.940	3.4683E-01	0
38.545	-8.896	3.4625E-01	3
38.543	-8.850	3.4588E-01	0
38.541	-8.805	2.7324E-01	3
38.539	-8.759	1.9529E-01	0
38.537	-8.713	2.9947E-01	3
38.535	-8.667	3.0703E-01	0
38.533	-8.622	3.0774E-01	3
38.531	-8.578	2.9502E-01	0
38.529	-8.534	3.2648E-01	3
38.527	-8.490	3.9018E-01	0
38.525	-8.445	4.0345E-01	3
38.523	-8.401	3.8399E-01	0
38.521	-8.357	3.3843E-01	3
38.519	-8.314	3.8412E-01	1
38.517	-8.272	4.0906E-01	3
38.541	-9.231	2.6614E-02	3
38.539	-9.182	1.5209E-01	3
38.537	-9.133	2.6358E-01	3
38.535	-9.085	2.7856E-01	3
38.533	-9.037	3.1727E-01	3
38.532	-8.989	3.4184E-01	3
38.530	-8.941	3.3861E-01	3
38.528	-8.897	3.3178E-01	3
38.526	-8.851	3.3930E-01	3
38.524	-8.805	2.5865E-01	3
38.522	-8.760	1.2049E-01	3
38.520	-8.714	2.3314E-01	3
38.518	-8.668	2.9218E-01	3
38.516	-8.623	3.1305E-01	3
38.514	-8.579	3.2109E-01	3
38.512	-8.535	3.6246E-01	3
38.510	-8.491	3.6139E-01	3
38.508	-8.446	3.9073E-01	3
38.506	-8.402	3.6875E-01	3
38.504	-8.359	3.3444E-01	3
38.502	-8.315	4.0061E-01	3
38.500	-8.273	3.9041E-01	3
38.524	-9.232	2.5834E-02	1
38.522	-9.183	1.2768E-01	3
38.520	-9.134	2.5273E-01	0
38.518	-9.086	2.9368E-01	3
38.516	-9.038	3.2612E-01	0
38.515	-8.990	3.4466E-01	3
38.513	-8.944	2.8288E-01	0
38.511	-8.899	1.0462E-01	3
38.509	-8.852	1.7560E-01	0
38.507	-8.806	2.2727E-01	3
38.505	-8.761	1.4944E-01	0
38.503	-8.715	2.3548E-01	3
38.501	-8.669	3.0169E-01	0
38.500	-8.624	3.0681E-01	3
38.498	-8.580	3.3101E-01	0
38.496	-8.535	3.3101E-01	3
38.494	-8.492	3.4455E-01	0
38.492	-8.447	3.7682E-01	3
38.490	-8.403	3.4039E-01	0
38.488	-8.360	3.4519E-01	3
38.486	-8.317	4.0801E-01	0
38.484	-8.274	3.9830E-01	3
38.507	-9.233	2.5214E-02	3
38.505	-9.184	1.5054E-01	3
38.503	-9.135	2.8617E-01	3
38.501	-9.086	2.9225E-01	3
38.499	-9.038	3.1953E-01	3
38.498	-8.990	3.0861E-01	3
38.496	-8.944	2.5036E-01	3
38.494	-8.900	1.0723E-01	3
38.492	-8.853	6.9251E-02	3
38.490	-8.807	2.1805E-01	3
38.489	-8.762	1.5703E-01	3
38.487	-8.716	2.2422E-01	3
38.485	-8.670	2.9223E-01	3
38.483	-8.625	3.0962E-01	3
38.481	-8.581	3.6870E-01	3
38.479	-8.536	3.5931E-01	3
38.477	-8.492	3.6036E-01	3
38.475	-8.448	3.3802E-01	3
38.474	-8.405	3.3917E-01	3
38.472	-8.362	3.3542E-01	3
38.470	-8.318	3.9990E-01	3
38.468	-8.275	3.9007E-01	3
38.489	-9.234	2.5374E-02	2
38.488	-9.185	1.6523E-01	3
38.486	-9.135	3.1608E-01	1
38.484	-9.087	3.1252E-01	3
38.482	-9.038	3.1683E-01	0
38.481	-8.990	2.5947E-01	3
38.479	-8.947	9.5552E-02	0
38.477	-8.901	1.5035E-01	3
38.475	-8.854	8.3549E-02	0
38.474	-8.808	7.7511E-02	3
38.472	-8.763	7.0333E-02	0
38.470	-8.717	2.1182E-01	3
38.468	-8.671	3.0839E-01	0
38.466	-8.627	3.1555E-01	3
38.465	-8.582	3.2877E-01	0
38.463	-8.537	3.3321E-01	3
38.461	-8.493	3.2857E-01	0
38.459	-8.450	4.4669E-01	3
38.457	-8.407	4.2898E-01	0
38.455	-8.363	3.4246E-01	3
38.454	-8.319	3.7311E-01	0
38.452	-8.276	3.9658E-01	3
38.472	-9.235	2.6562E-02	3
38.471	-9.185	1.9610E-01	3
38.469	-9.135	3.5766E-01	3
38.467	-9.087	3.6326E-01	3
38.465	-9.038	3.3497E-01	3
38.464	-8.993	1.8002E-01	3
38.462	-8.948	2.7851E-02	3
38.460	-8.902	4.7221E-02	3
38.459	-8.855	1.3274E-01	3
38.457	-8.809	3.5463E-02	3
38.455	-8.764	5.6808E-02	3
38.453	-8.718	2.1343E-01	3
38.452	-8.672	2.7673E-01	3
38.450	-8.628	3.1196E-01	3
38.448	-8.583	3.0161E-01	3
38.446	-8.539	3.3044E-01	3
38.445	-8.495	3.6818E-01	3
38.443	-8.451	4.3271E-01	3
38.441	-8.408	4.1736E-01	3
38.439	-8.364	3.1441E-01	3
38.437	-8.321	3.7352E-01	3
38.435	-8.278	3.9165E-01	3
38.539	-9.239	2.5345E-02	2
38.536	-9.190	1.1774E-01	3
38.534	-9.142	2.6276E-01	0
38.532	-9.093	2.8315E-01	3
38.530	-9.045	3.1035E-01	0
38.528	-8.998	3.4811E-01	3
38.526	-8.951	3.3906E-01	0
38.524	-8.905	3.0294E-01	3
38.521	-8.859	3.1280E-01	0
38.519	-8.814	2.6589E-01	3
38.517	-8.768	1.2041E-01	0
38.515	-8.723	2.0120E-01	3
38.513	-8.677	2.9581E-01	0
38.511	-8.631	3.1374E-01	3
38.508	-8.587	3.2509E-01	0
38.506	-8.543	3.5756E-01	3
38.504	-8.499	3.6269E-01	0
38.502	-8.454	3.9146E-01	3
38.500	-8.411	3.5913E-01	0
38.497	-8.367	3.3746E-01	3
38.495	-8.324	4.1343E-01	0
38.493	-8.281	3.9448E-01	3
38.521	-9.240	2.4810E-02	3
38.519	-9.191	9.7308E-02	3
38.517	-9.143	2.5003E-01	3
38.515	-9.094	2.8848E-01	3
38.513	-9.046	3.2154E-01	3
38.511	-8.998	3.4291E-01	3
38.509	-8.952	2.9233E-01	3
38.507	-8.907	9.9304E-02	3
38.505	-8.861	1.0814E-01	3
38.502	-8.814	2.6332E-01	3
38.500	-8.769	1.8540E-01	3
38.498	-8.723	2.0448E-01	3
38.496	-8.678	2.9880E-01	3
38.494	-8.632	3.0717E-01	3
38.492	-8.588	3.3860E-01	3
38.490	-8.543	3.3684E-01	3
38.488	-8.499	3.4047E-01	3
38.485	-8.455	3.6187E-01	3
38.483	-8.412	3.4800E-01	3
38.481	-8.369	3.3135E-01	3
38.479	-8.325	3.9164E-01	3
38.477	-8.282	3.9016E-01	3
38.504	-9.241	2.5462E-02	0
38.502	-9.192	1.2250E-01	3
38.500	-9.143	2.9474E-01	0
38.498	-9.094	2.8938E-01	3
38.496	-9.046	3.2203E-01	0
38.494	-8.998	3.0636E-01	3
38.492	-8.951	2.6252E-01	0
38.490	-8.908	1.4477E-01	3
38.488	-8.862	6.6960E-02	0
38.486	-8.815	1.5917E-01	3
38.484	-8.770	1.5241E-01	0
38.482	-8.724	1.9184E-01	3
38.479	-8.679	3.0378E-01	0
38.477	-8.634	2.9999E-01	3
38.475	-8.589	3.5760E-01	0
38.473	-8.544	3.7431E-01	3
38.471	-8.500	3.4500E-01	0
38.469	-8.456	3.6553E-01	3
38.467	-8.414	3.7456E-01	0
38.465	-8.370	3.5659E-01	3
38.463	-8.326	3.8919E-01	0
38.460	-8.283	4.0391E-01	3
38.487	-9.242	2.4924E-02	3
38.485	-9.193	1.2941E-01	3
38.483	-9.143	3.1948E-01	3
38.481	-9.094	3.2293E-01	3
38.479	-9.047	3.2371E-01	3
38.477	-8.998	2.6901E-01	3
38.475	-8.955	7.1745E-02	3
38.473	-8.909	1.0742E-01	3
38.471	-8.862	1.1065E-01	3
38.469	-8.816	4.4701E-02	3
38.467	-8.771	5.6037E-02	3
38.465	-8.725	1.8239E-01	3
38.463	-8.680	2.9293E-01	3
38.461	-8.635	3.1799E-01	3
38.459	-8.590	3.1845E-01	3
38.457	-8.545	3.1707E-01	3
38.455	-8.502	3.3195E-01	3
38.453	-8.458	4.4909E-01	3
38.451	-8.415	4.4071E-01	3
38.448	-8.371	3.2988E-01	3
38.446	-8.328	3.6619E-01	3
38.444	-8.284	3.8588E-01	3
38.470	-9.242	2.5084E-02	0
38.468	-9.193	1.6119E-01	3
38.466	-9.143	3.5438E-01	0
38.464	-9.094	3.6457E-01	3
38.462	-9.047	3.3849E-01	0
38.460	-9.001	1.8604E-01	3
38.458	-8.956	3.0062E-02	0
38.456	-8.910	3.0008E-02	3
38.454	-8.863	1.3708E-01	0
38.452	-8.817	7.2025E-02	3
38.450	-8.772	4.3044E-02	0
38.448	-8.726	1.6179E-01	3
38.446	-8.681	2.6604E-01	0
38.444	-8.636	3.0041E-01	3
38.442	-8.591	2.9851E-01	0
38.440	-8.547	3.3757E-01	3
38.438	-8.503	3.6390E-01	0
38.436	-8.459	4.2040E-01	3
38.434	-8.416	4.1088E-01	0
38.432	-8.373	3.0664E-01	3
38.430	-8.330	3.7860E-01	0
38.428	-8.287	3.7102E-01	3
38.453	-9.243	3.0001E-02	3
38.451	-9.193	2.2083E-01	3
38.449	-9.143	3.5724E-01	3
38.447	-9.095	3.0365E-01	3
38.445	-9.048	2.0884E-01	3
38.443	-9.004	4.3117E-02	3
38.441	-8.957	2.3554E-02	3
38.439	-8.911	2.3669E-02	3
38.437	-8.864	6.7589E-02	3
38.435	-8.818	1.6474E-01	3
38.433	-8.773	1.2405E-01	3
38.432	-8.727	6.2047E-02	3
38.430	-8.682	1.9631E-01	3
38.428	-8.637	2.9267E-01	3
38.426	-8.592	3.1560E-01	3
38.424	-8.548	3.1752E-01	3
38.422	-8.504	3.2951E-01	3
38.420	-8.460	4.1241E-01	3
38.418	-8.417	4.0017E-01	3
38.416	-8.373	2.8205E-01	3
38.414	-8.331	3.1479E-01	3
38.412	-8.287	3.7850E-01	3
38.435	-9.244	4.3028E-02	0
38.433	-9.194	2.6463E-01	3
38.432	-9.145	2.1429E-01	0
38.430	-9.099	6.2958E-02	3
38.428	-9.052	3.0689E-02	0
38.426	-9.005	2.2867E-02	3
38.424	-8.958	2.2940E-02	0
38.422	-8.911	2.3504E-02	3
38.421	-8.865	2.9418E-02	0
38.419	-8.819	1.3258E-01	3
38.417	-8.774	1.8892E-01	0
38.415	-8.728	2.2530E-01	3
38.413	-8.683	1.8723E-01	0
38.411	-8.638	1.9169E-01	3
38.409	-8.594	2.1571E-01	0
38.407	-8.550	2.2316E-01	3
38.405	-8.505	3.3049E-01	0
38.403	-8.462	4.1374E-01	3
38.401	-8.418	3.5903E-01	0
38.399	-8.374	3.5561E-01	3
38.398	-8.332	4.3129E-01	0
38.396	-8.289	4.0429E-01	3
38.418	-9.245	5.2201E-02	3
38.416	-9.195	1.7645E-01	3
38.415	-9.148	3.2347E-02	3
38.413	-9.101	2.2513E-02	3
38.411	-9.053	2.2256E-02	3
38.409	-9.006	2.2043E-02	3
38.407	-8.959	2.2364E-02	3
38.406	-8.912	2.3134E-02	3
38.404	-8.866	2.4390E-02	3
38.402	-8.820	1.0835E-01	3
38.400	-8.774	2.7605E-01	3
38.398	-8.729	3.1195E-01	3
38.396	-8.684	2.9413E-01	3
38.394	-8.639	2.9239E-01	3
38.393	-8.594	3.0973E-01	3
38.391	-8.550	2.7807E-01	3
38.389	-8.506	3.1688E-01	3
38.387	-8.463	3.2426E-01	3
38.385	-8.419	3.6872E-01	3
38.383	-8.375	3.6928E-01	3
38.381	-8.332	4.4283E-01	3
38.379	-8.290	4.5060E-01	3
38.401	-9.246	2.2942E-02	0
38.399	-9.197	2.2608E-02	3
38.398	-9.149	2.1821E-02	0
38.396	-9.101	2.1526E-02	2
38.394	-9.054	2.1274E-02	0
38.392	-9.007	2.1510E-02	2
38.390	-8.960	2.1789E-02	0
38.389	-8.913	2.2392E-02	3
38.387	-8.867	2.3408E-02	0
38.385	-8.821	8.3668E-02	3
38.383	-8.775	2.7227E-01	0
38.382	-8.730	2.9539E-01	3
38.380	-8.684	2.8312E-01	0
38.378	-8.640	2.8485E-01	3
38.376	-8.595	2.7497E-01	0
38.374	-8.551	2.8228E-01	3
38.372	-8.508	3.2100E-01	0
38.371	-8.464	3.1644E-01	3
38.369	-8.419	3.0819E-01	0
38.367	-8.376	3.3688E-01	3
38.365	-8.333	3.2867E-01	0
38.363	-8.291	3.5051E-01	3
38.384	-9.247	2.1791E-02	3
38.382	-9.198	2.1458E-02	3
38.380	-9.150	2.0837E-02	3
38.379	-9.102	2.0543E-02	3
38.377	-9.055	2.0780E-02	3
38.375	-9.008	2.1426E-02	3
38.374	-8.961	2.1828E-02	3
38.372	-8.914	2.2350E-02	3
38.370	-8.868	2.3201E-02	3
38.368	-8.822	5.1811E-02	3
38.367	-8.776	2.2023E-01	3
38.365	-8.731	2.7438E-01	3
38.363	-8.685	3.1690E-01	3
38.361	-8.640	2.6888E-01	3
38.360	-8.596	2.6348E-01	3
38.358	-8.552	2.9854E-01	3
38.356	-8.509	3.1807E-01	3
38.354	-8.464	3.3049E-01	3
38.352	-8.420	3.3261E-01	3
38.350	-8.377	3.3119E-01	3
38.450	-9.249	2.6640E-02	2
38.448	-9.200	2.0194E-01	3
38.445	-9.149	3.6146E-01	0
38.443	-9.102	2.7029E-01	3
38.441	-9.055	1.7898E-01	0
38.439	-9.010	3.4441E-02	3
38.437	-8.963	2.2978E-02	0
38.435	-8.917	2.3380E-02	3
38.433	-8.870	3.9633E-02	0
38.430	-8.824	1.5272E-01	3
38.428	-8.779	1.4545E-01	0
38.426	-8.734	9.0416E-02	3
38.424	-8.689	1.4314E-01	0
38.422	-8.644	2.6187E-01	3
38.420	-8.599	3.0553E-01	0
38.417	-8.555	2.7073E-01	3
38.415	-8.510	3.2731E-01	0
38.413	-8.467	4.1220E-01	3
38.411	-8.424	3.9259E-01	0
38.409	-8.380	3.0924E-01	3
38.406	-8.337	3.4331E-01	0
38.404	-8.294	3.7358E-01	3
38.402	-8.251	4.1529E-01	0
38.430	-9.200	2.4362E-01	3
38.428	-9.152	1.7486E-01	3
38.426	-9.106	4.8426E-02	3
38.424	-9.058	2.2338E-02	3
38.422	-9.011	2.1923E-02	3
38.420	-8.964	2.2078E-02	3
38.418	-8.918	2.2518E-02	3
38.416	-8.871	2.3817E-02	3
38.414	-8.825	1.0688E-01	3
38.412	-8.780	2.1733E-01	3
38.409	-8.734	2.7905E-01	3
38.407	-8.689	2.4957E-01	3
38.405	-8.645	2.0666E-01	3
38.403	-8.600	2.4099E-01	3
38.401	-8.556	2.5574E-01	3
38.399	-8.511	3.1346E-01	3
38.397	-8.468	3.6360E-01	3
38.394	-8.425	3.6771E-01	3
38.392	-8.380	3.7205E-01	3
38.390	-8.338	4.4885E-01	3
38.388	-8.295	4.4222E-01	3
38.386	-8.252	4.0435E-01	3
38.413	-9.202	1.4315E-01	3
38.411	-9.154	3.3208E-02	0
38.409	-9.107	2.1773E-02	3
38.407	-9.059	2.1805E-02	0
38.405	-9.012	2.1959E-02	3
38.403	-8.965	2.2117E-02	0
38.401	-8.918	2.2802E-02	3
38.399	-8.872	2.3571E-02	0
38.397	-8.826	8.2457E-02	3
38.395	-8.781	2.7312E-01	0
38.393	-8.735	3.1921E-01	3
38.391	-8.690	3.0429E-01	0
38.389	-8.645	2.9284E-01	3
38.386	-8.601	2.9139E-01	0
38.384	-8.556	2.7127E-01	3
38.382	-8.512	3.2662E-01	0
38.380	-8.469	3.2006E-01	3
38.378	-8.425	3.4743E-01	0
38.376	-8.381	3.4278E-01	3
38.374	-8.338	3.7037E-01	0
38.372	-8.296	4.0073E-01	3
38.369	-8.253	4.0503E-01	0
38.396	-9.203	2.2115E-02	3
38.394	-9.155	2.1534E-02	3
38.392	-9.107	2.0952E-02	3
38.390	-9.060	2.1023E-02	3
38.388	-9.013	2.1384E-02	3
38.386	-8.966	2.1743E-02	3
38.384	-8.919	2.2513E-02	3
38.382	-8.873	2.3321E-02	3
38.380	-8.827	5.6638E-02	3
38.378	-8.781	2.3981E-01	3
38.376	-8.736	2.8282E-01	3
38.374	-8.690	2.8704E-01	3
38.372	-8.646	2.8306E-01	3
38.370	-8.601	2.7146E-01	3
38.368	-8.557	2.8938E-01	3
38.366	-8.514	3.0507E-01	3
38.364	-8.470	3.2300E-01	3
38.362	-8.425	3.1413E-01	3
38.360	-8.382	3.3892E-01	3
38.357	-8.340	3.3156E-01	3
38.355	-8.298	3.6995E-01	3
38.353	-8.254	4.0921E-01	3
38.379	-9.204	2.1582E-02	3
38.377	-9.156	2.1039E-02	0
38.375	-9.108	2.0830E-02	3
38.373	-9.061	2.0942E-02	0
38.371	-9.014	2.1261E-02	3
38.369	-8.967	2.1702E-02	0
38.367	-8.920	2.2429E-02	3
38.365	-8.874	2.3279E-02	0
38.363	-8.828	3.7316E-02	3
38.361	-8.782	1.9595E-01	0
38.359	-8.737	2.7413E-01	3
38.357	-8.691	3.0996E-01	0
38.355	-8.646	2.6798E-01	3
38.353	-8.602	2.6373E-01	0
38.351	-8.558	2.8677E-01	3
38.362	-9.205	2.1087E-02	3
38.360	-9.157	2.0424E-02	3
38.358	-9.109	2.0335E-02	3
38.356	-9.062	2.0533E-02	3
38.354	-9.015	2.1092E-02	3
38.352	-8.968	2.1618E-02	3
38.350	-8.921	2.1935E-02	3
38.359	-9.213	2.1125E-02	3
38.357	-9.165	2.0548E-02	0
38.355	-9.117	2.0374E-02	3
38.353	-9.070	2.0407E-02	0
38.351	-9.023	2.0643E-02	3
