39.349	-8.515	3.1530E-01	0
39.347	-8.479	3.2986E-01	2
39.345	-8.442	3.2556E-01	0
39.343	-8.406	3.2963E-01	2
39.341	-8.372	3.1172E-01	0
39.340	-8.337	3.2960E-01	2
39.338	-8.302	3.4092E-01	0
39.336	-8.267	3.2888E-01	2
39.349	-8.807	3.3917E-01	0
39.347	-8.769	3.4920E-01	3
39.345	-8.732	3.4902E-01	0
39.343	-8.696	3.6204E-01	3
39.341	-8.660	3.5557E-01	0
39.340	-8.624	3.5350E-01	3
39.338	-8.588	3.2746E-01	0
39.336	-8.552	3.3717E-01	3
39.334	-8.517	3.3106E-01	0
39.332	-8.481	3.3497E-01	3
39.330	-8.444	3.1842E-01	0
39.328	-8.408	3.2502E-01	3
39.327	-8.374	3.2432E-01	0
39.325	-8.339	3.5577E-01	3
39.323	-8.304	3.3975E-01	0
39.321	-8.269	3.3591E-01	3
39.348	-8.487	3.2793E-01	2
39.346	-8.450	3.2670E-01	0
39.344	-8.414	3.3149E-01	2
39.342	-8.379	3.1520E-01	0
39.340	-8.344	3.2120E-01	2
39.338	-8.310	3.4512E-01	0
39.336	-8.275	3.3560E-01	2
39.350	-8.777	3.4821E-01	3
39.348	-8.739	3.4902E-01	0
39.346	-8.703	3.6321E-01	3
39.344	-8.667	3.5819E-01	0
39.342	-8.631	3.5505E-01	3
39.340	-8.595	3.3750E-01	0
39.338	-8.560	3.3516E-01	3
39.336	-8.524	3.3227E-01	0
39.333	-8.488	3.3595E-01	3
39.331	-8.452	3.2474E-01	0
39.329	-8.416	3.1859E-01	3
39.327	-8.381	3.2592E-01	0
39.325	-8.346	3.4843E-01	3
39.323	-8.311	3.4595E-01	0
39.321	-8.276	3.3871E-01	3
39.349	-9.041	3.7819E-01	0
39.347	-9.002	3.6844E-01	2
39.345	-8.965	3.4848E-01	0
39.343	-8.927	3.3870E-01	2
39.341	-8.889	3.3842E-01	0
39.339	-8.853	3.4857E-01	2
39.337	-8.816	3.4653E-01	0
39.335	-8.777	3.5845E-01	2
39.333	-8.740	3.4804E-01	0
39.331	-8.704	3.5135E-01	2
39.329	-8.668	3.5277E-01	0
39.327	-8.632	3.4957E-01	2
39.325	-8.597	3.1512E-01	0
39.323	-8.561	2.9322E-01	2
39.321	-8.525	3.1724E-01	0
39.319	-8.489	3.4156E-01	2
39.316	-8.454	3.2228E-01	0
39.314	-8.418	3.4239E-01	2
39.312	-8.383	3.5050E-01	0
39.310	-8.347	3.3403E-01	2
39.308	-8.312	3.1961E-01	0
39.306	-8.277	3.2477E-01	2
39.343	-9.238	3.8146E-01	3
39.341	-9.200	3.7653E-01	0
39.339	-9.159	3.8908E-01	3
39.337	-9.120	3.7578E-01	0
39.335	-9.081	3.8278E-01	3
39.333	-9.042	3.7641E-01	0
39.331	-9.004	3.7228E-01	3
39.329	-8.966	3.4082E-01	0
39.327	-8.929	3.3935E-01	3
39.325	-8.891	3.3934E-01	0
39.323	-8.854	3.3457E-01	3
39.321	-8.817	3.5018E-01	0
39.319	-8.779	3.6684E-01	3
39.317	-8.742	3.5968E-01	0
39.315	-8.706	3.5451E-01	2
39.313	-8.670	3.5365E-01	0
39.312	-8.634	3.4639E-01	3
39.310	-8.598	2.9391E-01	0
39.308	-8.562	3.0315E-01	3
39.306	-8.526	3.4023E-01	0
39.303	-8.490	3.3442E-01	3
39.301	-8.454	3.3080E-01	0
39.299	-8.419	3.1758E-01	3
39.297	-8.383	3.3462E-01	0
39.295	-8.348	3.3706E-01	3
39.293	-8.313	3.3878E-01	0
39.291	-8.278	3.3524E-01	3
39.327	-9.239	4.1287E-01	3
39.326	-9.201	3.9531E-01	0
39.324	-9.160	3.9022E-01	2
39.322	-9.120	3.9892E-01	0
39.320	-9.082	3.8168E-01	2
39.318	-9.044	3.7907E-01	0
39.316	-9.005	3.7182E-01	2
39.314	-8.967	3.4439E-01	0
39.312	-8.930	3.3242E-01	2
39.310	-8.892	3.5686E-01	0
39.308	-8.855	3.5123E-01	2
39.306	-8.817	3.5174E-01	0
39.304	-8.780	3.5929E-01	2
39.302	-8.743	3.5916E-01	0
39.300	-8.707	3.5894E-01	2
39.298	-8.671	3.5876E-01	0
39.296	-8.635	3.3938E-01	2
39.294	-8.599	2.9438E-01	0
39.293	-8.563	3.5823E-01	2
39.291	-8.527	3.4776E-01	0
39.288	-8.490	3.2261E-01	2
39.286	-8.454	3.1810E-01	0
39.285	-8.419	3.2632E-01	2
39.283	-8.384	3.2843E-01	0
39.281	-8.349	3.1650E-01	2
39.279	-8.314	3.2412E-01	0
39.277	-8.280	3.1915E-01	2
39.312	-9.239	4.3850E-01	3
39.310	-9.201	4.0519E-01	0
39.308	-9.161	4.0690E-01	3
39.306	-9.121	4.3240E-01	0
39.304	-9.083	3.7998E-01	3
39.302	-9.045	3.8397E-01	0
39.300	-9.006	3.7581E-01	3
39.298	-8.968	3.5449E-01	0
39.297	-8.931	3.5682E-01	3
39.295	-8.894	3.5634E-01	0
39.293	-8.856	3.5097E-01	3
39.291	-8.818	3.6607E-01	0
39.289	-8.782	3.6457E-01	2
39.287	-8.745	3.7132E-01	0
39.285	-8.709	3.6224E-01	2
39.283	-8.672	3.5244E-01	0
39.281	-8.636	3.3488E-01	2
39.279	-8.601	3.5554E-01	0
39.277	-8.564	3.6672E-01	3
39.276	-8.528	3.4898E-01	0
39.274	-8.492	3.4642E-01	3
39.272	-8.456	3.2994E-01	0
39.270	-8.420	3.2796E-01	2
39.268	-8.385	3.1621E-01	0
39.266	-8.351	3.3359E-01	2
39.264	-8.316	3.2854E-01	0
39.262	-8.281	3.3805E-01	2
39.296	-9.240	4.4921E-01	3
39.294	-9.201	4.5518E-01	0
39.292	-9.163	3.8034E-01	3
39.291	-9.124	3.9786E-01	0
39.289	-9.084	4.0307E-01	3
39.287	-9.046	3.9023E-01	0
39.285	-9.007	3.7354E-01	3
39.283	-8.969	3.4406E-01	0
39.281	-8.932	3.4472E-01	3
39.279	-8.895	3.4830E-01	0
39.277	-8.858	3.4593E-01	2
39.276	-8.820	3.6585E-01	0
39.274	-8.783	3.6336E-01	2
39.272	-8.747	3.6185E-01	0
39.270	-8.710	3.4800E-01	2
39.268	-8.674	3.4392E-01	0
39.266	-8.638	3.1637E-01	3
39.264	-8.602	3.1877E-01	0
39.262	-8.565	3.4874E-01	3
39.260	-8.529	3.5727E-01	0
39.259	-8.493	3.4658E-01	2
39.257	-8.457	3.2885E-01	0
39.255	-8.422	3.2101E-01	2
39.253	-8.387	3.4704E-01	0
39.251	-8.352	3.2974E-01	2
39.249	-8.317	3.4140E-01	0
39.247	-8.283	3.3291E-01	2
39.280	-9.241	4.7028E-01	3
39.279	-9.203	4.4916E-01	0
39.277	-9.165	4.3206E-01	2
39.275	-9.125	3.9752E-01	0
39.273	-9.086	4.2141E-01	3
39.271	-9.047	4.0318E-01	0
39.269	-9.009	3.6625E-01	3
39.268	-8.971	3.4918E-01	0
39.266	-8.934	3.2905E-01	3
39.264	-8.896	3.5130E-01	0
39.262	-8.859	3.6770E-01	2
39.260	-8.821	3.7192E-01	0
39.258	-8.785	3.5339E-01	2
39.257	-8.748	3.4951E-01	0
39.255	-8.711	3.3720E-01	2
39.253	-8.675	3.3775E-01	0
39.251	-8.639	3.2482E-01	2
39.249	-8.603	3.2514E-01	0
39.247	-8.567	3.5480E-01	2
39.245	-8.530	3.4611E-01	0
39.244	-8.494	3.4839E-01	2
39.242	-8.458	3.2345E-01	0
39.240	-8.423	3.4623E-01	2
39.238	-8.388	3.2841E-01	0
39.236	-8.354	3.2865E-01	2
39.234	-8.319	3.3392E-01	0
39.232	-8.284	3.2665E-01	2
39.231	-8.250	3.4257E-01	0
39.333	-9.245	4.0489E-01	2
39.330	-9.207	3.8504E-01	0
39.328	-9.166	3.8957E-01	2
39.326	-9.126	3.8733E-01	0
39.324	-9.088	3.8168E-01	2
39.322	-9.050	3.8264E-01	0
39.320	-9.011	3.8511E-01	2
39.317	-8.973	3.4929E-01	0
39.315	-8.936	3.3712E-01	3
39.313	-8.898	3.4992E-01	0
39.311	-8.861	3.4474E-01	2
39.309	-8.824	3.4259E-01	0
39.307	-8.786	3.5990E-01	2
39.304	-8.749	3.5938E-01	0
39.302	-8.713	3.6553E-01	2
39.300	-8.677	3.6179E-01	0
39.298	-8.641	3.5692E-01	2
39.296	-8.605	2.9483E-01	0
39.294	-8.570	3.4714E-01	2
39.292	-8.534	3.5492E-01	0
39.289	-8.497	3.2886E-01	2
39.287	-8.461	3.1927E-01	0
39.285	-8.425	3.2647E-01	2
39.283	-8.390	3.3425E-01	0
39.281	-8.356	3.1642E-01	2
39.278	-8.321	3.2699E-01	0
39.276	-8.286	3.2274E-01	2
39.274	-8.252	3.2974E-01	0
39.317	-9.245	4.3321E-01	3
39.315	-9.207	4.0112E-01	0
39.313	-9.167	3.9174E-01	3
39.310	-9.127	4.1670E-01	0
39.308	-9.089	3.7618E-01	3
39.306	-9.051	3.8511E-01	0
39.304	-9.012	3.8139E-01	3
39.302	-8.974	3.5312E-01	0
39.300	-8.937	3.5238E-01	2
39.298	-8.900	3.5403E-01	0
39.296	-8.862	3.5340E-01	2
39.293	-8.824	3.6410E-01	0
39.291	-8.788	3.6934E-01	2
39.289	-8.751	3.6780E-01	0
39.287	-8.715	3.6307E-01	2
39.285	-8.678	3.5111E-01	0
39.283	-8.642	3.4151E-01	2
39.281	-8.607	3.4834E-01	0
39.279	-8.571	3.6914E-01	2
39.277	-8.535	3.5079E-01	0
39.274	-8.498	3.4945E-01	2
39.272	-8.462	3.3282E-01	0
39.270	-8.427	3.2652E-01	2
39.268	-8.391	3.1856E-01	0
39.266	-8.357	3.3340E-01	2
39.264	-8.322	3.3051E-01	0
39.262	-8.288	3.3911E-01	2
39.259	-8.253	3.3345E-01	0
39.301	-9.246	4.4142E-01	2
39.299	-9.207	4.5597E-01	0
39.297	-9.169	4.0158E-01	2
39.295	-9.129	4.2768E-01	0
39.293	-9.090	4.0398E-01	2
39.291	-9.051	3.8439E-01	0
39.289	-9.012	3.7369E-01	2
39.287	-8.975	3.4125E-01	0
39.285	-8.938	3.4476E-01	2
39.282	-8.901	3.5464E-01	0
39.280	-8.864	3.5089E-01	2
39.278	-8.826	3.6141E-01	0
39.276	-8.789	3.6472E-01	2
39.274	-8.752	3.6254E-01	0
39.272	-8.716	3.5304E-01	2
39.270	-8.680	3.4589E-01	0
39.268	-8.644	3.1906E-01	2
39.266	-8.608	3.1703E-01	0
39.264	-8.572	3.4901E-01	2
39.262	-8.535	3.5606E-01	0
39.259	-8.499	3.4972E-01	2
39.257	-8.463	3.3274E-01	0
39.255	-8.428	3.1892E-01	2
39.253	-8.393	3.4621E-01	0
39.251	-8.359	3.3035E-01	2
39.249	-8.324	3.4015E-01	0
39.247	-8.289	3.3458E-01	2
39.245	-8.255	3.4189E-01	0
39.285	-9.247	4.7837E-01	3
39.283	-9.208	4.6273E-01	0
39.281	-9.170	4.0667E-01	2
39.279	-9.131	3.8510E-01	0
39.277	-9.092	4.1534E-01	3
39.275	-9.053	3.9681E-01	0
39.273	-9.015	3.7544E-01	3
39.271	-8.976	3.5363E-01	0
39.269	-8.939	3.2955E-01	3
39.267	-8.902	3.4887E-01	0
39.265	-8.865	3.5833E-01	2
39.263	-8.827	3.7245E-01	0
39.261	-8.791	3.5783E-01	2
39.259	-8.754	3.5261E-01	0
39.257	-8.717	3.3914E-01	2
39.255	-8.681	3.3912E-01	0
39.253	-8.645	3.3065E-01	2
39.251	-8.609	3.1969E-01	0
39.249	-8.573	3.4655E-01	2
39.246	-8.536	3.4850E-01	0
39.244	-8.500	3.4692E-01	2
39.242	-8.465	3.2734E-01	0
39.240	-8.429	3.4203E-01	2
39.238	-8.394	3.2897E-01	0
39.236	-8.360	3.2774E-01	2
39.234	-8.325	3.3415E-01	0
39.232	-8.290	3.2162E-01	2
39.230	-8.256	3.4170E-01	0
39.270	-9.248	4.2093E-01	2
39.268	-9.209	4.6961E-01	0
39.266	-9.171	4.6363E-01	2
39.264	-9.132	4.3608E-01	0
39.262	-9.093	4.0064E-01	2
39.260	-9.054	3.9035E-01	0
39.258	-9.015	3.7422E-01	2
39.256	-8.978	3.5219E-01	0
39.254	-8.940	3.2886E-01	2
39.252	-8.903	3.3568E-01	0
39.250	-8.865	3.7631E-01	2
39.248	-8.828	3.6661E-01	0
39.246	-8.792	3.5143E-01	2
39.244	-8.755	3.3211E-01	0
39.242	-8.718	3.4274E-01	2
39.240	-8.682	3.2010E-01	0
39.238	-8.646	2.9426E-01	2
39.236	-8.610	3.4608E-01	0
39.234	-8.574	3.6862E-01	2
39.232	-8.538	3.4283E-01	0
39.229	-8.502	3.1874E-01	2
39.227	-8.466	3.2966E-01	0
39.225	-8.431	3.2884E-01	2
39.223	-8.396	3.3234E-01	0
39.221	-8.361	3.1955E-01	2
39.219	-8.326	3.3676E-01	0
39.217	-8.292	3.2801E-01	2
39.215	-8.257	3.3196E-01	0
39.254	-9.250	4.3419E-01	2
39.252	-9.210	4.6790E-01	0
39.250	-9.172	5.1868E-01	2
39.248	-9.133	4.4861E-01	0
39.246	-9.094	3.9574E-01	3
39.244	-9.055	3.9301E-01	0
39.242	-9.016	3.7256E-01	2
39.240	-8.979	3.5841E-01	0
39.238	-8.942	3.3289E-01	3
39.236	-8.904	3.5381E-01	0
39.234	-8.866	3.7180E-01	3
39.232	-8.830	3.7064E-01	0
39.230	-8.793	3.5465E-01	2
39.228	-8.756	3.4208E-01	0
39.227	-8.720	3.4691E-01	2
39.224	-8.683	3.1757E-01	0
39.223	-8.648	3.2922E-01	2
39.221	-8.611	3.5396E-01	0
39.219	-8.575	3.7619E-01	2
39.216	-8.539	3.6587E-01	0
39.214	-8.503	3.2242E-01	2
39.212	-8.468	3.2985E-01	0
39.210	-8.432	3.3634E-01	2
39.208	-8.397	3.2826E-01	0
39.206	-8.362	3.2341E-01	2
39.204	-8.328	3.2815E-01	0
39.202	-8.293	3.3448E-01	2
39.200	-8.258	3.2728E-01	0
39.237	-9.212	4.6314E-01	0
39.235	-9.173	4.7783E-01	2
39.233	-9.134	4.7801E-01	0
39.231	-9.095	3.9825E-01	2
39.229	-9.056	4.0812E-01	0
39.227	-9.017	3.9302E-01	2
39.225	-8.980	3.6923E-01	0
39.223	-8.943	3.4007E-01	2
39.221	-8.906	3.4137E-01	0
39.219	-8.868	3.6725E-01	2
39.217	-8.831	3.6188E-01	0
39.215	-8.794	3.3392E-01	2
39.213	-8.757	3.4262E-01	0
39.211	-8.721	3.5025E-01	2
39.209	-8.685	3.2288E-01	0
39.207	-8.649	3.3782E-01	2
39.205	-8.612	3.4700E-01	0
39.203	-8.576	3.8414E-01	2
39.201	-8.540	3.7136E-01	0
39.199	-8.504	3.5052E-01	2
39.198	-8.469	3.3190E-01	0
39.196	-8.434	3.3883E-01	2
39.194	-8.399	3.2691E-01	0
39.192	-8.364	3.2398E-01	2
39.190	-8.329	3.2661E-01	0
39.188	-8.294	3.1578E-01	2
39.186	-8.260	3.1516E-01	0
39.221	-9.213	4.5470E-01	0
39.219	-9.174	4.8486E-01	2
39.217	-9.135	4.7162E-01	0
39.215	-9.096	4.0747E-01	2
39.213	-9.056	3.9533E-01	0
39.211	-9.017	3.7632E-01	2
39.209	-8.981	3.6578E-01	0
39.208	-8.944	3.7156E-01	3
39.206	-8.907	3.7157E-01	0
39.204	-8.869	3.7537E-01	3
39.202	-8.832	3.5805E-01	0
39.200	-8.795	3.5227E-01	2
39.198	-8.758	3.5891E-01	0
39.196	-8.722	3.4631E-01	2
39.194	-8.686	3.3879E-01	0
39.192	-8.650	3.5058E-01	2
39.190	-8.613	3.7187E-01	0
39.188	-8.577	3.6772E-01	2
39.186	-8.541	3.4916E-01	0
39.185	-8.506	3.4157E-01	2
39.183	-8.471	3.4052E-01	0
39.181	-8.435	3.5362E-01	2
39.179	-8.400	3.4286E-01	0
39.177	-8.365	3.4556E-01	2
39.175	-8.330	3.2245E-01	0
39.173	-8.296	3.1919E-01	2
39.171	-8.261	3.2945E-01	0
39.205	-9.214	3.9949E-01	0
39.203	-9.175	4.3209E-01	2
39.202	-9.136	5.1487E-01	0
39.200	-9.097	4.5934E-01	2
39.198	-9.055	4.0740E-01	0
39.196	-9.017	3.4073E-01	2
39.194	-8.982	3.4985E-01	0
39.192	-8.945	3.7126E-01	2
39.190	-8.908	3.4416E-01	0
39.188	-8.870	3.6544E-01	2
39.187	-8.832	3.6325E-01	0
39.185	-8.796	3.7398E-01	2
39.183	-8.759	3.5016E-01	0
39.181	-8.724	3.2579E-01	2
39.179	-8.687	3.2274E-01	0
39.177	-8.651	3.6543E-01	2
39.175	-8.615	3.7642E-01	0
39.173	-8.578	3.6220E-01	2
39.171	-8.542	3.5044E-01	0
39.170	-8.507	3.4974E-01	2
39.168	-8.471	3.2676E-01	0
39.166	-8.436	3.1953E-01	2
39.164	-8.401	3.2325E-01	0
39.162	-8.366	2.9909E-01	2
39.160	-8.331	3.0848E-01	0
39.158	-8.297	3.2864E-01	2
39.156	-8.262	3.3667E-01	0
39.190	-9.215	4.6822E-01	0
39.188	-9.176	3.7701E-01	2
39.186	-9.137	4.1526E-01	0
39.184	-9.096	4.8394E-01	2
39.182	-9.053	4.0201E-01	0
39.180	-9.020	3.5751E-01	2
39.179	-8.984	3.3149E-01	0
39.177	-8.946	3.3204E-01	2
39.175	-8.908	3.4609E-01	0
39.173	-8.871	3.6218E-01	2
39.171	-8.834	3.5651E-01	0
39.169	-8.798	3.5280E-01	2
39.168	-8.761	3.4926E-01	0
39.166	-8.725	3.4174E-01	2
39.164	-8.689	3.2877E-01	0
39.162	-8.652	3.8349E-01	2
39.160	-8.616	3.7559E-01	0
39.158	-8.579	3.3707E-01	2
39.156	-8.544	3.5597E-01	0
39.155	-8.508	3.5655E-01	3
39.153	-8.472	3.2511E-01	0
39.151	-8.437	3.1745E-01	2
39.149	-8.402	3.2901E-01	0
39.147	-8.367	3.1500E-01	2
39.145	-8.333	3.2058E-01	0
39.143	-8.298	3.3325E-01	2
39.141	-8.264	3.2870E-01	0
39.242	-9.219	4.6394E-01	0
39.240	-9.180	4.8543E-01	2
39.238	-9.141	4.9783E-01	0
39.235	-9.102	3.9984E-01	2
39.233	-9.064	4.1142E-01	0
39.231	-9.024	3.9465E-01	2
39.229	-8.987	3.8095E-01	0
39.227	-8.950	3.4602E-01	2
39.225	-8.913	3.4384E-01	0
39.222	-8.875	3.6778E-01	2
39.220	-8.838	3.6786E-01	0
39.218	-8.801	3.4226E-01	2
39.216	-8.764	3.4171E-01	0
39.214	-8.728	3.5252E-01	2
39.212	-8.692	3.3076E-01	0
39.209	-8.656	3.3407E-01	2
39.207	-8.620	3.3689E-01	0
39.205	-8.584	3.9027E-01	2
39.203	-8.547	3.8108E-01	0
39.201	-8.511	3.5699E-01	2
39.199	-8.476	3.3693E-01	0
39.196	-8.441	3.3959E-01	2
39.194	-8.406	3.3054E-01	0
39.192	-8.371	3.2946E-01	2
39.190	-8.337	3.3216E-01	0
39.188	-8.302	3.1715E-01	2
39.185	-8.267	3.2060E-01	0
39.226	-9.220	4.3719E-01	0
39.224	-9.181	4.8596E-01	2
39.222	-9.142	5.0086E-01	0
39.220	-9.104	4.2331E-01	2
39.218	-9.064	4.0751E-01	0
39.215	-9.024	3.9298E-01	2
39.213	-8.988	3.7447E-01	0
39.211	-8.951	3.6621E-01	2
39.209	-8.914	3.5530E-01	0
39.207	-8.876	3.7783E-01	2
39.205	-8.839	3.6029E-01	0
39.203	-8.802	3.5405E-01	2
39.201	-8.765	3.5660E-01	0
39.199	-8.729	3.5184E-01	2
39.196	-8.693	3.4163E-01	0
39.194	-8.657	3.5308E-01	2
39.192	-8.621	3.6971E-01	0
39.190	-8.585	3.6836E-01	2
39.188	-8.548	3.6054E-01	0
39.186	-8.513	3.4542E-01	2
39.184	-8.478	3.4007E-01	0
39.181	-8.443	3.5604E-01	2
39.179	-8.408	3.4702E-01	0
39.177	-8.373	3.4972E-01	2
39.175	-8.338	3.2744E-01	0
39.173	-8.303	3.2025E-01	2
39.171	-8.268	3.2831E-01	0
39.211	-9.222	4.2806E-01	0
39.208	-9.182	4.4208E-01	2
39.206	-9.143	4.9942E-01	0
39.204	-9.105	4.6089E-01	2
39.202	-9.064	4.0209E-01	0
39.200	-9.024	3.5109E-01	2
39.198	-8.989	3.5762E-01	0
39.196	-8.952	3.7713E-01	2
39.194	-8.915	3.6410E-01	0
39.192	-8.877	3.7127E-01	2
39.190	-8.840	3.6814E-01	0
39.188	-8.803	3.6989E-01	2
39.185	-8.767	3.6267E-01	0
39.183	-8.730	3.3128E-01	2
39.181	-8.695	3.3304E-01	0
39.179	-8.658	3.5392E-01	2
39.177	-8.622	3.8069E-01	0
39.175	-8.585	3.5164E-01	2
39.173	-8.549	3.5112E-01	0
39.171	-8.514	3.5296E-01	2
39.169	-8.479	3.3092E-01	0
39.167	-8.443	3.2323E-01	2
39.164	-8.408	3.2280E-01	0
39.162	-8.373	3.0407E-01	2
39.160	-8.339	3.0614E-01	0
39.158	-8.304	3.2713E-01	2
39.156	-8.270	3.3701E-01	0
39.195	-9.222	4.3730E-01	0
39.193	-9.183	3.8662E-01	3
39.191	-9.144	4.1712E-01	0
39.189	-9.105	4.9267E-01	3
39.186	-9.062	4.3355E-01	0
39.184	-9.025	3.5799E-01	2
39.183	-8.990	3.2728E-01	0
39.181	-8.953	3.4137E-01	2
39.178	-8.916	3.4237E-01	0
39.176	-8.878	3.5956E-01	2
39.174	-8.841	3.5499E-01	0
39.172	-8.804	3.5955E-01	2
39.170	-8.768	3.5343E-01	0
39.168	-8.732	3.3484E-01	2
39.166	-8.696	3.2858E-01	0
39.164	-8.659	3.6498E-01	2
39.162	-8.623	3.8743E-01	0
39.160	-8.586	3.4634E-01	2
39.158	-8.551	3.5589E-01	0
39.156	-8.516	3.6184E-01	2
39.154	-8.480	3.3252E-01	0
39.152	-8.444	3.1730E-01	3
39.150	-8.409	3.2791E-01	0
39.147	-8.375	3.1715E-01	3
39.145	-8.340	3.1760E-01	0
39.143	-8.305	3.3220E-01	3
39.141	-8.271	3.3040E-01	0
39.179	-9.224	4.3943E-01	0
39.177	-9.184	4.3410E-01	2
39.175	-9.145	3.9441E-01	0
39.173	-9.104	4.3910E-01	2
39.171	-9.062	3.8638E-01	0
39.169	-9.028	3.5481E-01	2
39.167	-8.992	3.2577E-01	0
39.165	-8.955	3.2544E-01	2
39.163	-8.917	3.4591E-01	0
39.161	-8.879	3.5850E-01	2
39.159	-8.843	3.6242E-01	0
39.157	-8.806	3.5850E-01	2
39.155	-8.769	3.5135E-01	0
39.153	-8.733	3.5148E-01	2
39.151	-8.697	3.1650E-01	0
39.149	-8.661	3.8781E-01	2
39.147	-8.624	3.6806E-01	0
39.145	-8.587	3.3409E-01	2
39.143	-8.552	3.4826E-01	0
39.141	-8.517	3.2876E-01	2
39.139	-8.481	3.3048E-01	0
39.137	-8.446	3.2910E-01	2
39.135	-8.411	3.2802E-01	0
39.133	-8.376	3.2804E-01	2
39.131	-8.341	3.4113E-01	0
39.129	-8.307	3.1536E-01	2
39.127	-8.272	3.1417E-01	0
39.164	-9.225	4.0455E-01	0
39.162	-9.185	4.5343E-01	2
39.160	-9.146	4.1442E-01	0
39.158	-9.105	4.1382E-01	3
39.156	-9.068	3.7590E-01	0
39.154	-9.031	3.6563E-01	3
39.152	-8.993	3.4815E-01	0
39.150	-8.956	3.4843E-01	3
39.148	-8.919	3.5849E-01	0
39.146	-8.881	3.6143E-01	3
39.144	-8.844	3.5636E-01	0
39.142	-8.807	3.5399E-01	2
39.140	-8.771	3.3999E-01	0
39.138	-8.735	3.2603E-01	2
39.136	-8.698	3.3847E-01	0
39.134	-8.662	3.9519E-01	2
39.132	-8.625	3.6480E-01	0
39.130	-8.589	3.2483E-01	2
39.128	-8.554	3.2277E-01	0
39.126	-8.518	3.4178E-01	2
39.124	-8.483	3.2077E-01	0
39.122	-8.447	3.4108E-01	3
39.120	-8.412	3.3177E-01	0
39.118	-8.377	3.3806E-01	3
39.116	-8.342	3.3087E-01	0
39.114	-8.308	3.1547E-01	3
39.112	-8.274	3.0708E-01	0
39.148	-9.226	4.0975E-01	0
39.146	-9.187	4.2627E-01	2
39.144	-9.146	4.6697E-01	0
39.142	-9.107	3.8075E-01	2
39.140	-9.070	3.9249E-01	0
39.138	-9.032	3.7390E-01	2
39.136	-8.995	3.5388E-01	0
39.134	-8.957	3.5170E-01	2
39.132	-8.920	3.5729E-01	0
39.131	-8.882	3.6393E-01	2
39.129	-8.845	3.5849E-01	0
39.127	-8.809	3.4414E-01	2
39.125	-8.772	3.3715E-01	0
39.123	-8.736	3.3626E-01	2
39.121	-8.699	3.5082E-01	0
39.119	-8.663	3.7142E-01	2
39.117	-8.627	3.4494E-01	0
39.115	-8.591	3.2044E-01	2
39.113	-8.555	3.5345E-01	0
39.111	-8.519	3.4673E-01	2
39.109	-8.484	3.3329E-01	0
39.107	-8.448	3.3391E-01	2
39.105	-8.413	3.3597E-01	0
39.103	-8.378	3.4691E-01	2
39.101	-8.344	3.3884E-01	0
39.099	-8.310	3.1472E-01	2
39.097	-8.275	3.0614E-01	0
39.132	-9.227	4.0424E-01	0
39.130	-9.188	4.7173E-01	2
39.128	-9.146	4.2475E-01	0
39.127	-9.109	3.8368E-01	3
39.125	-9.071	3.6972E-01	0
39.123	-9.033	3.6267E-01	2
39.121	-8.996	3.4350E-01	0
39.119	-8.959	3.3577E-01	2
39.117	-8.921	3.4380E-01	0
39.115	-8.883	3.5559E-01	2
39.113	-8.846	3.4875E-01	0
39.111	-8.810	3.5017E-01	2
39.109	-8.774	3.1920E-01	0
39.108	-8.737	3.2044E-01	2
39.106	-8.701	2.8945E-01	0
39.104	-8.664	2.6364E-01	2
39.102	-8.628	3.1100E-01	0
39.100	-8.592	3.4667E-01	3
39.098	-8.556	3.5587E-01	0
39.096	-8.520	3.4409E-01	2
39.094	-8.485	3.4841E-01	0
39.092	-8.449	3.5066E-01	3
39.090	-8.414	3.3975E-01	0
39.088	-8.379	3.1423E-01	3
39.086	-8.345	3.1135E-01	0
39.084	-8.311	3.1742E-01	3
39.082	-8.276	3.2925E-01	0
39.117	-9.228	4.1097E-01	0
39.115	-9.187	4.1514E-01	2
39.113	-9.147	4.4365E-01	0
39.111	-9.111	3.9009E-01	3
39.109	-9.073	3.8217E-01	0
39.107	-9.034	3.6901E-01	3
39.106	-8.997	3.3117E-01	0
39.104	-8.960	3.4591E-01	3
39.102	-8.922	3.3743E-01	0
39.100	-8.885	3.4321E-01	3
39.098	-8.848	3.2800E-01	0
39.096	-8.811	3.1221E-01	2
39.094	-8.775	2.9834E-01	0
39.092	-8.738	3.1120E-01	2
39.090	-8.702	3.3977E-01	0
39.089	-8.665	3.3801E-01	2
39.087	-8.629	3.2898E-01	0
39.085	-8.593	3.2659E-01	2
39.083	-8.557	3.3886E-01	0
39.081	-8.522	3.3460E-01	3
39.079	-8.486	3.3209E-01	0
39.077	-8.451	3.4579E-01	2
39.075	-8.416	3.2412E-01	0
39.073	-8.381	3.1197E-01	2
39.071	-8.347	3.1691E-01	0
39.069	-8.312	3.1912E-01	2
39.068	-8.278	3.1348E-01	0
39.101	-9.229	4.5050E-01	0
39.099	-9.188	4.6112E-01	2
39.097	-9.149	4.0497E-01	0
39.096	-9.112	3.8342E-01	2
39.094	-9.074	3.7424E-01	0
39.092	-9.035	3.7372E-01	2
39.090	-8.998	3.6318E-01	0
39.088	-8.962	3.4720E-01	2
39.086	-8.923	3.4122E-01	0
39.085	-8.886	3.6356E-01	2
39.083	-8.849	3.1477E-01	0
39.081	-8.813	2.5669E-01	3
39.079	-8.776	3.0486E-01	0
39.077	-8.739	3.1454E-01	2
39.075	-8.703	3.6272E-01	0
39.073	-8.666	3.4418E-01	2
39.072	-8.630	3.4401E-01	0
39.070	-8.594	3.3646E-01	3
39.068	-8.559	3.4200E-01	0
39.066	-8.523	3.3612E-01	3
39.064	-8.488	3.3009E-01	0
39.062	-8.452	3.2705E-01	3
39.060	-8.417	3.2446E-01	0
39.058	-8.382	3.2754E-01	2
39.057	-8.348	3.0886E-01	0
39.055	-8.313	3.2169E-01	3
39.053	-8.279	3.2031E-01	0
39.153	-9.232	4.0436E-01	0
39.151	-9.192	4.2821E-01	2
39.149	-9.153	4.7145E-01	0
39.146	-9.113	3.8379E-01	2
39.144	-9.076	3.9624E-01	0
39.142	-9.038	3.6624E-01	2
39.140	-9.000	3.5931E-01	0
39.138	-8.963	3.5408E-01	2
39.136	-8.926	3.5967E-01	0
39.133	-8.888	3.6181E-01	2
39.131	-8.851	3.6349E-01	0
39.129	-8.814	3.4865E-01	2
39.127	-8.778	3.4688E-01	0
39.125	-8.742	3.3823E-01	2
39.123	-8.705	3.4987E-01	0
39.120	-8.669	3.8796E-01	2
39.118	-8.633	3.5569E-01	0
39.116	-8.597	3.1927E-01	2
39.114	-8.561	3.5061E-01	0
39.112	-8.525	3.5830E-01	2
39.110	-8.490	3.3257E-01	0
39.107	-8.454	3.3705E-01	2
39.105	-8.419	3.3439E-01	0
39.103	-8.384	3.4951E-01	2
39.101	-8.350	3.4296E-01	0
39.099	-8.316	3.2205E-01	2
39.097	-8.281	3.1153E-01	0
39.137	-9.233	4.0706E-01	0
39.135	-9.194	4.3573E-01	2
39.133	-9.152	4.2858E-01	0
39.131	-9.114	3.8793E-01	2
39.129	-9.077	3.7571E-01	0
39.127	-9.039	3.7041E-01	3
39.125	-9.001	3.5616E-01	0
39.122	-8.965	3.3945E-01	2
39.120	-8.927	3.4550E-01	0
39.118	-8.889	3.5916E-01	3
39.116	-8.852	3.5470E-01	0
39.114	-8.816	3.5089E-01	3
39.112	-8.779	3.2337E-01	0
39.110	-8.743	3.2059E-01	3
39.108	-8.707	2.9059E-01	0
39.105	-8.670	2.6458E-01	3
39.103	-8.634	3.0060E-01	0
39.101	-8.598	3.4685E-01	3
39.099	-8.562	3.5636E-01	0
39.097	-8.526	3.4549E-01	3
39.095	-8.491	3.4663E-01	0
39.092	-8.455	3.5130E-01	3
39.090	-8.420	3.4629E-01	0
39.088	-8.385	3.1616E-01	2
39.086	-8.351	3.1346E-01	0
39.084	-8.317	3.1489E-01	3
39.082	-8.283	3.2540E-01	0
39.122	-9.234	4.0892E-01	0
39.120	-9.194	4.3481E-01	2
39.117	-9.153	4.5546E-01	0
39.115	-9.116	3.9560E-01	2
39.113	-9.078	3.8183E-01	0
39.111	-9.040	3.6863E-01	2
39.109	-9.002	3.2487E-01	0
39.107	-8.966	3.4511E-01	2
39.105	-8.928	3.3417E-01	0
39.103	-8.890	3.4529E-01	2
39.101	-8.854	3.3398E-01	0
39.099	-8.817	3.2384E-01	2
39.097	-8.781	2.9800E-01	0
39.095	-8.744	3.1082E-01	2
39.092	-8.708	3.3579E-01	0
39.090	-8.671	3.3543E-01	2
39.088	-8.635	3.3129E-01	0
39.086	-8.599	3.2432E-01	2
39.084	-8.563	3.4007E-01	0
39.082	-8.527	3.3914E-01	2
39.080	-8.492	3.3364E-01	0
39.078	-8.457	3.4492E-01	2
39.075	-8.422	3.3130E-01	0
39.073	-8.387	3.1178E-01	2
39.071	-8.353	3.1781E-01	0
39.069	-8.318	3.1885E-01	2
39.067	-8.284	3.1408E-01	0
39.106	-9.235	4.3421E-01	0
39.104	-9.194	4.5631E-01	2
39.102	-9.154	4.0372E-01	0
39.100	-9.117	3.9249E-01	2
39.098	-9.080	3.7318E-01	0
39.096	-9.041	3.7007E-01	2
39.094	-9.003	3.6341E-01	0
39.092	-8.967	3.4317E-01	3
39.090	-8.929	3.4281E-01	0
39.088	-8.892	3.5890E-01	2
39.086	-8.855	3.2572E-01	0
39.083	-8.819	2.6151E-01	2
39.081	-8.782	2.9709E-01	0
39.079	-8.745	3.0845E-01	2
39.077	-8.709	3.5730E-01	0
39.075	-8.672	3.4543E-01	2
39.073	-8.636	3.4534E-01	0
39.071	-8.600	3.3525E-01	3
39.069	-8.565	3.3939E-01	0
39.067	-8.529	3.3453E-01	3
39.065	-8.494	3.2956E-01	0
39.063	-8.458	3.2436E-01	3
39.061	-8.423	3.2537E-01	0
39.058	-8.388	3.2603E-01	2
39.056	-8.354	3.0939E-01	0
39.054	-8.319	3.1928E-01	3
39.052	-8.285	3.1397E-01	0
39.050	-8.252	3.3627E-01	3
39.090	-9.236	4.2897E-01	0
39.088	-9.196	4.1837E-01	2
39.086	-9.157	4.1378E-01	0
39.084	-9.118	4.1621E-01	2
39.082	-9.080	3.6563E-01	0
39.080	-9.042	3.7949E-01	2
39.078	-9.004	3.6725E-01	0
39.076	-8.968	3.5436E-01	2
39.074	-8.931	3.3516E-01	0
39.072	-8.893	3.4761E-01	2
39.070	-8.857	3.0857E-01	0
39.068	-8.820	2.7688E-01	2
39.066	-8.783	3.2024E-01	0
39.064	-8.746	3.3503E-01	2
39.062	-8.710	3.6930E-01	0
39.060	-8.673	3.4820E-01	2
39.058	-8.637	3.3085E-01	0
39.056	-8.601	3.2266E-01	2
39.054	-8.566	3.3376E-01	0
39.052	-8.530	3.4081E-01	2
39.050	-8.495	3.2900E-01	0
39.048	-8.459	3.3832E-01	2
39.046	-8.424	3.1642E-01	0
39.044	-8.390	3.1210E-01	2
39.042	-8.355	3.1793E-01	0
39.040	-8.321	3.2272E-01	2
39.038	-8.287	3.2379E-01	0
39.036	-8.253	3.2513E-01	2
39.075	-9.237	4.6516E-01	0
39.073	-9.198	4.2592E-01	2
39.071	-9.158	3.9616E-01	0
39.069	-9.119	4.1719E-01	2
39.067	-9.081	3.8779E-01	0
39.065	-9.043	3.7991E-01	2
39.063	-9.006	3.4514E-01	0
39.061	-8.970	3.5157E-01	2
39.059	-8.932	3.2023E-01	0
39.057	-8.895	3.1870E-01	2
39.055	-8.858	2.7354E-01	0
39.053	-8.821	3.1246E-01	3
39.051	-8.784	2.9022E-01	0
39.049	-8.748	3.3874E-01	3
39.047	-8.711	3.5617E-01	0
39.045	-8.675	3.3507E-01	3
39.043	-8.638	3.2495E-01	0
39.041	-8.602	2.9767E-01	3
39.039	-8.566	3.3108E-01	0
39.037	-8.531	3.2411E-01	3
39.035	-8.496	3.2092E-01	0
39.033	-8.460	3.2558E-01	3
39.031	-8.426	3.0917E-01	0
39.029	-8.391	3.1645E-01	3
39.027	-8.357	3.1413E-01	0
39.025	-8.322	3.2714E-01	3
39.023	-8.289	3.4434E-01	0
39.021	-8.255	3.3899E-01	3
39.059	-9.237	4.6610E-01	0
39.057	-9.199	4.2729E-01	2
39.055	-9.160	3.9176E-01	0
39.053	-9.120	3.9659E-01	2
39.051	-9.081	3.8790E-01	0
39.049	-9.043	3.6735E-01	2
39.047	-9.007	3.4579E-01	0
39.046	-8.971	3.5414E-01	2
39.044	-8.933	3.2354E-01	0
39.042	-8.896	2.3733E-01	2
39.040	-8.859	3.1115E-01	0
39.038	-8.822	3.3133E-01	2
39.036	-8.785	3.4001E-01	0
39.034	-8.749	3.2266E-01	2
39.032	-8.712	3.3453E-01	0
39.030	-8.676	3.4215E-01	2
39.028	-8.639	3.2345E-01	0
39.026	-8.603	3.2127E-01	2
39.024	-8.568	3.3071E-01	0
39.022	-8.532	3.0918E-01	2
39.020	-8.497	3.1167E-01	0
39.018	-8.462	3.2389E-01	2
39.016	-8.427	3.2437E-01	0
39.014	-8.393	3.2563E-01	2
39.012	-8.359	3.1643E-01	0
39.010	-8.325	3.2171E-01	2
39.008	-8.290	3.4951E-01	0
39.006	-8.256	3.2088E-01	2
39.043	-9.238	4.6337E-01	0
39.042	-9.199	4.6263E-01	2
39.040	-9.160	4.5768E-01	0
39.038	-9.120	3.8790E-01	2
39.036	-9.082	3.7914E-01	0
39.034	-9.045	3.7794E-01	2
39.032	-9.008	3.5224E-01	0
39.030	-8.972	3.3231E-01	2
39.028	-8.935	2.5852E-01	0
39.026	-8.897	2.0456E-01	2
39.024	-8.860	2.3813E-01	0
39.023	-8.823	2.6006E-01	3
39.021	-8.787	3.1954E-01	0
39.019	-8.750	3.5261E-01	3
39.017	-8.714	3.1633E-01	0
39.015	-8.677	3.3236E-01	3
39.013	-8.641	3.1638E-01	0
39.011	-8.605	3.3157E-01	3
39.009	-8.569	3.3967E-01	0
39.007	-8.534	3.2801E-01	3
39.005	-8.498	3.3256E-01	0
39.003	-8.464	3.3633E-01	3
39.001	-8.429	3.3207E-01	0
38.999	-8.395	3.2420E-01	3
38.997	-8.360	3.3593E-01	0
38.995	-8.326	3.5410E-01	3
38.993	-8.292	3.7223E-01	0
38.991	-8.258	3.5251E-01	3
39.028	-9.240	4.1681E-01	0
39.026	-9.199	4.1279E-01	2
39.024	-9.160	4.1078E-01	0
39.022	-9.121	4.1355E-01	2
39.020	-9.083	3.8373E-01	0
39.018	-9.046	3.7820E-01	2
39.017	-9.009	3.5232E-01	0
39.015	-8.973	3.3441E-01	2
39.013	-8.936	2.4313E-01	0
39.011	-8.899	2.7451E-01	2
39.009	-8.862	3.0564E-01	0
39.007	-8.825	2.4685E-01	2
39.005	-8.788	3.5051E-01	0
39.003	-8.751	3.5882E-01	2
39.002	-8.715	3.4173E-01	0
39.000	-8.678	3.1564E-01	2
38.998	-8.642	3.4740E-01	0
38.996	-8.606	3.5214E-01	2
38.994	-8.571	3.3416E-01	0
38.992	-8.535	3.3278E-01	2
38.990	-8.500	3.2796E-01	0
38.988	-8.466	3.3946E-01	2
38.986	-8.431	3.2842E-01	0
38.984	-8.396	3.2556E-01	2
38.982	-8.361	3.2676E-01	0
38.981	-8.326	3.3644E-01	2
38.979	-8.292	3.3133E-01	0
38.977	-8.258	3.2097E-01	2
39.012	-9.241	4.6552E-01	0
39.010	-9.201	4.2824E-01	3
39.008	-9.161	4.4011E-01	0
39.007	-9.123	4.0114E-01	3
39.005	-9.086	3.8760E-01	0
39.003	-9.048	3.7783E-01	3
39.001	-9.011	3.5301E-01	0
38.999	-8.974	3.2364E-01	2
38.998	-8.937	2.4720E-01	0
38.996	-8.900	2.9021E-01	2
38.994	-8.863	2.7341E-01	0
38.992	-8.826	2.5880E-01	3
38.990	-8.789	2.9445E-01	0
38.988	-8.752	3.5996E-01	3
38.986	-8.716	3.6879E-01	0
38.985	-8.680	3.4058E-01	3
38.983	-8.643	3.3179E-01	0
38.981	-8.608	3.3025E-01	3
38.979	-8.572	3.3375E-01	0
38.977	-8.536	3.4159E-01	3
38.975	-8.502	3.2827E-01	0
38.973	-8.467	3.4816E-01	3
38.971	-8.432	3.3979E-01	0
38.970	-8.397	3.3059E-01	3
38.968	-8.362	3.2574E-01	0
38.966	-8.328	3.2316E-01	3
38.964	-8.293	3.3314E-01	0
38.962	-8.259	3.5052E-01	3
39.064	-9.245	4.5714E-01	0
39.062	-9.206	4.5432E-01	2
39.060	-9.167	4.0015E-01	0
39.058	-9.128	3.9962E-01	2
39.056	-9.089	4.0209E-01	0
39.053	-9.051	3.7281E-01	2
39.051	-9.014	3.5042E-01	0
39.049	-8.978	3.6169E-01	2
39.047	-8.941	3.3744E-01	0
39.045	-8.904	2.6005E-01	2
39.043	-8.867	2.8653E-01	0
39.041	-8.830	3.3659E-01	2
39.038	-8.793	3.3888E-01	0
39.036	-8.756	3.1755E-01	2
39.034	-8.720	3.4270E-01	0
39.032	-8.683	3.4945E-01	2
39.030	-8.647	3.3596E-01	0
39.027	-8.611	3.1791E-01	2
39.025	-8.575	3.3143E-01	0
39.023	-8.540	3.1852E-01	2
39.021	-8.504	3.1276E-01	0
39.019	-8.469	3.2661E-01	2
39.017	-8.435	3.2462E-01	0
39.014	-8.400	3.3118E-01	2
39.012	-8.366	3.2304E-01	0
39.010	-8.332	3.1707E-01	2
39.008	-8.298	3.5366E-01	0
39.006	-8.264	3.3005E-01	2
39.049	-9.246	4.5672E-01	0
39.047	-9.206	4.6825E-01	3
39.044	-9.168	4.5917E-01	0
39.042	-9.128	3.9484E-01	3
39.040	-9.089	3.9280E-01	0
39.038	-9.052	3.8264E-01	3
39.036	-9.015	3.5747E-01	0
39.034	-8.979	3.3948E-01	3
39.032	-8.942	2.9314E-01	0
39.030	-8.905	1.9770E-01	3
39.027	-8.868	2.2992E-01	0
39.025	-8.831	2.5816E-01	3
39.023	-8.794	3.0814E-01	0
39.021	-8.757	3.5851E-01	3
39.019	-8.721	3.1281E-01	0
39.017	-8.685	3.3066E-01	3
39.015	-8.648	3.1244E-01	0
39.012	-8.612	3.2850E-01	3
39.010	-8.576	3.3937E-01	0
39.008	-8.541	3.3652E-01	3
39.006	-8.506	3.2860E-01	0
39.004	-8.471	3.3867E-01	3
39.002	-8.437	3.3200E-01	0
39.000	-8.402	3.2994E-01	3
38.997	-8.368	3.3022E-01	0
38.995	-8.333	3.5342E-01	3
38.993	-8.299	3.7657E-01	0
38.991	-8.265	3.5477E-01	3
39.033	-9.247	4.2163E-01	0
39.031	-9.206	4.3002E-01	2
39.029	-9.168	4.1161E-01	0
39.027	-9.128	4.2117E-01	2
39.025	-9.090	3.7892E-01	0
39.022	-9.052	3.8321E-01	2
39.020	-9.016	3.5801E-01	0
39.018	-8.980	3.3872E-01	2
39.016	-8.943	2.5390E-01	0
39.014	-8.906	2.6224E-01	2
39.012	-8.869	3.0976E-01	0
39.010	-8.832	2.6390E-01	2
39.008	-8.795	3.4256E-01	0
39.006	-8.758	3.6052E-01	2
39.004	-8.722	3.4907E-01	0
39.002	-8.686	3.2809E-01	2
38.999	-8.649	3.5470E-01	0
38.997	-8.613	3.4998E-01	2
38.995	-8.578	3.3888E-01	0
38.993	-8.542	3.2885E-01	2
38.991	-8.507	3.2910E-01	0
38.989	-8.473	3.3788E-01	2
38.987	-8.438	3.3529E-01	0
38.985	-8.403	3.2711E-01	2
38.983	-8.369	3.2706E-01	0
38.980	-8.334	3.3214E-01	2
38.978	-8.300	3.3993E-01	0
38.976	-8.266	3.1577E-01	2
39.017	-9.247	4.7836E-01	0
39.015	-9.207	4.2505E-01	3
39.013	-9.169	4.4956E-01	0
39.011	-9.129	4.0865E-01	3
39.009	-9.092	3.9158E-01	0
39.007	-9.055	3.7969E-01	3
39.005	-9.018	3.5536E-01	0
39.003	-8.981	3.3877E-01	3
39.001	-8.944	2.5463E-01	0
38.999	-8.907	2.8368E-01	3
38.997	-8.870	2.8917E-01	0
38.995	-8.833	2.5225E-01	3
38.993	-8.796	2.8510E-01	0
38.991	-8.760	3.5481E-01	3
38.989	-8.723	3.6398E-01	0
38.987	-8.687	3.1769E-01	3
38.984	-8.651	3.3518E-01	0
38.982	-8.615	3.2832E-01	3
38.980	-8.579	3.3215E-01	0
38.978	-8.544	3.4129E-01	3
38.976	-8.509	3.3408E-01	0
38.974	-8.474	3.4057E-01	3
38.972	-8.439	3.4379E-01	0
38.970	-8.404	3.3067E-01	3
38.968	-8.370	3.2589E-01	0
38.966	-8.335	3.2437E-01	3
38.964	-8.301	3.2993E-01	0
38.962	-8.266	3.5184E-01	3
39.002	-9.249	4.3078E-01	0
39.000	-9.209	3.9613E-01	2
38.998	-9.169	4.4751E-01	0
38.996	-9.131	4.1499E-01	2
38.994	-9.094	3.9098E-01	0
38.992	-9.057	3.6828E-01	2
38.990	-9.019	3.6472E-01	0
38.988	-8.982	3.3506E-01	2
38.986	-8.946	2.5758E-01	0
38.984	-8.908	2.6460E-01	2
38.982	-8.871	2.5839E-01	0
38.980	-8.834	2.9488E-01	2
38.978	-8.798	2.9548E-01	0
38.976	-8.761	2.6534E-01	2
38.973	-8.724	3.4075E-01	0
38.971	-8.688	3.8703E-01	2
38.969	-8.652	3.2910E-01	0
38.967	-8.616	3.3529E-01	2
38.965	-8.581	3.2589E-01	0
38.963	-8.545	3.3147E-01	2
38.961	-8.511	3.3677E-01	0
38.959	-8.476	3.8190E-01	2
38.957	-8.440	3.6170E-01	0
38.955	-8.405	3.3279E-01	2
38.953	-8.371	3.2050E-01	0
38.951	-8.336	3.2611E-01	2
38.949	-8.302	3.2896E-01	0
38.947	-8.268	3.5101E-01	2
38.984	-9.210	4.0858E-01	3
38.982	-9.169	4.1670E-01	0
38.980	-9.131	4.0535E-01	3
38.978	-9.094	3.8908E-01	0
38.976	-9.057	3.7025E-01	3
38.974	-9.019	3.7500E-01	0
38.972	-8.983	3.3340E-01	3
38.970	-8.947	2.1050E-01	0
38.968	-8.909	2.4105E-01	3
38.966	-8.872	2.5953E-01	0
38.964	-8.835	3.0864E-01	3
38.962	-8.799	3.3183E-01	0
38.960	-8.762	2.9253E-01	3
38.958	-8.726	2.8723E-01	0
38.956	-8.690	2.9031E-01	3
38.954	-8.654	3.0804E-01	0
38.952	-8.618	3.3570E-01	3
38.950	-8.582	3.5016E-01	0
38.948	-8.547	3.1548E-01	3
38.946	-8.512	3.1177E-01	0
38.944	-8.477	3.5028E-01	3
38.942	-8.442	3.7277E-01	0
38.940	-8.407	3.4635E-01	3
38.938	-8.372	3.3851E-01	0
38.936	-8.337	3.6872E-01	3
38.934	-8.303	3.4288E-01	0
38.932	-8.269	3.4189E-01	3
38.968	-9.211	4.2288E-01	2
38.966	-9.171	3.9583E-01	0
38.965	-9.132	4.2864E-01	2
38.963	-9.093	4.2011E-01	0
38.961	-9.057	3.6816E-01	2
38.959	-9.020	3.6450E-01	0
38.957	-8.985	2.7258E-01	2
38.955	-8.948	2.2033E-01	0
38.953	-8.911	2.4071E-01	2
38.951	-8.874	2.5549E-01	0
38.949	-8.837	2.6083E-01	3
38.947	-8.800	3.3558E-01	0
38.945	-8.763	3.0805E-01	2
38.943	-8.727	3.5438E-01	0
38.941	-8.691	3.1797E-01	2
38.939	-8.655	2.6244E-01	0
38.937	-8.619	2.3341E-01	2
38.935	-8.584	2.3873E-01	0
38.933	-8.548	2.8337E-01	2
38.931	-8.513	3.3557E-01	0
38.929	-8.478	3.1848E-01	2
38.927	-8.443	3.5007E-01	0
38.925	-8.408	3.6331E-01	2
38.923	-8.374	3.4456E-01	0
38.921	-8.339	3.5092E-01	2
38.919	-8.305	3.5791E-01	0
38.917	-8.271	3.3468E-01	2
38.953	-9.211	4.0554E-01	3
38.951	-9.173	4.0251E-01	0
38.949	-9.134	3.9686E-01	3
38.947	-9.095	3.8928E-01	0
38.945	-9.058	3.9368E-01	2
38.943	-9.022	3.5787E-01	0
38.942	-8.986	2.4410E-01	3
38.940	-8.949	2.2158E-01	0
38.938	-8.912	2.4633E-01	3
38.936	-8.875	2.8659E-01	0
38.934	-8.838	2.9430E-01	3
38.932	-8.801	3.5133E-01	0
38.930	-8.764	3.3056E-01	3
38.928	-8.728	3.5764E-01	0
38.926	-8.691	3.6144E-01	3
38.924	-8.656	3.4167E-01	0
38.922	-8.620	3.2207E-01	3
38.920	-8.585	3.2844E-01	0
38.918	-8.549	3.3356E-01	3
38.916	-8.514	3.3025E-01	0
38.914	-8.479	3.0697E-01	3
38.912	-8.444	3.2191E-01	0
38.911	-8.409	3.2589E-01	3
38.909	-8.375	3.2403E-01	0
38.907	-8.340	3.5397E-01	3
38.905	-8.306	3.5856E-01	0
38.903	-8.272	3.4386E-01	3
38.937	-9.213	4.1605E-01	3
38.935	-9.175	4.0600E-01	0
38.934	-9.136	3.9948E-01	3
38.932	-9.097	3.8094E-01	0
38.930	-9.060	3.7692E-01	3
38.928	-9.024	3.1365E-01	0
38.926	-8.988	1.9874E-01	3
38.924	-8.950	2.1240E-01	0
38.922	-8.913	2.5150E-01	3
38.921	-8.876	3.2510E-01	0
38.919	-8.839	3.0298E-01	3
38.917	-8.802	3.4785E-01	0
38.915	-8.765	3.3568E-01	3
38.913	-8.729	3.3298E-01	0
38.911	-8.693	3.3719E-01	2
38.909	-8.657	3.4519E-01	0
38.907	-8.621	3.3435E-01	2
38.905	-8.585	3.2716E-01	0
38.903	-8.550	3.2359E-01	2
38.901	-8.515	3.1459E-01	0
38.900	-8.480	2.8567E-01	2
38.898	-8.445	3.1304E-01	0
38.896	-8.410	3.3326E-01	2
38.894	-8.376	3.1619E-01	0
38.892	-8.341	3.3764E-01	2
38.890	-8.307	3.4316E-01	0
38.888	-8.273	3.5446E-01	2
38.922	-9.214	4.6394E-01	3
38.920	-9.176	4.0934E-01	0
38.918	-9.138	3.7513E-01	3
38.916	-9.099	3.9463E-01	0
38.914	-9.061	3.5256E-01	2
38.913	-9.026	2.9046E-01	0
38.911	-8.989	2.0130E-01	3
38.909	-8.952	1.8352E-01	0
38.907	-8.914	2.1673E-01	3
38.905	-8.877	3.4472E-01	0
38.903	-8.840	3.4004E-01	3
38.902	-8.804	2.9979E-01	0
38.900	-8.767	3.2668E-01	3
38.898	-8.730	3.2696E-01	0
38.896	-8.694	3.4317E-01	3
38.894	-8.658	3.4402E-01	0
38.892	-8.622	3.1920E-01	3
38.890	-8.586	3.1847E-01	0
38.888	-8.551	3.3202E-01	3
38.886	-8.516	3.2981E-01	0
38.885	-8.481	3.3595E-01	3
38.883	-8.446	3.3604E-01	0
38.881	-8.411	3.3772E-01	3
38.879	-8.377	3.2842E-01	0
38.877	-8.342	3.2418E-01	3
38.875	-8.309	3.4253E-01	0
38.873	-8.275	3.4092E-01	3
38.973	-9.217	4.3837E-01	2
38.971	-9.176	4.0524E-01	0
38.969	-9.138	4.3012E-01	2
38.967	-9.099	4.2117E-01	0
38.964	-9.063	3.7650E-01	2
38.962	-9.026	3.7678E-01	0
38.960	-8.990	3.1358E-01	2
38.958	-8.954	2.2325E-01	0
38.956	-8.916	2.2905E-01	2
38.954	-8.879	2.6132E-01	0
38.952	-8.842	2.5799E-01	2
38.949	-8.805	3.3724E-01	0
38.947	-8.769	2.9950E-01	2
38.945	-8.732	3.5010E-01	0
38.943	-8.696	3.2516E-01	2
38.941	-8.661	2.6202E-01	0
38.939	-8.625	2.2505E-01	2
38.936	-8.590	2.4890E-01	0
38.934	-8.554	2.7162E-01	2
38.932	-8.519	3.3486E-01	0
38.930	-8.484	3.2215E-01	2
38.928	-8.448	3.4543E-01	0
38.925	-8.414	3.6372E-01	2
38.923	-8.379	3.5052E-01	0
38.921	-8.345	3.5574E-01	2
38.919	-8.311	3.5549E-01	0
38.917	-8.277	3.4102E-01	2
38.958	-9.217	4.0877E-01	2
38.955	-9.178	4.0118E-01	0
38.953	-9.139	3.9102E-01	2
38.951	-9.100	3.9739E-01	0
38.949	-9.064	3.9721E-01	2
38.947	-9.027	3.6666E-01	0
38.945	-8.991	2.6782E-01	2
38.943	-8.955	2.1609E-01	0
38.941	-8.917	2.3906E-01	3
38.938	-8.880	2.6595E-01	0
38.936	-8.843	2.8040E-01	3
38.934	-8.807	3.4527E-01	0
38.932	-8.770	3.3336E-01	3
38.930	-8.734	3.5245E-01	0
38.928	-8.697	3.6197E-01	3
38.926	-8.661	3.4462E-01	0
38.923	-8.626	3.2524E-01	3
38.921	-8.590	3.2156E-01	0
38.919	-8.555	3.3020E-01	3
38.917	-8.520	3.3399E-01	0
38.915	-8.485	3.1324E-01	3
38.913	-8.450	3.1904E-01	0
38.911	-8.415	3.2759E-01	3
38.908	-8.380	3.2328E-01	0
38.906	-8.346	3.4858E-01	3
38.904	-8.312	3.6248E-01	0
38.902	-8.278	3.4785E-01	3
38.942	-9.218	3.9719E-01	2
38.940	-9.180	4.1078E-01	0
38.938	-9.141	4.2045E-01	2
38.936	-9.102	3.8189E-01	0
38.934	-9.065	3.8231E-01	2
38.932	-9.028	3.3309E-01	0
38.930	-8.993	2.1621E-01	2
38.927	-8.956	2.2490E-01	0
38.925	-8.919	2.4741E-01	2
38.923	-8.881	3.1499E-01	0
38.921	-8.845	3.0778E-01	2
38.919	-8.808	3.4985E-01	0
38.917	-8.771	3.3924E-01	2
38.915	-8.735	3.3861E-01	0
38.913	-8.698	3.3810E-01	2
38.910	-8.662	3.4338E-01	0
38.908	-8.627	3.3360E-01	2
38.906	-8.591	3.2863E-01	0
38.904	-8.556	3.2680E-01	2
38.902	-8.521	3.1496E-01	0
38.900	-8.486	2.9054E-01	2
38.898	-8.451	3.0655E-01	0
38.896	-8.416	3.3209E-01	2
38.894	-8.381	3.1917E-01	0
38.891	-8.347	3.3232E-01	2
38.889	-8.313	3.4463E-01	0
38.887	-8.279	3.4809E-01	2
38.926	-9.219	4.5559E-01	3
38.924	-9.181	4.0869E-01	0
38.922	-9.143	3.7786E-01	3
38.920	-9.105	4.0627E-01	0
38.918	-9.066	3.5218E-01	2
38.916	-9.031	3.1452E-01	0
38.914	-8.994	1.9986E-01	2
38.912	-8.957	1.8768E-01	0
38.910	-8.920	2.0344E-01	2
38.908	-8.883	3.3733E-01	0
38.906	-8.846	3.3804E-01	3
38.904	-8.809	3.0070E-01	0
38.902	-8.772	3.1787E-01	3
38.900	-8.736	3.3151E-01	0
38.898	-8.700	3.4212E-01	3
38.895	-8.664	3.4829E-01	0
38.893	-8.628	3.2140E-01	3
38.891	-8.592	3.1616E-01	0
38.889	-8.557	3.2907E-01	3
38.887	-8.522	3.2546E-01	0
38.885	-8.487	3.2987E-01	3
38.883	-8.452	3.4246E-01	0
38.881	-8.417	3.3017E-01	3
38.879	-8.382	3.3219E-01	0
38.877	-8.348	3.2346E-01	3
38.875	-8.314	3.3875E-01	0
38.873	-8.280	3.3813E-01	3
38.911	-9.220	4.5384E-01	2
38.909	-9.182	4.3422E-01	0
38.907	-9.145	3.8146E-01	2
38.905	-9.107	3.6487E-01	0
38.903	-9.068	3.5506E-01	2
38.901	-9.033	3.0047E-01	0
38.899	-8.996	2.0954E-01	2
38.897	-8.958	1.9446E-01	0
38.895	-8.921	2.1558E-01	2
38.893	-8.884	3.1868E-01	0
38.891	-8.847	3.1862E-01	2
38.889	-8.810	3.1486E-01	0
38.887	-8.774	3.2373E-01	2
38.884	-8.737	3.3968E-01	0
38.882	-8.701	3.4477E-01	2
38.880	-8.665	3.3624E-01	0
38.878	-8.629	3.3524E-01	2
38.876	-8.593	3.2328E-01	0
38.874	-8.558	3.2851E-01	2
38.872	-8.523	3.3359E-01	0
38.870	-8.488	3.4283E-01	2
38.868	-8.453	3.3616E-01	0
38.866	-8.418	3.3972E-01	2
38.864	-8.383	3.1197E-01	0
38.862	-8.349	3.2984E-01	2
38.860	-8.316	3.4133E-01	0
38.858	-8.282	3.5133E-01	2
38.895	-9.221	4.4587E-01	3
38.893	-9.182	4.5808E-01	0
38.891	-9.144	4.0316E-01	3
38.889	-9.106	3.8083E-01	0
38.887	-9.070	3.2213E-01	2
38.885	-9.034	2.4629E-01	0
38.883	-8.997	1.7385E-01	2
38.881	-8.959	2.4838E-01	0
38.879	-8.922	2.5062E-01	3
38.877	-8.885	2.8798E-01	0
38.875	-8.848	3.1102E-01	3
38.873	-8.811	3.2459E-01	0
38.871	-8.775	3.0785E-01	3
38.869	-8.738	3.2048E-01	0
38.867	-8.702	3.2976E-01	3
38.865	-8.666	3.2423E-01	0
38.863	-8.630	3.1332E-01	3
38.861	-8.595	3.2884E-01	0
38.859	-8.559	3.2935E-01	3
38.857	-8.524	3.3333E-01	0
38.855	-8.489	3.1730E-01	3
38.853	-8.454	3.5444E-01	0
38.851	-8.419	3.5581E-01	3
38.849	-8.385	3.1051E-01	0
38.847	-8.350	3.1955E-01	3
38.845	-8.317	3.4167E-01	0
38.843	-8.283	3.6869E-01	3
38.880	-9.222	4.5892E-01	2
38.878	-9.184	4.5519E-01	0
38.876	-9.147	4.4786E-01	2
38.874	-9.110	3.8246E-01	0
38.872	-9.072	3.2778E-01	2
38.870	-9.036	2.4171E-01	0
38.868	-8.998	2.5361E-01	2
38.866	-8.961	2.9236E-01	0
38.864	-8.923	2.8977E-01	2
38.862	-8.886	3.2755E-01	0
38.860	-8.849	3.2575E-01	2
38.858	-8.812	3.4211E-01	0
38.856	-8.776	3.1898E-01	2
38.854	-8.740	3.1355E-01	0
38.852	-8.704	3.2164E-01	2
38.850	-8.667	3.2253E-01	0
38.848	-8.631	3.1801E-01	2
38.846	-8.596	3.5249E-01	0
38.844	-8.560	3.3616E-01	2
38.842	-8.525	3.2393E-01	0
38.840	-8.490	3.3219E-01	2
38.838	-8.455	3.2363E-01	0
38.836	-8.421	3.4000E-01	2
38.834	-8.386	3.0941E-01	0
38.832	-8.351	3.3630E-01	2
38.830	-8.318	3.4303E-01	0
38.828	-8.284	3.5455E-01	2
38.826	-8.250	3.5558E-01	0
38.864	-9.224	4.1806E-01	3
38.862	-9.187	4.4385E-01	0
38.860	-9.150	5.1490E-01	2
38.858	-9.112	4.3413E-01	0
38.856	-9.074	2.8488E-01	2
38.855	-9.037	1.3602E-01	0
38.853	-8.999	1.3541E-01	3
38.851	-8.962	2.8240E-01	0
38.849	-8.924	3.1094E-01	3
38.847	-8.887	3.2956E-01	0
38.845	-8.850	3.1035E-01	3
38.843	-8.814	3.2377E-01	0
38.841	-8.777	2.7329E-01	3
38.839	-8.741	3.0941E-01	0
38.837	-8.705	3.3718E-01	3
38.835	-8.669	3.1512E-01	0
38.833	-8.632	3.3253E-01	3
38.831	-8.597	3.3591E-01	0
38.829	-8.561	3.4738E-01	3
38.827	-8.526	3.3882E-01	0
38.825	-8.491	3.2597E-01	3
38.823	-8.456	3.3972E-01	0
38.821	-8.421	3.0400E-01	3
38.820	-8.387	3.2652E-01	0
38.818	-8.352	3.4068E-01	3
38.816	-8.319	3.4983E-01	0
38.814	-8.285	3.7231E-01	3
38.812	-8.251	3.5453E-01	0
38.848	-9.226	4.0224E-01	2
38.847	-9.189	3.7418E-01	0
38.845	-9.152	4.1836E-01	2
38.843	-9.113	4.0919E-01	0
38.841	-9.075	2.6003E-01	2
38.839	-9.038	1.0278E-01	0
38.837	-9.000	5.8370E-02	2
38.835	-8.963	1.9752E-01	0
38.833	-8.926	3.0823E-01	3
38.832	-8.889	3.5291E-01	0
38.830	-8.852	3.1418E-01	2
38.828	-8.815	3.4946E-01	0
38.826	-8.778	3.1067E-01	2
38.824	-8.742	3.2053E-01	0
38.822	-8.706	3.2716E-01	2
38.820	-8.670	3.4533E-01	0
38.818	-8.634	3.2260E-01	2
38.816	-8.598	3.2115E-01	0
38.814	-8.563	3.3711E-01	2
38.812	-8.528	3.4464E-01	0
38.811	-8.493	3.4571E-01	2
38.809	-8.458	3.3271E-01	0
38.807	-8.423	3.3435E-01	2
38.805	-8.388	3.3826E-01	0
38.803	-8.354	3.6249E-01	2
38.801	-8.319	3.5971E-01	0
38.799	-8.286	3.5147E-01	2
38.797	-8.252	3.5574E-01	0
38.833	-9.226	4.1954E-01	2
38.831	-9.190	4.0892E-01	0
38.829	-9.153	4.0392E-01	2
38.827	-9.114	3.6503E-01	0
38.826	-9.077	2.1086E-01	2
38.824	-9.039	5.4820E-02	0
38.822	-9.002	4.0486E-02	2
38.820	-8.964	1.2234E-01	0
38.818	-8.927	2.9271E-01	3
38.816	-8.890	3.5299E-01	0
38.814	-8.853	3.5104E-01	3
38.813	-8.816	3.3112E-01	0
38.811	-8.779	3.1390E-01	3
38.809	-8.743	3.1055E-01	0
38.807	-8.707	3.3027E-01	3
38.805	-8.671	3.4253E-01	0
38.803	-8.636	3.5748E-01	3
38.801	-8.600	3.4525E-01	0
38.799	-8.565	3.3477E-01	3
38.798	-8.529	3.4313E-01	0
38.796	-8.494	3.3209E-01	3
38.794	-8.459	3.2226E-01	0
38.792	-8.424	3.2922E-01	3
38.790	-8.390	3.2626E-01	0
38.788	-8.355	3.5801E-01	3
38.786	-8.321	3.4011E-01	0
38.784	-8.287	3.6632E-01	3
38.782	-8.253	3.6913E-01	0
38.885	-9.230	4.5452E-01	3
38.882	-9.191	4.5242E-01	0
38.880	-9.153	4.6883E-01	3
38.878	-9.116	3.8777E-01	0
38.876	-9.079	3.2838E-01	2
38.874	-9.043	2.6819E-01	0
38.872	-9.005	2.2467E-01	2
38.870	-8.968	2.8985E-01	0
38.867	-8.931	2.8712E-01	2
38.865	-8.894	3.1153E-01	0
38.863	-8.857	3.2896E-01	2
38.861	-8.820	3.4487E-01	0
38.859	-8.783	3.3524E-01	2
38.856	-8.747	3.0630E-01	0
38.854	-8.711	3.2878E-01	2
38.852	-8.675	3.2298E-01	0
38.850	-8.639	3.2127E-01	2
38.848	-8.603	3.4320E-01	0
38.845	-8.568	3.4586E-01	2
38.843	-8.532	3.2548E-01	0
38.841	-8.497	3.3261E-01	2
38.839	-8.463	3.2767E-01	0
38.837	-8.428	3.4230E-01	2
38.834	-8.393	3.1624E-01	0
38.832	-8.359	3.3200E-01	2
38.830	-8.325	3.4639E-01	0
38.828	-8.291	3.5756E-01	2
38.826	-8.258	3.5668E-01	0
38.869	-9.231	4.1772E-01	2
38.867	-9.193	4.6403E-01	0
38.865	-9.156	4.9992E-01	2
38.863	-9.119	4.5896E-01	0
38.861	-9.081	3.2854E-01	3
38.858	-9.044	1.9474E-01	0
38.856	-9.006	1.6486E-01	2
38.854	-8.969	2.8377E-01	0
38.852	-8.932	3.0909E-01	2
38.850	-8.895	3.3659E-01	0
38.848	-8.858	3.2344E-01	2
38.846	-8.821	3.2430E-01	0
38.843	-8.784	2.8585E-01	3
38.841	-8.748	3.0906E-01	0
38.839	-8.712	3.3831E-01	3
38.837	-8.676	3.1887E-01	0
38.835	-8.640	3.2357E-01	3
38.833	-8.604	3.4751E-01	0
38.830	-8.569	3.4839E-01	3
38.828	-8.534	3.4120E-01	0
38.826	-8.499	3.2977E-01	3
38.824	-8.464	3.4052E-01	0
38.822	-8.429	3.1381E-01	3
38.820	-8.394	3.2131E-01	0
38.818	-8.360	3.4260E-01	3
38.815	-8.326	3.5088E-01	0
38.813	-8.292	3.6251E-01	3
38.811	-8.258	3.7183E-01	0
38.853	-9.233	4.1802E-01	3
38.851	-9.196	4.0210E-01	0
38.849	-9.159	4.4153E-01	3
38.847	-9.120	4.4645E-01	0
38.845	-9.082	2.9425E-01	2
38.843	-9.045	1.2514E-01	0
38.841	-9.008	5.2271E-02	2
38.839	-8.970	1.9293E-01	0
38.837	-8.933	2.8327E-01	2
38.835	-8.896	3.5269E-01	0
38.832	-8.859	2.9920E-01	2
38.830	-8.822	3.4325E-01	0
38.828	-8.785	3.1884E-01	2
38.826	-8.749	3.1296E-01	0
38.824	-8.713	3.2312E-01	2
38.822	-8.677	3.4601E-01	0
38.820	-8.641	3.2796E-01	2
38.818	-8.606	3.1786E-01	0
38.815	-8.570	3.3582E-01	2
38.813	-8.535	3.4612E-01	0
38.811	-8.500	3.4118E-01	2
38.809	-8.465	3.3908E-01	0
38.807	-8.430	3.3156E-01	2
38.805	-8.396	3.3852E-01	0
38.803	-8.361	3.5502E-01	2
38.801	-8.327	3.7219E-01	0
38.799	-8.293	3.4947E-01	2
38.796	-8.259	3.5910E-01	0
38.838	-9.234	4.1745E-01	2
38.836	-9.197	3.8056E-01	0
38.834	-9.160	3.7230E-01	3
38.832	-9.122	3.6219E-01	0
38.830	-9.084	2.7030E-01	3
38.828	-9.046	8.7589E-02	0
38.826	-9.009	4.0905E-02	2
38.823	-8.971	1.1061E-01	0
38.821	-8.934	2.7987E-01	2
38.819	-8.897	3.5072E-01	0
38.817	-8.860	3.5266E-01	2
38.815	-8.823	3.3672E-01	0
38.813	-8.787	3.1638E-01	2
38.811	-8.750	3.0533E-01	0
38.809	-8.714	3.3749E-01	3
38.807	-8.679	3.3690E-01	0
38.805	-8.643	3.5661E-01	3
38.803	-8.607	3.4910E-01	0
38.801	-8.572	3.3564E-01	3
38.798	-8.537	3.4404E-01	0
38.796	-8.502	3.3152E-01	3
38.794	-8.467	3.2890E-01	0
38.792	-8.432	3.2613E-01	3
38.790	-8.397	3.2139E-01	0
38.788	-8.363	3.5645E-01	3
38.786	-8.329	3.3799E-01	0
38.784	-8.295	3.6387E-01	3
38.782	-8.261	3.7037E-01	0
38.822	-9.234	4.1571E-01	2
38.820	-9.196	4.0418E-01	0
38.818	-9.160	4.1252E-01	2
38.816	-9.122	3.6147E-01	0
38.814	-9.085	1.8025E-01	2
38.812	-9.048	4.5192E-02	0
38.810	-9.010	3.8216E-02	2
38.808	-8.973	6.1416E-02	0
38.806	-8.935	2.3030E-01	2
38.804	-8.898	3.2555E-01	0
38.802	-8.861	3.4132E-01	2
38.800	-8.824	3.3067E-01	0
38.798	-8.788	3.2335E-01	2
38.796	-8.752	3.2875E-01	0
38.794	-8.715	3.2744E-01	2
38.792	-8.679	3.4882E-01	0
38.790	-8.644	3.7244E-01	2
38.788	-8.608	3.2969E-01	0
38.786	-8.573	3.3050E-01	2
38.784	-8.538	3.3479E-01	0
38.781	-8.503	3.5014E-01	2
38.779	-8.468	3.6910E-01	0
38.777	-8.433	3.4632E-01	2
38.775	-8.399	3.4826E-01	0
38.773	-8.364	3.5733E-01	2
38.771	-8.330	3.5082E-01	0
38.769	-8.296	3.5713E-01	2
38.767	-8.262	3.4440E-01	0
38.807	-9.235	3.8051E-01	3
38.805	-9.198	3.9554E-01	0
38.803	-9.161	4.2867E-01	3
38.801	-9.123	3.5287E-01	0
38.799	-9.086	1.4503E-01	3
38.797	-9.049	3.7879E-02	0
38.795	-9.011	3.4804E-02	3
38.793	-8.974	4.9635E-02	0
38.791	-8.936	1.8612E-01	2
38.789	-8.899	3.0373E-01	0
38.787	-8.862	3.2661E-01	2
38.785	-8.825	3.5621E-01	0
38.783	-8.789	3.1678E-01	2
38.781	-8.753	3.0697E-01	0
38.779	-8.717	3.1641E-01	3
38.777	-8.681	3.5142E-01	0
38.775	-8.645	3.5533E-01	3
38.773	-8.609	3.5573E-01	0
38.771	-8.574	3.7413E-01	3
38.769	-8.538	3.3273E-01	0
38.767	-8.503	3.4573E-01	3
38.765	-8.469	3.4502E-01	0
38.763	-8.434	3.5195E-01	3
38.760	-8.400	3.5728E-01	0
38.758	-8.365	3.4561E-01	3
38.756	-8.331	3.2476E-01	0
38.754	-8.297	3.3018E-01	3
38.752	-8.263	3.4034E-01	0
38.791	-9.237	3.4809E-01	2
38.789	-9.200	3.6998E-01	0
38.787	-9.163	4.2579E-01	2
38.785	-9.124	3.4700E-01	0
38.783	-9.088	1.5704E-01	2
38.781	-9.050	3.6626E-02	0
38.779	-9.012	3.5632E-02	2
38.777	-8.975	4.9674E-02	0
38.775	-8.938	1.9027E-01	2
38.773	-8.900	3.0956E-01	0
38.772	-8.863	3.1908E-01	2
38.770	-8.827	3.2489E-01	0
38.768	-8.790	3.2120E-01	2
38.766	-8.754	3.1854E-01	0
38.764	-8.718	3.2647E-01	2
38.762	-8.682	3.4810E-01	0
38.760	-8.646	3.6051E-01	2
38.758	-8.611	3.7287E-01	0
38.756	-8.576	3.4623E-01	2
38.754	-8.540	3.6572E-01	0
38.752	-8.505	3.4464E-01	2
38.750	-8.470	3.4220E-01	0
38.748	-8.435	3.5093E-01	2
38.746	-8.401	3.4148E-01	0
38.744	-8.367	3.5903E-01	2
38.742	-8.332	3.6104E-01	0
38.740	-8.298	3.4477E-01	2
38.738	-8.264	3.5410E-01	0
38.775	-9.239	3.4832E-01	3
38.774	-9.202	3.7067E-01	0
38.772	-9.163	3.8417E-01	3
38.770	-9.125	3.1911E-01	0
38.768	-9.089	1.5180E-01	3
38.766	-9.051	3.6587E-02	0
38.764	-9.013	3.6161E-02	2
38.762	-8.976	6.5188E-02	0
38.760	-8.939	1.9748E-01	2
38.758	-8.902	3.0510E-01	0
38.756	-8.865	3.1731E-01	2
38.754	-8.828	3.2739E-01	0
38.752	-8.792	3.4692E-01	2
38.750	-8.755	3.1372E-01	0
38.748	-8.719	2.9960E-01	3
38.747	-8.683	3.6039E-01	0
38.745	-8.647	3.5696E-01	3
38.743	-8.612	3.6789E-01	0
38.741	-8.576	3.4566E-01	3
38.739	-8.542	3.9306E-01	0
38.737	-8.507	3.6649E-01	3
38.735	-8.472	3.5945E-01	0
38.733	-8.437	3.3441E-01	3
38.731	-8.402	3.4115E-01	0
38.729	-8.368	3.5877E-01	3
38.727	-8.333	3.6912E-01	0
38.725	-8.299	3.7286E-01	3
38.723	-8.265	3.7087E-01	0
38.760	-9.241	3.2971E-01	2
38.758	-9.203	3.2818E-01	0
38.756	-9.164	3.3285E-01	2
38.754	-9.127	3.2090E-01	0
38.752	-9.090	1.3164E-01	2
38.751	-9.052	3.6777E-02	0
38.749	-9.015	4.2974E-02	2
38.747	-8.977	1.7295E-01	0
38.745	-8.940	2.9622E-01	2
38.743	-8.903	2.5271E-01	0
38.741	-8.866	3.1376E-01	2
38.739	-8.829	3.3364E-01	0
38.737	-8.793	3.5801E-01	2
38.735	-8.756	3.5855E-01	0
38.733	-8.720	3.5086E-01	2
38.731	-8.684	3.3621E-01	0
38.730	-8.648	3.5055E-01	2
38.728	-8.613	3.6763E-01	0
38.726	-8.578	3.5658E-01	2
38.724	-8.543	3.4863E-01	0
38.722	-8.508	3.7506E-01	2
38.720	-8.473	3.3175E-01	0
38.718	-8.438	3.6822E-01	2
38.716	-8.404	3.4975E-01	0
38.714	-8.369	3.5395E-01	2
38.712	-8.335	3.6139E-01	0
38.710	-8.300	3.8764E-01	2
38.708	-8.266	3.7623E-01	0
38.744	-9.242	3.4890E-01	2
38.742	-9.204	3.6915E-01	0
38.741	-9.166	3.5765E-01	2
38.739	-9.128	2.9879E-01	0
38.737	-9.091	1.1516E-01	2
38.735	-9.053	3.5370E-02	0
38.733	-9.016	1.0234E-01	2
38.731	-8.978	2.9071E-01	0
38.730	-8.941	3.5012E-01	2
38.728	-8.904	3.1700E-01	0
38.726	-8.867	3.3903E-01	2
38.724	-8.830	3.4098E-01	0
38.722	-8.794	3.5771E-01	2
38.720	-8.758	3.5444E-01	0
38.718	-8.721	3.6186E-01	3
38.716	-8.685	3.4494E-01	0
38.714	-8.650	3.4968E-01	3
38.713	-8.614	3.6136E-01	0
38.711	-8.579	3.7735E-01	3
38.709	-8.544	3.5618E-01	0
38.707	-8.509	4.0031E-01	3
38.705	-8.474	3.2086E-01	0
38.703	-8.439	3.5343E-01	3
38.701	-8.405	3.6073E-01	0
38.699	-8.371	3.8046E-01	3
38.697	-8.336	3.6128E-01	0
38.696	-8.302	3.4441E-01	3
38.694	-8.268	3.7581E-01	0
38.796	-9.243	3.5791E-01	3
38.794	-9.205	3.6187E-01	0
38.791	-9.168	4.0384E-01	3
38.789	-9.130	3.7273E-01	0
38.787	-9.093	1.8546E-01	2
38.785	-9.056	4.0300E-02	0
38.783	-9.018	3.4762E-02	2
38.781	-8.981	4.4219E-02	0
38.778	-8.944	1.6075E-01	2
38.776	-8.906	3.0355E-01	0
38.774	-8.869	3.1651E-01	2
38.772	-8.833	3.3314E-01	0
38.770	-8.796	3.2680E-01	2
38.767	-8.760	3.1647E-01	0
38.765	-8.724	3.3350E-01	2
38.763	-8.688	3.4225E-01	0
38.761	-8.652	3.6425E-01	2
38.759	-8.617	3.7291E-01	0
38.756	-8.582	3.5507E-01	2
38.754	-8.546	3.6391E-01	0
38.752	-8.511	3.4739E-01	2
38.750	-8.476	3.4861E-01	0
38.748	-8.441	3.5335E-01	2
38.746	-8.407	3.4329E-01	0
38.743	-8.373	3.5782E-01	2
38.741	-8.338	3.7164E-01	0
38.739	-8.304	3.4764E-01	2
38.737	-8.270	3.4830E-01	0
38.780	-9.244	3.5568E-01	2
38.778	-9.208	3.8477E-01	0
38.776	-9.169	4.0502E-01	2
38.774	-9.131	3.5473E-01	0
38.772	-9.094	1.8416E-01	2
38.770	-9.057	3.9011E-02	0
38.767	-9.019	3.4726E-02	2
38.765	-8.982	4.7093E-02	0
38.763	-8.945	1.5669E-01	3
38.761	-8.908	2.9851E-01	0
38.759	-8.871	3.1883E-01	3
38.757	-8.834	3.2342E-01	0
38.754	-8.798	3.4534E-01	3
38.752	-8.761	3.1644E-01	0
38.750	-8.725	2.9454E-01	3
38.748	-8.689	3.5684E-01	0
38.746	-8.653	3.6134E-01	3
38.744	-8.618	3.6759E-01	0
38.741	-8.583	3.4310E-01	3
38.739	-8.548	3.8792E-01	0
38.737	-8.513	3.7027E-01	3
38.735	-8.478	3.6311E-01	0
38.733	-8.443	3.3815E-01	3
38.731	-8.408	3.3877E-01	0
38.729	-8.374	3.5304E-01	3
38.726	-8.340	3.6965E-01	0
38.724	-8.305	3.7173E-01	3
38.722	-8.271	3.8078E-01	0
38.765	-9.246	3.4108E-01	3
38.762	-9.208	3.2063E-01	0
38.760	-9.170	3.3820E-01	3
38.758	-9.132	3.4072E-01	0
38.756	-9.095	1.6709E-01	2
38.754	-9.058	3.8517E-02	0
38.752	-9.020	3.7826E-02	2
38.750	-8.983	1.1655E-01	0
38.748	-8.946	2.8623E-01	2
38.746	-8.909	2.4590E-01	0
38.744	-8.872	3.0498E-01	2
38.741	-8.835	3.2895E-01	0
38.739	-8.799	3.5408E-01	2
38.737	-8.762	3.5885E-01	0
38.735	-8.726	3.4844E-01	2
38.733	-8.690	3.3258E-01	0
38.731	-8.654	3.4847E-01	2
38.729	-8.619	3.7685E-01	0
38.727	-8.584	3.5715E-01	2
38.724	-8.549	3.4765E-01	0
38.722	-8.514	3.7419E-01	2
38.720	-8.479	3.4062E-01	0
38.718	-8.444	3.5856E-01	2
38.716	-8.410	3.5816E-01	0
38.714	-8.376	3.5143E-01	2
38.712	-8.341	3.5785E-01	0
38.709	-8.307	3.8956E-01	2
38.707	-8.273	3.7611E-01	0
38.749	-9.248	3.2049E-01	2
38.747	-9.209	3.4148E-01	0
38.745	-9.171	3.5507E-01	2
38.743	-9.134	3.1394E-01	0
38.741	-9.097	1.5312E-01	2
38.739	-9.059	3.7074E-02	0
38.737	-9.022	6.4285E-02	3
38.735	-8.984	2.4400E-01	0
38.732	-8.947	3.4709E-01	3
38.730	-8.910	3.0636E-01	0
38.728	-8.873	3.3797E-01	3
38.726	-8.836	3.3482E-01	0
38.724	-8.800	3.5914E-01	3
38.722	-8.764	3.5050E-01	0
38.720	-8.727	3.5804E-01	3
38.718	-8.691	3.4861E-01	0
38.716	-8.656	3.4364E-01	3
38.714	-8.620	3.5634E-01	0
38.712	-8.585	3.7724E-01	3
38.709	-8.550	3.4652E-01	0
38.707	-8.515	4.0865E-01	3
38.705	-8.480	3.2176E-01	0
38.703	-8.445	3.5166E-01	3
38.701	-8.411	3.5515E-01	0
38.699	-8.377	3.8544E-01	3
38.697	-8.343	3.5925E-01	0
38.695	-8.308	3.4671E-01	3
38.693	-8.274	3.6278E-01	0
38.733	-9.249	3.7051E-01	2
38.731	-9.210	4.1771E-01	0
38.729	-9.172	4.0388E-01	2
38.727	-9.135	2.8920E-01	0
38.725	-9.098	1.0598E-01	2
38.723	-9.060	5.8579E-02	0
38.721	-9.023	2.3602E-01	2
38.719	-8.985	3.3346E-01	0
38.717	-8.948	3.2663E-01	2
38.715	-8.911	3.4246E-01	0
38.713	-8.874	3.3711E-01	2
38.711	-8.838	3.3864E-01	0
38.709	-8.801	3.5786E-01	2
38.707	-8.765	3.5406E-01	0
38.705	-8.729	3.6227E-01	2
38.703	-8.693	3.5428E-01	0
38.701	-8.657	3.3888E-01	2
38.699	-8.621	3.5170E-01	0
38.697	-8.586	3.6372E-01	2
38.695	-8.551	3.3264E-01	0
38.692	-8.516	3.1390E-01	2
38.690	-8.481	3.5765E-01	0
38.688	-8.446	4.0945E-01	2
38.686	-8.412	3.7453E-01	0
38.684	-8.378	3.6531E-01	2
38.682	-8.344	3.6053E-01	0
38.680	-8.310	3.3541E-01	2
38.678	-8.276	3.5592E-01	0
38.716	-9.212	3.6313E-01	0
38.714	-9.174	3.6182E-01	2
38.712	-9.137	2.3189E-01	0
38.710	-9.099	5.3101E-02	2
38.708	-9.061	8.2132E-02	0
38.706	-9.024	2.5163E-01	3
38.704	-8.987	2.4108E-01	0
38.702	-8.949	3.2864E-01	3
38.700	-8.912	3.4829E-01	0
38.698	-8.876	3.5477E-01	3
38.696	-8.839	3.2749E-01	0
38.694	-8.802	3.4819E-01	3
38.692	-8.766	3.6355E-01	0
38.690	-8.730	3.5574E-01	3
38.688	-8.694	3.6184E-01	0
38.686	-8.658	3.5649E-01	3
38.684	-8.623	3.4109E-01	0
38.682	-8.587	3.5002E-01	3
38.680	-8.552	3.2946E-01	0
38.678	-8.517	3.4349E-01	3
38.676	-8.482	3.5671E-01	0
38.673	-8.447	3.6774E-01	3
38.671	-8.413	3.7966E-01	0
38.669	-8.379	3.5898E-01	3
38.667	-8.345	3.6864E-01	0
38.665	-8.311	3.5308E-01	3
38.663	-8.277	3.4229E-01	0
38.700	-9.214	3.3998E-01	0
38.698	-9.176	1.5793E-01	2
38.696	-9.138	5.1067E-02	0
38.694	-9.100	3.3823E-02	2
38.692	-9.063	5.1078E-02	0
38.690	-9.025	6.9992E-02	2
38.689	-8.988	1.8151E-01	0
38.687	-8.950	3.3761E-01	2
38.685	-8.913	3.8306E-01	0
38.683	-8.877	3.5296E-01	2
38.681	-8.840	3.3083E-01	0
38.679	-8.804	3.2683E-01	2
38.677	-8.767	3.7614E-01	0
38.675	-8.731	3.7524E-01	2
38.673	-8.695	3.3853E-01	0
38.671	-8.659	3.6095E-01	2
38.669	-8.624	3.5205E-01	0
38.667	-8.588	3.4693E-01	2
38.665	-8.553	3.2559E-01	0
38.663	-8.518	3.2240E-01	2
38.661	-8.483	3.6358E-01	0
38.659	-8.449	3.5272E-01	2
38.657	-8.414	3.6617E-01	0
38.655	-8.380	3.8043E-01	2
38.653	-8.346	3.7120E-01	0
38.651	-8.311	3.5237E-01	2
38.649	-8.278	3.5706E-01	0
38.685	-9.216	1.2685E-01	0
38.683	-9.177	1.2921E-01	3
38.681	-9.139	9.8034E-02	0
38.679	-9.102	3.3666E-02	3
38.677	-9.064	9.8360E-02	0
38.675	-9.026	1.1242E-01	3
38.673	-8.989	2.8939E-01	0
38.671	-8.952	3.5679E-01	2
38.669	-8.914	3.5935E-01	0
38.667	-8.878	3.7675E-01	2
38.665	-8.841	3.6126E-01	0
38.663	-8.805	3.6411E-01	3
38.661	-8.769	3.5433E-01	0
38.660	-8.733	3.7154E-01	3
38.658	-8.697	3.6936E-01	0
38.656	-8.661	3.3123E-01	3
38.654	-8.625	3.3231E-01	0
38.652	-8.590	3.5467E-01	3
38.650	-8.555	3.3442E-01	0
38.648	-8.520	3.5783E-01	3
38.646	-8.485	3.7829E-01	0
38.644	-8.450	3.9192E-01	3
38.642	-8.415	4.3268E-01	0
38.640	-8.381	3.7195E-01	3
38.638	-8.346	3.8375E-01	0
38.636	-8.312	3.6263E-01	3
38.634	-8.279	3.6139E-01	0
38.669	-9.216	3.0447E-01	0
38.667	-9.178	3.1356E-01	2
38.665	-9.141	1.5306E-01	0
38.664	-9.103	6.6236E-02	2
38.662	-9.065	2.3984E-01	0
38.660	-9.027	2.6567E-01	2
38.658	-8.990	2.9360E-01	0
38.656	-8.953	3.5453E-01	2
38.654	-8.916	3.7399E-01	0
38.652	-8.879	3.4983E-01	2
38.650	-8.842	3.6081E-01	0
38.648	-8.806	3.6805E-01	2
38.646	-8.770	3.7301E-01	0
38.644	-8.734	3.5205E-01	2
38.643	-8.698	3.9580E-01	0
38.641	-8.662	3.5831E-01	2
38.639	-8.627	3.3053E-01	0
38.637	-8.591	3.3132E-01	2
38.635	-8.556	3.1888E-01	0
38.633	-8.521	3.3301E-01	2
38.631	-8.486	3.5777E-01	0
38.629	-8.452	3.7846E-01	2
38.627	-8.417	3.6968E-01	0
38.625	-8.382	3.8763E-01	2
38.623	-8.348	3.6940E-01	0
38.621	-8.314	3.6549E-01	2
38.619	-8.280	3.6694E-01	0
38.654	-9.217	3.3037E-01	0
38.652	-9.179	3.2043E-01	2
38.650	-9.142	2.5333E-01	0
38.648	-9.104	2.0274E-01	2
38.646	-9.066	2.4671E-01	0
38.644	-9.028	3.3891E-01	3
38.642	-8.991	3.3514E-01	0
38.641	-8.954	3.3857E-01	2
38.639	-8.917	3.5258E-01	0
38.637	-8.880	3.5929E-01	2
38.635	-8.844	3.5481E-01	0
38.633	-8.807	3.6706E-01	3
38.631	-8.771	3.9643E-01	0
38.629	-8.735	3.6898E-01	3
38.627	-8.699	3.9916E-01	0
38.626	-8.663	3.4891E-01	3
38.624	-8.628	3.3704E-01	0
38.622	-8.593	3.3139E-01	3
38.620	-8.558	3.4613E-01	0
38.618	-8.523	3.6508E-01	3
38.616	-8.488	3.7075E-01	0
38.614	-8.453	4.0089E-01	3
38.612	-8.418	3.5102E-01	0
38.610	-8.384	3.9857E-01	3
38.608	-8.349	3.8406E-01	0
38.606	-8.315	3.6798E-01	3
38.605	-8.280	3.6065E-01	0
38.705	-9.221	3.7807E-01	0
38.703	-9.183	2.5098E-01	2
38.701	-9.146	1.1384E-01	0
38.699	-9.108	3.9122E-02	2
38.697	-9.070	5.0169E-02	0
38.694	-9.033	8.5595E-02	2
38.692	-8.995	1.1153E-01	0
38.690	-8.958	3.0606E-01	2
38.688	-8.921	3.7557E-01	0
38.686	-8.884	3.4801E-01	2
38.683	-8.848	3.3611E-01	0
38.681	-8.811	3.1935E-01	2
38.679	-8.775	3.6692E-01	0
38.677	-8.739	3.8419E-01	2
38.675	-8.703	3.3464E-01	0
38.672	-8.667	3.6653E-01	2
38.670	-8.631	3.5870E-01	0
38.668	-8.596	3.5489E-01	2
38.666	-8.561	3.3623E-01	0
38.664	-8.526	3.1621E-01	2
38.661	-8.491	3.6418E-01	0
38.659	-8.457	3.5491E-01	2
38.657	-8.422	3.6839E-01	0
38.655	-8.387	3.7896E-01	2
38.653	-8.353	3.8360E-01	0
38.650	-8.319	3.5735E-01	2
38.648	-8.286	3.6188E-01	0
38.646	-8.252	3.5643E-01	2
38.690	-9.223	2.1278E-01	0
38.688	-9.185	8.2604E-02	2
38.685	-9.147	8.8830E-02	0
38.683	-9.109	3.3061E-02	2
38.681	-9.071	5.9447E-02	0
38.679	-9.034	9.1417E-02	2
38.677	-8.996	2.6145E-01	0
38.675	-8.959	3.4843E-01	2
38.672	-8.922	3.6070E-01	0
38.670	-8.885	3.8012E-01	2
38.668	-8.849	3.7525E-01	0
38.666	-8.812	3.6491E-01	3
38.664	-8.776	3.5403E-01	0
38.662	-8.740	3.7301E-01	3
38.659	-8.704	3.6667E-01	0
38.657	-8.668	3.4429E-01	3
38.655	-8.633	3.2282E-01	0
38.653	-8.597	3.5618E-01	3
38.651	-8.562	3.3620E-01	0
38.649	-8.527	3.5319E-01	3
38.646	-8.492	3.7569E-01	0
38.644	-8.458	3.8807E-01	3
38.642	-8.423	4.4516E-01	0
38.640	-8.389	3.7274E-01	3
38.638	-8.354	3.8523E-01	0
38.636	-8.320	3.7016E-01	3
38.633	-8.286	3.6452E-01	0
38.631	-8.253	3.6759E-01	3
38.674	-9.224	2.2019E-01	0
38.672	-9.185	2.8939E-01	2
38.670	-9.148	1.6958E-01	0
38.668	-9.110	4.5216E-02	2
38.666	-9.072	1.8434E-01	0
38.664	-9.035	2.2354E-01	2
38.661	-8.997	2.6240E-01	0
38.659	-8.960	3.5146E-01	2
38.657	-8.923	3.7667E-01	0
38.655	-8.886	3.4435E-01	2
38.653	-8.850	3.6327E-01	0
38.651	-8.814	3.6857E-01	2
38.649	-8.777	3.7901E-01	0
38.647	-8.741	3.4891E-01	2
38.644	-8.705	3.8931E-01	0
38.642	-8.670	3.7723E-01	2
38.640	-8.634	3.3212E-01	0
38.638	-8.599	3.3029E-01	2
38.636	-8.564	3.2110E-01	0
38.634	-8.529	3.3282E-01	2
38.632	-8.494	3.4480E-01	0
38.630	-8.459	3.8426E-01	2
38.627	-8.425	3.7209E-01	0
38.625	-8.390	3.8375E-01	2
38.623	-8.355	3.7716E-01	0
38.621	-8.321	3.6519E-01	2
38.619	-8.287	3.6709E-01	0
38.617	-8.253	3.6521E-01	2
38.659	-9.225	3.2044E-01	0
38.656	-9.186	3.2592E-01	2
38.654	-9.149	2.6552E-01	0
38.652	-9.111	1.7445E-01	2
38.650	-9.073	2.1945E-01	0
38.648	-9.036	3.3031E-01	2
38.646	-8.999	3.2531E-01	0
38.644	-8.961	3.3218E-01	2
38.642	-8.924	3.5110E-01	0
38.640	-8.888	3.6436E-01	3
38.638	-8.851	3.5386E-01	0
38.636	-8.815	3.5837E-01	2
38.634	-8.778	4.0267E-01	0
38.631	-8.742	3.7419E-01	3
38.629	-8.707	3.9392E-01	0
38.627	-8.671	3.6031E-01	3
38.625	-8.635	3.3707E-01	0
38.623	-8.600	3.2848E-01	3
38.621	-8.565	3.4428E-01	0
38.619	-8.530	3.6731E-01	3
38.617	-8.495	3.5966E-01	0
38.615	-8.461	4.0500E-01	3
38.613	-8.426	3.6045E-01	0
38.610	-8.391	3.8477E-01	3
38.608	-8.357	3.8847E-01	0
38.606	-8.322	3.7548E-01	3
38.604	-8.288	3.5680E-01	0
38.602	-8.254	3.6526E-01	3
38.643	-9.226	2.8186E-01	0
38.641	-9.187	3.2399E-01	2
38.639	-9.150	2.8049E-01	0
38.637	-9.112	2.5660E-01	2
38.635	-9.075	4.0783E-01	0
38.633	-9.037	3.3241E-01	2
38.631	-9.000	3.3924E-01	0
38.629	-8.962	3.5779E-01	2
38.627	-8.925	3.5682E-01	0
38.625	-8.889	3.6227E-01	2
38.623	-8.852	3.7820E-01	0
38.620	-8.816	3.7625E-01	2
38.618	-8.780	3.9345E-01	0
38.616	-8.744	3.5863E-01	2
38.614	-8.708	4.1423E-01	0
38.612	-8.672	3.6028E-01	2
38.610	-8.637	3.4534E-01	0
38.608	-8.601	3.6766E-01	2
38.606	-8.566	3.5183E-01	0
38.604	-8.531	3.4030E-01	2
38.602	-8.497	3.3854E-01	0
38.600	-8.462	3.8770E-01	2
38.598	-8.427	3.6128E-01	0
38.596	-8.392	3.8153E-01	2
38.594	-8.358	3.6801E-01	0
38.591	-8.324	3.7914E-01	2
38.589	-8.290	3.7120E-01	0
38.587	-8.256	3.5904E-01	3
38.627	-9.228	1.9139E-01	0
38.625	-9.189	3.1305E-01	2
38.623	-9.151	2.9918E-01	0
38.621	-9.113	3.0045E-01	2
38.619	-9.076	3.8224E-01	0
38.617	-9.038	4.1200E-01	2
38.615	-9.000	3.4173E-01	0
38.613	-8.963	3.3480E-01	3
38.611	-8.926	3.5187E-01	0
38.609	-8.890	3.5964E-01	3
38.607	-8.853	3.7715E-01	0
38.605	-8.817	3.8993E-01	2
38.603	-8.781	3.8405E-01	0
38.601	-8.745	3.8363E-01	3
38.599	-8.709	3.9052E-01	0
38.597	-8.674	3.5178E-01	3
38.595	-8.638	3.1866E-01	0
38.593	-8.603	3.0348E-01	3
38.591	-8.568	3.3980E-01	0
38.589	-8.533	3.3702E-01	2
38.587	-8.498	3.6514E-01	0
38.585	-8.464	3.6922E-01	2
38.583	-8.428	3.7399E-01	0
38.581	-8.393	4.0068E-01	3
38.579	-8.359	4.0080E-01	0
38.577	-8.325	3.9647E-01	3
38.575	-8.291	3.8706E-01	0
38.573	-8.258	3.5713E-01	3
38.612	-9.229	1.0014E-01	0
38.610	-9.190	2.9831E-01	2
38.608	-9.152	3.0429E-01	0
38.606	-9.114	2.8963E-01	2
38.604	-9.077	3.3906E-01	0
38.602	-9.039	4.3595E-01	2
38.600	-9.002	3.6561E-01	0
38.598	-8.964	3.4796E-01	2
38.596	-8.927	3.8594E-01	0
38.594	-8.891	3.5839E-01	2
38.592	-8.855	3.7072E-01	0
38.590	-8.818	3.7478E-01	2
38.588	-8.782	3.9387E-01	0
38.586	-8.746	3.8228E-01	2
38.584	-8.711	3.9339E-01	0
38.582	-8.675	3.1283E-01	2
38.580	-8.640	3.6456E-01	0
38.578	-8.604	3.4778E-01	2
38.576	-8.569	3.2094E-01	0
38.574	-8.534	3.5777E-01	2
38.572	-8.499	3.5832E-01	0
38.570	-8.464	3.9109E-01	2
38.568	-8.430	3.9073E-01	0
38.566	-8.395	3.5497E-01	2
38.564	-8.360	3.7966E-01	0
38.562	-8.327	3.9726E-01	2
38.560	-8.293	3.8612E-01	0
38.558	-8.259	3.6549E-01	2
38.596	-9.230	5.6606E-02	0
38.594	-9.191	2.3738E-01	2
38.592	-9.153	2.6700E-01	0
38.590	-9.115	2.6651E-01	2
38.589	-9.078	3.3686E-01	0
38.587	-9.040	4.2036E-01	2
38.585	-9.003	3.9096E-01	0
38.583	-8.965	3.4766E-01	3
38.581	-8.928	3.3774E-01	0
38.579	-8.891	3.8225E-01	3
38.577	-8.856	3.5142E-01	0
38.575	-8.820	3.6931E-01	2
38.573	-8.784	3.6263E-01	0
38.571	-8.748	2.9553E-01	3
38.569	-8.712	3.1164E-01	0
38.567	-8.676	3.5081E-01	2
38.565	-8.640	3.3754E-01	0
38.563	-8.605	3.2907E-01	2
38.561	-8.570	3.3758E-01	0
38.559	-8.535	3.4971E-01	2
38.557	-8.500	3.4176E-01	0
38.555	-8.466	3.8853E-01	2
38.553	-8.431	3.7934E-01	0
38.551	-8.396	3.8195E-01	2
38.549	-8.362	3.7311E-01	0
38.547	-8.328	3.9210E-01	3
38.545	-8.294	3.7203E-01	0
38.543	-8.261	3.7114E-01	3
38.581	-9.231	3.5422E-02	0
38.579	-9.192	1.8876E-01	2
38.577	-9.154	2.6391E-01	0
38.575	-9.116	2.8805E-01	2
38.573	-9.079	3.2158E-01	0
38.571	-9.041	3.5566E-01	2
38.569	-9.004	4.4362E-01	0
38.567	-8.966	3.5860E-01	2
38.565	-8.929	3.7000E-01	0
38.564	-8.893	3.3900E-01	2
38.562	-8.857	3.5411E-01	0
38.560	-8.821	3.9508E-01	2
38.558	-8.785	3.5334E-01	0
38.556	-8.749	2.8352E-01	2
38.554	-8.713	3.7568E-01	0
38.552	-8.677	3.4217E-01	2
38.550	-8.642	3.2026E-01	0
38.548	-8.606	3.3149E-01	2
38.546	-8.571	3.1208E-01	0
38.544	-8.536	3.4073E-01	2
38.542	-8.502	3.6956E-01	0
38.541	-8.468	4.0418E-01	2
38.539	-8.433	3.9883E-01	0
38.537	-8.398	3.7204E-01	2
38.535	-8.363	3.7240E-01	0
38.533	-8.329	3.5779E-01	2
38.531	-8.296	3.6628E-01	0
38.529	-8.263	3.7608E-01	2
38.565	-9.233	2.8940E-02	0
38.563	-9.194	1.3627E-01	2
38.561	-9.155	2.3574E-01	0
38.560	-9.117	2.6206E-01	2
38.558	-9.079	3.1640E-01	0
38.556	-9.042	3.2974E-01	2
38.554	-9.005	3.9252E-01	0
38.552	-8.966	4.2470E-01	3
38.550	-8.929	3.7268E-01	0
38.548	-8.894	3.3792E-01	2
38.546	-8.858	3.4046E-01	0
38.545	-8.822	3.5605E-01	2
38.543	-8.786	2.2891E-01	0
38.541	-8.750	1.9940E-01	2
38.539	-8.714	3.2332E-01	0
38.537	-8.679	3.1972E-01	2
38.535	-8.643	3.3401E-01	0
38.533	-8.607	3.2448E-01	2
38.531	-8.573	3.1598E-01	0
38.529	-8.538	3.3523E-01	2
38.528	-8.504	3.7431E-01	0
38.526	-8.469	3.6053E-01	2
38.524	-8.434	3.7252E-01	0
38.522	-8.399	3.5490E-01	2
38.520	-8.365	3.3815E-01	0
38.518	-8.331	3.7399E-01	2
38.516	-8.297	3.9087E-01	0
38.514	-8.264	3.8602E-01	2
38.616	-9.235	9.4341E-02	0
38.614	-9.195	2.9468E-01	2
38.612	-9.157	3.0600E-01	0
38.610	-9.120	2.9595E-01	2
38.607	-9.082	3.3496E-01	0
38.605	-9.045	4.4651E-01	2
38.603	-9.007	3.6769E-01	0
38.601	-8.970	3.4561E-01	2
38.599	-8.933	3.9438E-01	0
38.596	-8.896	3.5681E-01	2
38.594	-8.860	3.7862E-01	0
38.592	-8.824	3.7618E-01	2
38.590	-8.788	3.9723E-01	0
38.588	-8.752	3.8001E-01	2
38.585	-8.716	4.1216E-01	0
38.583	-8.681	3.1328E-01	2
38.581	-8.645	3.6068E-01	0
38.579	-8.610	3.5148E-01	2
38.577	-8.575	3.3034E-01	0
38.574	-8.540	3.5132E-01	2
38.572	-8.505	3.5851E-01	0
38.570	-8.470	3.8974E-01	2
38.568	-8.436	4.0056E-01	0
38.566	-8.401	3.5331E-01	2
38.563	-8.366	3.8000E-01	0
38.561	-8.332	3.9756E-01	2
38.559	-8.299	3.9403E-01	0
38.557	-8.265	3.7235E-01	2
38.601	-9.236	4.9066E-02	0
38.598	-9.196	2.3359E-01	2
38.596	-9.158	2.8272E-01	0
38.594	-9.121	2.6548E-01	2
38.592	-9.083	3.2513E-01	0
38.590	-9.046	4.2350E-01	2
38.588	-9.008	3.9194E-01	0
38.585	-8.971	3.3824E-01	2
38.583	-8.934	3.4091E-01	0
38.581	-8.897	3.8096E-01	3
38.579	-8.861	3.5289E-01	0
38.577	-8.825	3.6685E-01	3
38.575	-8.789	3.7083E-01	0
38.573	-8.753	3.1041E-01	2
38.570	-8.718	3.0548E-01	0
38.568	-8.682	3.4640E-01	2
38.566	-8.646	3.4626E-01	0
38.564	-8.611	3.2817E-01	2
38.562	-8.575	3.3656E-01	0
38.559	-8.541	3.4545E-01	2
38.557	-8.506	3.4406E-01	0
38.555	-8.472	3.9276E-01	3
38.553	-8.437	3.7109E-01	0
38.551	-8.402	3.8934E-01	3
38.549	-8.368	3.6994E-01	0
38.546	-8.334	3.9278E-01	3
38.544	-8.300	3.7332E-01	0
38.542	-8.267	3.6919E-01	3
38.585	-9.237	3.3528E-02	0
38.583	-9.198	1.7520E-01	2
38.581	-9.159	2.6924E-01	0
38.579	-9.121	2.7620E-01	2
38.577	-9.084	3.1965E-01	0
38.574	-9.047	3.5471E-01	2
38.572	-9.009	4.5743E-01	0
38.570	-8.972	3.6571E-01	2
38.568	-8.934	3.7025E-01	0
38.566	-8.897	3.5772E-01	2
38.564	-8.862	3.4651E-01	0
38.562	-8.827	3.8533E-01	2
38.560	-8.790	3.6890E-01	0
38.557	-8.755	2.9342E-01	2
38.555	-8.719	3.5677E-01	0
38.553	-8.683	3.5229E-01	2
38.551	-8.647	3.2060E-01	0
38.549	-8.612	3.3179E-01	2
38.547	-8.577	3.1476E-01	0
38.545	-8.542	3.3432E-01	2
38.542	-8.507	3.5919E-01	0
38.540	-8.473	4.1130E-01	2
38.538	-8.438	3.9088E-01	0
38.536	-8.404	3.8293E-01	2
38.534	-8.369	3.6629E-01	0
38.532	-8.335	3.6419E-01	2
38.530	-8.302	3.6248E-01	0
38.528	-8.269	3.8037E-01	2
38.570	-9.238	2.8563E-02	0
38.567	-9.199	1.2320E-01	2
38.565	-9.160	2.4206E-01	0
38.563	-9.122	2.5789E-01	2
38.561	-9.085	3.1416E-01	0
38.559	-9.048	3.2293E-01	2
38.557	-9.010	3.8068E-01	0
38.555	-8.972	4.3889E-01	2
38.553	-8.935	3.7287E-01	0
38.551	-8.899	3.4434E-01	3
38.549	-8.864	3.3668E-01	0
38.547	-8.828	3.7762E-01	2
38.544	-8.792	2.5063E-01	0
38.542	-8.756	2.0634E-01	2
38.540	-8.720	3.2173E-01	0
38.538	-8.684	3.1783E-01	2
38.536	-8.648	3.3363E-01	0
38.534	-8.613	3.2825E-01	2
38.532	-8.578	3.1327E-01	0
38.530	-8.544	3.2577E-01	3
38.528	-8.509	3.7341E-01	0
38.526	-8.475	3.5823E-01	3
38.523	-8.440	3.6465E-01	0
38.521	-8.405	3.6625E-01	3
38.519	-8.371	3.3182E-01	0
38.517	-8.336	3.7034E-01	3
38.515	-8.303	3.8356E-01	0
38.513	-8.270	3.9125E-01	3
38.554	-9.239	2.7880E-02	0
38.552	-9.200	8.2329E-02	2
38.550	-9.162	2.2413E-01	0
38.548	-9.124	2.4419E-01	2
38.546	-9.086	2.8984E-01	0
38.544	-9.049	3.3610E-01	2
38.542	-9.011	4.0386E-01	0
38.539	-8.973	3.8129E-01	3
38.537	-8.935	3.4440E-01	0
38.535	-8.901	3.3153E-01	2
38.533	-8.865	3.1500E-01	0
38.531	-8.829	3.0943E-01	2
38.529	-8.793	1.7915E-01	0
38.527	-8.757	1.0826E-01	2
38.525	-8.721	2.2988E-01	0
38.523	-8.686	3.0727E-01	2
38.521	-8.650	3.2152E-01	0
38.519	-8.614	3.3660E-01	2
38.517	-8.579	3.0583E-01	0
38.515	-8.545	3.4180E-01	2
38.513	-8.511	3.7269E-01	0
38.511	-8.476	3.6419E-01	2
38.509	-8.441	3.5614E-01	0
38.507	-8.407	3.7379E-01	2
38.504	-8.373	3.4079E-01	0
38.502	-8.338	3.4736E-01	2
38.500	-8.305	3.6994E-01	0
38.498	-8.271	3.5854E-01	2
38.538	-9.240	2.8257E-02	0
38.536	-9.202	6.3162E-02	2
38.534	-9.163	2.1565E-01	0
38.532	-9.125	2.6071E-01	2
38.530	-9.087	2.7558E-01	0
38.528	-9.050	3.2037E-01	2
38.526	-9.012	3.5923E-01	0
38.524	-8.975	3.8818E-01	2
38.522	-8.938	3.2168E-01	0
38.520	-8.902	2.4204E-01	2
38.518	-8.866	2.4639E-01	0
38.516	-8.830	2.5568E-01	2
38.514	-8.794	1.6369E-01	0
38.512	-8.758	7.4426E-02	2
38.510	-8.723	1.7920E-01	0
38.508	-8.687	3.0467E-01	2
38.506	-8.651	3.4217E-01	0
38.504	-8.615	3.2637E-01	2
38.502	-8.581	3.4888E-01	0
38.500	-8.546	3.2438E-01	3
38.498	-8.511	3.9766E-01	0
38.496	-8.477	3.6072E-01	3
38.494	-8.442	3.5780E-01	0
38.492	-8.408	3.6022E-01	3
38.490	-8.374	3.3745E-01	0
38.488	-8.340	3.5697E-01	3
38.486	-8.306	4.0431E-01	0
38.484	-8.273	3.8060E-01	3
38.523	-9.241	3.0302E-02	0
38.521	-9.203	5.8390E-02	2
38.519	-9.165	2.0189E-01	0
38.517	-9.126	2.5777E-01	2
38.515	-9.088	2.8414E-01	0
38.513	-9.051	3.2703E-01	2
38.511	-9.012	3.5243E-01	0
38.509	-8.976	3.3849E-01	2
38.507	-8.940	2.6578E-01	0
38.505	-8.904	7.1767E-02	2
38.503	-8.868	5.0139E-02	0
38.501	-8.831	2.2102E-01	2
38.499	-8.795	2.7208E-01	0
38.497	-8.760	1.3774E-01	2
38.495	-8.724	1.7682E-01	0
38.493	-8.688	3.1834E-01	2
38.491	-8.652	3.2399E-01	0
38.489	-8.617	3.4079E-01	2
38.487	-8.583	3.5216E-01	0
38.485	-8.547	3.4215E-01	2
38.483	-8.512	3.5148E-01	0
38.481	-8.478	3.5424E-01	2
38.479	-8.443	3.5279E-01	0
38.477	-8.409	3.3593E-01	2
38.475	-8.375	3.2630E-01	0
38.473	-8.342	3.3793E-01	2
38.471	-8.307	3.6983E-01	0
38.469	-8.274	3.6257E-01	2
38.507	-9.243	5.2872E-02	0
38.505	-9.204	1.2983E-01	2
38.503	-9.166	2.7622E-01	0
38.501	-9.127	2.7404E-01	2
38.499	-9.089	2.8263E-01	0
38.497	-9.051	3.3018E-01	2
38.495	-9.014	3.4086E-01	0
38.493	-8.975	3.3877E-01	2
38.492	-8.940	2.3193E-01	0
38.490	-8.906	1.3579E-01	2
38.488	-8.869	6.1054E-02	0
38.486	-8.833	6.7314E-02	2
38.484	-8.797	1.4902E-01	0
38.482	-8.761	8.8426E-02	2
38.480	-8.725	1.4770E-01	0
38.478	-8.689	3.2280E-01	3
38.476	-8.654	3.3395E-01	0
38.474	-8.619	3.4521E-01	3
38.472	-8.584	3.2207E-01	0
38.470	-8.548	3.4378E-01	3
38.468	-8.514	3.3821E-01	0
38.466	-8.479	3.5625E-01	3
38.464	-8.445	3.5234E-01	0
38.462	-8.411	3.6343E-01	3
38.460	-8.377	3.3576E-01	0
38.458	-8.343	3.2652E-01	3
38.456	-8.309	3.8516E-01	0
38.454	-8.275	3.6913E-01	3
38.492	-9.244	4.2606E-02	0
38.490	-9.205	1.4759E-01	2
38.488	-9.167	2.8541E-01	0
38.486	-9.128	3.0463E-01	2
38.484	-9.090	3.1083E-01	0
38.482	-9.052	3.2530E-01	2
38.480	-9.013	3.8700E-01	0
38.478	-8.978	2.1625E-01	2
38.476	-8.943	6.1121E-02	0
38.475	-8.907	1.0857E-01	2
38.473	-8.870	1.3560E-01	0
38.471	-8.834	3.4713E-02	2
38.469	-8.798	5.4224E-02	0
38.467	-8.762	4.4627E-02	2
38.465	-8.726	1.4127E-01	0
38.463	-8.690	2.8842E-01	2
38.461	-8.655	3.0630E-01	0
38.459	-8.620	3.3499E-01	2
38.457	-8.585	3.6880E-01	0
38.455	-8.550	3.4989E-01	2
38.453	-8.515	3.4512E-01	0
38.451	-8.481	3.5176E-01	2
38.449	-8.447	3.5431E-01	0
38.448	-8.413	3.6656E-01	2
38.446	-8.379	2.8804E-01	0
38.444	-8.345	3.1210E-01	2
38.442	-8.311	3.5410E-01	0
38.440	-8.277	3.5867E-01	2
38.476	-9.245	3.8818E-02	0
38.474	-9.207	2.0070E-01	2
38.472	-9.168	3.1855E-01	0
38.470	-9.129	3.3590E-01	2
38.469	-9.091	3.4193E-01	0
38.467	-9.053	3.5799E-01	3
38.465	-9.014	3.2560E-01	0
38.463	-8.981	1.2865E-01	2
38.461	-8.945	3.3109E-02	0
38.459	-8.908	3.1892E-02	2
38.457	-8.872	1.2969E-01	0
38.456	-8.835	9.3174E-02	3
38.454	-8.799	3.0623E-02	0
38.452	-8.763	3.7902E-02	3
38.450	-8.728	1.2093E-01	0
38.448	-8.692	2.5138E-01	3
38.446	-8.656	2.9725E-01	0
38.444	-8.622	3.0830E-01	3
38.442	-8.586	3.4934E-01	0
38.440	-8.551	3.6086E-01	3
38.438	-8.517	3.6234E-01	0
38.437	-8.482	3.3982E-01	3
38.435	-8.448	3.3837E-01	0
38.433	-8.414	3.3843E-01	3
38.431	-8.380	2.7612E-01	0
38.429	-8.346	3.2547E-01	3
38.427	-8.313	2.9041E-01	0
38.425	-8.279	3.2115E-01	3
