39.349	-8.415	1.6597E-01	3
39.347	-8.371	1.6288E-01	0
39.345	-8.326	1.6126E-01	3
39.343	-8.282	1.6182E-01	0
39.349	-8.879	1.7008E-01	3
39.347	-8.832	1.7443E-01	3
39.346	-8.784	1.7610E-01	3
39.344	-8.737	1.7748E-01	3
39.342	-8.691	1.7907E-01	3
39.341	-8.645	1.8128E-01	3
39.339	-8.600	1.8225E-01	3
39.337	-8.555	2.0082E-01	3
39.336	-8.509	2.0005E-01	3
39.334	-8.463	1.7421E-01	3
39.332	-8.417	1.6279E-01	3
39.330	-8.373	1.6541E-01	3
39.329	-8.328	1.6523E-01	3
39.327	-8.284	1.6428E-01	3
39.349	-8.562	1.9337E-01	3
39.347	-8.516	2.0180E-01	3
39.345	-8.470	1.8023E-01	3
39.343	-8.423	1.6473E-01	3
39.341	-8.379	1.6447E-01	2
39.339	-8.335	1.6351E-01	3
39.337	-8.291	1.6182E-01	3
39.349	-8.982	1.7774E-01	3
39.347	-8.934	1.8203E-01	1
39.345	-8.887	1.7097E-01	3
39.343	-8.840	1.7450E-01	1
39.342	-8.792	1.7644E-01	3
39.340	-8.744	1.7672E-01	1
39.338	-8.699	1.7969E-01	3
39.336	-8.653	1.8169E-01	0
39.334	-8.608	1.8232E-01	3
39.332	-8.563	2.0106E-01	2
39.330	-8.517	1.9943E-01	3
39.328	-8.472	1.7897E-01	0
39.326	-8.426	1.6554E-01	3
39.324	-8.381	1.6658E-01	0
39.322	-8.336	1.6556E-01	3
39.320	-8.292	1.6703E-01	0
39.341	-9.230	1.9295E-01	3
39.339	-9.180	1.9087E-01	3
39.337	-9.130	1.8235E-01	3
39.336	-9.081	1.7834E-01	3
39.334	-9.031	1.7592E-01	3
39.332	-8.983	1.7475E-01	3
39.330	-8.936	1.9037E-01	3
39.328	-8.888	1.7627E-01	3
39.327	-8.841	1.7386E-01	3
39.325	-8.793	1.7980E-01	3
39.323	-8.746	1.7918E-01	3
39.321	-8.700	1.7946E-01	3
39.319	-8.654	1.8436E-01	3
39.317	-8.609	1.8995E-01	3
39.315	-8.564	2.0139E-01	3
39.314	-8.518	1.9382E-01	3
39.312	-8.472	1.7061E-01	3
39.310	-8.427	1.7337E-01	3
39.308	-8.382	1.7386E-01	2
39.306	-8.337	1.6946E-01	3
39.304	-8.292	1.6577E-01	3
39.324	-9.231	1.9694E-01	0
39.322	-9.181	1.9389E-01	3
39.320	-9.130	1.8392E-01	1
39.318	-9.082	1.8212E-01	3
39.317	-9.033	1.8143E-01	0
39.315	-8.983	1.7666E-01	3
39.313	-8.936	1.8440E-01	0
39.311	-8.889	1.8185E-01	3
39.310	-8.841	1.7612E-01	0
39.308	-8.794	1.7736E-01	3
39.306	-8.747	1.7937E-01	0
39.304	-8.701	1.8234E-01	3
39.302	-8.655	1.8551E-01	1
39.301	-8.610	1.8958E-01	3
39.299	-8.565	1.9530E-01	2
39.297	-8.519	1.8636E-01	3
39.295	-8.472	1.6591E-01	2
39.293	-8.427	1.6447E-01	3
39.291	-8.382	1.7115E-01	0
39.289	-8.338	1.6806E-01	3
39.288	-8.293	1.6582E-01	0
39.306	-9.230	1.8715E-01	3
39.305	-9.182	1.8951E-01	3
39.303	-9.131	1.8729E-01	3
39.301	-9.082	1.8542E-01	3
39.300	-9.033	1.8085E-01	3
39.298	-8.984	1.7422E-01	3
39.296	-8.938	1.7685E-01	3
39.294	-8.890	1.7886E-01	3
39.293	-8.842	1.7920E-01	3
39.291	-8.795	1.7872E-01	3
39.289	-8.749	1.8300E-01	3
39.287	-8.702	1.8073E-01	3
39.286	-8.657	1.8411E-01	3
39.284	-8.611	1.9362E-01	3
39.282	-8.565	1.9190E-01	3
39.280	-8.519	1.7683E-01	3
39.278	-8.473	1.6623E-01	3
39.277	-8.427	1.6754E-01	3
39.275	-8.383	1.6638E-01	3
39.273	-8.339	1.6818E-01	3
39.271	-8.295	1.6965E-01	3
39.269	-8.251	1.6423E-01	3
39.289	-9.231	1.8768E-01	1
39.288	-9.182	1.9024E-01	3
39.286	-9.133	1.8837E-01	0
39.284	-9.083	1.8657E-01	3
39.283	-9.034	1.8125E-01	1
39.281	-8.985	1.7314E-01	3
39.279	-8.938	1.7075E-01	0
39.278	-8.891	1.7607E-01	3
39.276	-8.844	1.7994E-01	1
39.274	-8.797	1.7925E-01	3
39.272	-8.750	1.8243E-01	2
39.271	-8.703	1.8464E-01	3
39.269	-8.658	1.8739E-01	1
39.267	-8.612	1.9752E-01	3
39.266	-8.566	1.9594E-01	2
39.264	-8.520	1.7385E-01	3
39.262	-8.474	1.6938E-01	2
39.260	-8.428	1.7269E-01	3
39.258	-8.384	1.6760E-01	0
39.257	-8.340	1.6802E-01	3
39.255	-8.296	1.6825E-01	0
39.253	-8.252	1.6510E-01	3
39.272	-9.231	1.9299E-01	3
39.270	-9.183	1.9271E-01	3
39.269	-9.134	1.9146E-01	3
39.267	-9.085	1.8572E-01	3
39.265	-9.035	1.7804E-01	3
39.264	-8.987	1.7044E-01	3
39.262	-8.939	1.7211E-01	3
39.261	-8.892	1.7819E-01	3
39.259	-8.844	1.7826E-01	3
39.257	-8.798	1.7675E-01	3
39.256	-8.751	1.8006E-01	3
39.254	-8.704	1.9689E-01	3
39.252	-8.659	1.9489E-01	3
39.251	-8.613	1.9833E-01	3
39.249	-8.567	1.9185E-01	3
39.247	-8.520	1.7449E-01	3
39.245	-8.475	1.6708E-01	3
39.244	-8.430	1.7060E-01	3
39.242	-8.385	1.6882E-01	3
39.240	-8.341	1.6821E-01	3
39.238	-8.297	1.6528E-01	3
39.237	-8.254	1.6528E-01	3
39.339	-9.236	1.9621E-01	0
39.337	-9.187	1.9350E-01	3
39.335	-9.135	1.8436E-01	0
39.333	-9.087	1.8021E-01	3
39.331	-9.037	1.7804E-01	0
39.329	-8.989	1.7652E-01	3
39.327	-8.942	1.8897E-01	0
39.324	-8.894	1.8289E-01	3
39.322	-8.847	1.7570E-01	0
39.320	-8.799	1.7985E-01	3
39.318	-8.752	1.8027E-01	0
39.316	-8.706	1.8050E-01	3
39.314	-8.661	1.8588E-01	0
39.312	-8.615	1.9029E-01	3
39.310	-8.570	2.0077E-01	0
39.308	-8.524	1.9697E-01	3
39.306	-8.478	1.7052E-01	0
39.303	-8.432	1.7066E-01	3
39.301	-8.388	1.7737E-01	0
39.299	-8.343	1.7482E-01	3
39.297	-8.299	1.6774E-01	0
39.295	-8.255	1.6713E-01	3
39.322	-9.236	1.9390E-01	3
39.320	-9.187	1.9618E-01	3
39.318	-9.135	1.8577E-01	3
39.316	-9.087	1.8314E-01	3
39.314	-9.039	1.8272E-01	3
39.312	-8.990	1.7616E-01	3
39.310	-8.942	1.8120E-01	3
39.308	-8.895	1.8127E-01	3
39.305	-8.847	1.7623E-01	3
39.303	-8.800	1.7796E-01	3
39.301	-8.753	1.8006E-01	3
39.299	-8.707	1.8165E-01	3
39.297	-8.661	1.8503E-01	3
39.295	-8.616	1.9034E-01	3
39.293	-8.571	1.9495E-01	3
39.291	-8.525	1.8420E-01	3
39.289	-8.478	1.6761E-01	3
39.287	-8.433	1.6355E-01	3
39.285	-8.388	1.6689E-01	3
39.283	-8.344	1.6648E-01	3
39.281	-8.300	1.6731E-01	3
39.279	-8.256	1.6450E-01	3
39.304	-9.236	1.8591E-01	0
39.302	-9.188	1.8944E-01	3
39.300	-9.137	1.8902E-01	0
39.298	-9.088	1.8678E-01	3
39.296	-9.039	1.8194E-01	0
39.294	-8.990	1.7517E-01	3
39.293	-8.943	1.7634E-01	0
39.291	-8.896	1.8153E-01	3
39.289	-8.849	1.8160E-01	0
39.287	-8.801	1.8063E-01	3
39.285	-8.755	1.8418E-01	0
39.283	-8.708	1.8480E-01	3
39.281	-8.663	1.8507E-01	1
39.279	-8.617	1.9410E-01	3
39.277	-8.571	1.9741E-01	2
39.275	-8.526	1.7922E-01	3
39.272	-8.480	1.6951E-01	0
39.270	-8.434	1.7303E-01	3
39.268	-8.389	1.6907E-01	0
39.266	-8.345	1.6928E-01	3
39.264	-8.301	1.7245E-01	0
39.262	-8.257	1.6613E-01	3
39.287	-9.236	1.9073E-01	3
39.285	-9.188	1.9225E-01	3
39.283	-9.139	1.8983E-01	3
39.281	-9.089	1.8793E-01	3
39.279	-9.040	1.8337E-01	3
39.277	-8.991	1.7459E-01	3
39.276	-8.944	1.7183E-01	3
39.274	-8.897	1.7467E-01	3
39.272	-8.850	1.7992E-01	3
39.270	-8.803	1.7895E-01	3
39.268	-8.756	1.8346E-01	3
39.266	-8.709	1.9112E-01	3
39.264	-8.664	1.9139E-01	3
39.262	-8.618	2.0139E-01	3
39.260	-8.572	1.9828E-01	3
39.258	-8.526	1.7713E-01	3
39.256	-8.480	1.6929E-01	3
39.254	-8.435	1.7198E-01	3
39.252	-8.390	1.6760E-01	3
39.250	-8.347	1.6878E-01	3
39.248	-8.302	1.6782E-01	3
39.246	-8.259	1.6673E-01	3
39.270	-9.237	1.9244E-01	0
39.268	-9.189	1.9271E-01	3
39.266	-9.140	1.9340E-01	1
39.264	-9.090	1.8570E-01	3
39.262	-9.041	1.7934E-01	2
39.260	-8.992	1.7042E-01	3
39.259	-8.945	1.7153E-01	1
39.257	-8.898	1.7775E-01	3
39.255	-8.850	1.7803E-01	0
39.253	-8.803	1.7831E-01	3
39.251	-8.757	1.7723E-01	1
39.249	-8.710	1.9296E-01	3
39.247	-8.665	1.9358E-01	0
39.245	-8.619	1.9626E-01	3
39.243	-8.573	1.8778E-01	2
39.241	-8.526	1.7408E-01	3
39.239	-8.481	1.6872E-01	1
39.237	-8.436	1.7154E-01	3
39.235	-8.391	1.6957E-01	0
39.234	-8.347	1.6910E-01	3
39.232	-8.303	1.6526E-01	0
39.230	-8.260	1.6549E-01	3
39.252	-9.239	1.9235E-01	3
39.251	-9.190	1.9290E-01	3
39.249	-9.141	1.9179E-01	3
39.247	-9.091	1.8616E-01	3
39.245	-9.041	1.7703E-01	3
39.243	-8.993	1.7393E-01	3
39.242	-8.946	1.7780E-01	3
39.240	-8.898	1.7732E-01	3
39.238	-8.851	1.7918E-01	3
39.236	-8.804	1.7698E-01	3
39.234	-8.758	1.7666E-01	3
39.232	-8.711	1.8728E-01	3
39.230	-8.665	1.9583E-01	3
39.229	-8.620	1.9589E-01	3
39.227	-8.574	1.8328E-01	3
39.225	-8.528	1.7440E-01	3
39.223	-8.482	1.6890E-01	3
39.221	-8.437	1.6851E-01	3
39.219	-8.393	1.7127E-01	3
39.217	-8.348	1.6942E-01	3
39.215	-8.305	1.7046E-01	3
39.213	-8.261	1.6806E-01	3
39.235	-9.240	1.9018E-01	0
39.233	-9.190	1.8201E-01	3
39.232	-9.141	1.8081E-01	2
39.230	-9.092	1.8475E-01	3
39.228	-9.042	1.7770E-01	0
39.226	-8.994	1.7860E-01	3
39.225	-8.947	1.7584E-01	0
39.223	-8.900	1.7757E-01	3
39.221	-8.852	1.7537E-01	0
39.219	-8.805	1.7592E-01	3
39.217	-8.758	1.7786E-01	0
39.216	-8.713	1.8029E-01	3
39.214	-8.667	1.9374E-01	0
39.212	-8.621	2.0792E-01	3
39.210	-8.575	1.9249E-01	2
39.208	-8.528	1.7507E-01	3
39.206	-8.483	1.6854E-01	2
39.204	-8.438	1.7132E-01	3
39.203	-8.394	1.6823E-01	0
39.201	-8.350	1.6796E-01	3
39.199	-8.306	1.6748E-01	0
39.197	-8.261	1.6536E-01	3
39.218	-9.242	1.8891E-01	3
39.216	-9.191	1.7838E-01	3
39.214	-9.142	1.7726E-01	3
39.213	-9.093	1.8058E-01	3
39.211	-9.041	1.7353E-01	3
39.209	-8.994	1.7547E-01	3
39.208	-8.948	1.8942E-01	3
39.206	-8.900	1.8190E-01	3
39.204	-8.853	1.7596E-01	3
39.202	-8.806	1.7459E-01	3
39.201	-8.759	1.8169E-01	3
39.199	-8.714	1.9047E-01	3
39.197	-8.668	1.9640E-01	3
39.195	-8.621	2.0211E-01	3
39.193	-8.575	1.9777E-01	3
39.192	-8.529	1.8592E-01	3
39.190	-8.484	1.7278E-01	3
39.188	-8.440	1.7336E-01	3
39.186	-8.395	1.7041E-01	3
39.184	-8.351	1.6849E-01	3
39.182	-8.307	1.6705E-01	3
39.181	-8.262	1.6783E-01	3
39.201	-9.242	1.9213E-01	2
39.199	-9.192	1.8381E-01	3
39.197	-9.142	1.7668E-01	1
39.196	-9.092	1.8083E-01	3
39.194	-9.040	1.7109E-01	2
39.192	-8.995	1.7331E-01	3
39.191	-8.949	1.8215E-01	0
39.189	-8.901	1.7670E-01	3
39.187	-8.853	1.7774E-01	0
39.185	-8.806	1.7981E-01	3
39.184	-8.760	1.8643E-01	2
39.182	-8.715	1.9783E-01	3
39.180	-8.669	1.9858E-01	2
39.179	-8.622	1.9520E-01	3
39.177	-8.576	1.9816E-01	2
39.175	-8.530	1.8218E-01	3
39.173	-8.486	1.7758E-01	2
39.171	-8.440	1.6997E-01	3
39.170	-8.396	1.6984E-01	0
39.168	-8.351	1.6840E-01	3
39.166	-8.307	1.6573E-01	0
39.164	-8.263	1.6795E-01	3
39.183	-9.243	1.8602E-01	3
39.182	-9.193	1.8191E-01	3
39.180	-9.143	1.8012E-01	3
39.178	-9.090	1.8095E-01	3
39.177	-9.039	1.7370E-01	3
39.175	-8.997	1.7349E-01	3
39.174	-8.950	1.7819E-01	3
39.172	-8.902	1.7992E-01	3
39.170	-8.854	1.8330E-01	2
39.169	-8.808	1.8944E-01	3
39.167	-8.762	1.9482E-01	2
39.165	-8.716	2.0511E-01	3
39.164	-8.670	2.0035E-01	3
39.162	-8.623	1.9318E-01	3
39.160	-8.576	1.8230E-01	2
39.158	-8.532	1.9097E-01	3
39.157	-8.486	1.7446E-01	2
39.155	-8.441	1.6747E-01	3
39.153	-8.396	1.7105E-01	2
39.151	-8.352	1.6851E-01	3
39.150	-8.308	1.6522E-01	3
39.148	-8.265	1.6745E-01	3
39.251	-9.247	1.9283E-01	2
39.248	-9.197	1.9200E-01	3
39.246	-9.149	1.9045E-01	0
39.244	-9.099	1.8837E-01	3
39.242	-9.050	1.7924E-01	0
39.240	-9.001	1.7600E-01	3
39.238	-8.954	1.8049E-01	0
39.236	-8.906	1.7683E-01	3
39.234	-8.859	1.7849E-01	2
39.232	-8.812	1.7636E-01	3
39.230	-8.766	1.7815E-01	2
39.228	-8.720	1.8257E-01	3
39.226	-8.674	1.9445E-01	1
39.224	-8.628	2.0051E-01	3
39.221	-8.582	1.8962E-01	0
39.219	-8.536	1.7736E-01	3
39.217	-8.491	1.6904E-01	0
39.215	-8.446	1.6980E-01	3
39.213	-8.401	1.7208E-01	2
39.211	-8.357	1.6956E-01	3
39.209	-8.313	1.7018E-01	3
39.206	-8.269	1.6703E-01	3
39.233	-9.249	1.9294E-01	3
39.231	-9.198	1.8441E-01	3
39.229	-9.149	1.8157E-01	3
39.227	-9.100	1.8434E-01	3
39.225	-9.050	1.7991E-01	3
39.223	-9.001	1.7757E-01	3
39.221	-8.955	1.7847E-01	3
39.219	-8.908	1.7868E-01	3
39.217	-8.860	1.7847E-01	3
39.215	-8.813	1.7599E-01	3
39.213	-8.766	1.7861E-01	3
39.211	-8.721	1.8179E-01	3
39.209	-8.675	1.9380E-01	3
39.207	-8.629	2.0875E-01	3
39.205	-8.583	1.9841E-01	2
39.203	-8.536	1.8388E-01	3
39.201	-8.491	1.7136E-01	3
39.198	-8.447	1.7329E-01	3
39.196	-8.402	1.7041E-01	3
39.194	-8.358	1.6878E-01	3
39.192	-8.314	1.6865E-01	3
39.190	-8.270	1.6646E-01	3
39.216	-9.250	1.9077E-01	0
39.214	-9.199	1.8009E-01	3
39.212	-9.150	1.7767E-01	0
39.210	-9.101	1.8224E-01	3
39.208	-9.049	1.7505E-01	0
39.206	-9.002	1.7395E-01	3
39.204	-8.956	1.9087E-01	0
39.202	-8.908	1.8742E-01	3
39.200	-8.861	1.7810E-01	2
39.198	-8.813	1.7680E-01	3
39.196	-8.767	1.8652E-01	1
39.194	-8.722	1.9438E-01	3
39.192	-8.676	1.9950E-01	0
39.190	-8.630	1.9853E-01	3
39.188	-8.583	2.0059E-01	1
39.186	-8.537	1.8861E-01	3
39.184	-8.493	1.7608E-01	0
39.182	-8.448	1.7568E-01	3
39.180	-8.404	1.7178E-01	0
39.178	-8.359	1.7076E-01	3
39.176	-8.315	1.6787E-01	2
39.174	-8.271	1.6967E-01	3
39.199	-9.250	1.9400E-01	3
39.197	-9.200	1.8782E-01	3
39.195	-9.150	1.7897E-01	3
39.193	-9.100	1.8208E-01	3
39.191	-9.046	1.7344E-01	2
39.189	-9.002	1.7296E-01	3
39.187	-8.957	1.8063E-01	2
39.185	-8.909	1.7470E-01	3
39.183	-8.861	1.7994E-01	2
39.181	-8.814	1.8181E-01	3
39.179	-8.768	1.8739E-01	3
39.177	-8.723	1.9615E-01	3
39.176	-8.677	2.0065E-01	3
39.174	-8.630	1.9534E-01	3
39.171	-8.584	1.9595E-01	3
39.169	-8.538	1.8797E-01	3
39.168	-8.494	1.8067E-01	3
39.165	-8.448	1.6946E-01	3
39.163	-8.403	1.7002E-01	3
39.161	-8.359	1.6977E-01	3
39.159	-8.315	1.6655E-01	3
39.157	-8.272	1.6841E-01	3
39.180	-9.201	1.8129E-01	3
39.178	-9.151	1.7943E-01	0
39.176	-9.098	1.8109E-01	3
39.174	-9.046	1.7563E-01	0
39.172	-9.004	1.7411E-01	3
39.170	-8.958	1.7798E-01	0
39.168	-8.910	1.8268E-01	3
39.166	-8.862	1.8365E-01	2
39.164	-8.816	1.8923E-01	3
39.163	-8.769	1.9744E-01	2
39.161	-8.724	2.0625E-01	3
39.159	-8.678	2.0262E-01	0
39.157	-8.631	1.9710E-01	3
39.155	-8.584	1.7872E-01	0
39.153	-8.540	1.9008E-01	3
39.151	-8.495	1.7611E-01	0
39.149	-8.449	1.6745E-01	3
39.147	-8.405	1.7144E-01	1
39.145	-8.361	1.6961E-01	3
39.143	-8.316	1.6557E-01	1
39.141	-8.273	1.6860E-01	3
39.162	-9.202	1.8044E-01	3
39.160	-9.152	1.7989E-01	1
39.159	-9.101	1.8189E-01	3
39.157	-9.053	1.7982E-01	2
39.155	-9.006	1.7499E-01	3
39.153	-8.958	1.7437E-01	2
39.151	-8.911	1.8873E-01	3
39.149	-8.863	1.8928E-01	3
39.148	-8.817	1.8652E-01	3
39.146	-8.771	1.8907E-01	3
39.144	-8.725	2.0540E-01	3
39.142	-8.678	2.0425E-01	3
39.140	-8.632	1.9563E-01	3
39.138	-8.585	1.7402E-01	3
39.136	-8.541	1.7904E-01	3
39.134	-8.496	1.7107E-01	1
39.132	-8.451	1.6894E-01	3
39.131	-8.406	1.6931E-01	3
39.129	-8.362	1.6760E-01	3
39.127	-8.317	1.6541E-01	3
39.125	-8.274	1.6775E-01	3
39.145	-9.203	1.8650E-01	3
39.143	-9.151	1.8028E-01	0
39.141	-9.101	1.8291E-01	3
39.140	-9.055	1.8629E-01	0
39.138	-9.007	1.8381E-01	3
39.136	-8.960	1.7939E-01	0
39.134	-8.912	1.8891E-01	3
39.133	-8.864	1.8760E-01	2
39.131	-8.818	1.8243E-01	3
39.129	-8.772	1.8340E-01	0
39.127	-8.726	1.9924E-01	3
39.125	-8.679	2.0711E-01	0
39.123	-8.633	1.9444E-01	3
39.122	-8.587	1.7592E-01	0
39.120	-8.542	1.7737E-01	3
39.118	-8.497	1.7387E-01	2
39.116	-8.452	1.7098E-01	3
39.114	-8.407	1.6963E-01	2
39.112	-8.363	1.6779E-01	3
39.110	-8.319	1.6930E-01	2
39.108	-8.275	1.6711E-01	3
39.128	-9.203	1.8420E-01	3
39.126	-9.151	1.7812E-01	2
39.124	-9.103	1.8206E-01	3
39.123	-9.056	1.8130E-01	3
39.121	-9.008	1.8227E-01	3
39.119	-8.961	1.7750E-01	2
39.117	-8.913	1.8020E-01	3
39.116	-8.865	1.8048E-01	3
39.114	-8.819	1.8455E-01	3
39.112	-8.773	1.8944E-01	3
39.110	-8.727	1.9653E-01	3
39.109	-8.680	1.8615E-01	3
39.107	-8.634	1.7741E-01	3
39.105	-8.588	1.7549E-01	2
39.103	-8.542	1.7487E-01	3
39.101	-8.497	1.7364E-01	2
39.099	-8.452	1.6883E-01	3
39.098	-8.407	1.6973E-01	3
39.096	-8.363	1.6722E-01	3
39.094	-8.320	1.6757E-01	3
39.092	-8.276	1.7135E-01	3
39.111	-9.203	1.8418E-01	3
39.109	-9.152	1.7865E-01	0
39.107	-9.105	1.8604E-01	3
39.106	-9.056	1.8507E-01	1
39.104	-9.008	1.8100E-01	3
39.102	-8.962	1.7893E-01	0
39.100	-8.914	1.7569E-01	3
39.099	-8.867	1.7563E-01	0
39.097	-8.820	1.7873E-01	3
39.095	-8.774	1.9637E-01	0
39.094	-8.727	1.9458E-01	3
39.092	-8.681	1.8489E-01	0
39.090	-8.635	1.7684E-01	3
39.088	-8.589	1.7567E-01	0
39.087	-8.543	1.7602E-01	3
39.085	-8.498	1.7210E-01	2
39.083	-8.453	1.7183E-01	3
39.081	-8.409	1.6946E-01	2
39.079	-8.364	1.6768E-01	3
39.078	-8.321	1.6748E-01	2
39.076	-8.277	1.6453E-01	3
39.093	-9.204	1.8692E-01	3
39.092	-9.154	1.8470E-01	3
39.090	-9.106	1.8747E-01	3
39.088	-9.057	1.8691E-01	3
39.087	-9.009	2.0086E-01	3
39.085	-8.963	1.8174E-01	3
39.084	-8.915	1.7836E-01	3
39.082	-8.868	1.8181E-01	3
39.080	-8.822	1.9056E-01	3
39.079	-8.775	1.9731E-01	3
39.077	-8.728	1.9641E-01	3
39.075	-8.682	1.9244E-01	3
39.073	-8.636	1.7627E-01	3
39.072	-8.590	1.7675E-01	2
39.070	-8.545	1.7242E-01	3
39.068	-8.499	1.7208E-01	2
39.066	-8.454	1.7497E-01	3
39.065	-8.409	1.6971E-01	3
39.063	-8.366	1.6896E-01	3
39.061	-8.322	1.6965E-01	3
39.059	-8.279	1.6705E-01	3
39.160	-9.208	1.8279E-01	3
39.158	-9.158	1.8252E-01	0
39.156	-9.106	1.8390E-01	3
39.154	-9.059	1.8431E-01	0
39.152	-9.012	1.7900E-01	3
39.149	-8.964	1.7527E-01	0
39.147	-8.917	1.9073E-01	3
39.145	-8.869	1.9197E-01	1
39.143	-8.823	1.8501E-01	3
39.141	-8.777	1.8487E-01	2
39.139	-8.731	2.0347E-01	3
39.137	-8.685	2.0794E-01	2
39.135	-8.638	1.9995E-01	3
39.133	-8.592	1.7640E-01	0
39.131	-8.547	1.7932E-01	3
39.128	-8.502	1.7389E-01	0
39.126	-8.457	1.7107E-01	3
39.124	-8.413	1.6984E-01	1
39.122	-8.368	1.6806E-01	3
39.120	-8.324	1.6850E-01	2
39.118	-8.280	1.6885E-01	3
39.143	-9.209	1.8892E-01	3
39.140	-9.157	1.8000E-01	2
39.138	-9.107	1.8166E-01	3
39.137	-9.061	1.8546E-01	2
39.135	-9.013	1.8443E-01	3
39.132	-8.966	1.8084E-01	3
39.130	-8.918	1.8781E-01	3
39.128	-8.870	1.8560E-01	2
39.126	-8.824	1.8450E-01	3
39.124	-8.778	1.8346E-01	3
39.122	-8.732	1.9876E-01	3
39.120	-8.685	2.0082E-01	2
39.118	-8.639	1.9118E-01	3
39.116	-8.594	1.7783E-01	2
39.114	-8.548	1.7647E-01	3
39.112	-8.503	1.7614E-01	2
39.110	-8.458	1.7153E-01	3
39.108	-8.413	1.7065E-01	3
39.105	-8.369	1.6941E-01	3
39.103	-8.325	1.6951E-01	3
39.101	-8.282	1.6787E-01	3
39.125	-9.209	1.8447E-01	3
39.123	-9.157	1.8012E-01	0
39.121	-9.109	1.8448E-01	3
39.119	-9.061	1.8378E-01	0
39.117	-9.013	1.8213E-01	3
39.116	-8.967	1.7854E-01	0
39.113	-8.918	1.7827E-01	3
39.111	-8.871	1.8034E-01	2
39.109	-8.825	1.8324E-01	3
39.108	-8.779	1.9157E-01	2
39.106	-8.733	1.9750E-01	3
39.103	-8.686	1.8771E-01	0
39.101	-8.640	1.7718E-01	3
39.099	-8.594	1.7601E-01	1
39.097	-8.548	1.7625E-01	3
39.095	-8.503	1.7247E-01	0
39.093	-8.458	1.7041E-01	3
39.091	-8.414	1.7055E-01	0
39.089	-8.369	1.6816E-01	3
39.087	-8.326	1.6825E-01	2
39.085	-8.283	1.7149E-01	3
39.108	-9.209	1.8805E-01	3
39.106	-9.157	1.7996E-01	2
39.104	-9.111	1.8715E-01	3
39.102	-9.063	1.8791E-01	3
39.100	-9.013	1.8694E-01	3
39.099	-8.968	1.8238E-01	3
39.097	-8.920	1.7769E-01	3
39.095	-8.872	1.7728E-01	2
39.093	-8.826	1.8114E-01	3
39.091	-8.780	1.9699E-01	3
39.089	-8.733	1.9596E-01	3
39.087	-8.687	1.9189E-01	2
39.085	-8.641	1.7991E-01	3
39.083	-8.595	1.7751E-01	2
39.081	-8.550	1.7609E-01	3
39.079	-8.504	1.7403E-01	3
39.077	-8.459	1.7424E-01	3
39.075	-8.415	1.7088E-01	3
39.073	-8.371	1.6876E-01	3
39.071	-8.327	1.6885E-01	3
39.069	-8.283	1.6639E-01	3
39.091	-9.210	1.8802E-01	3
39.089	-9.160	1.8609E-01	0
39.087	-9.112	1.8809E-01	3
39.085	-9.063	1.8657E-01	0
39.083	-9.014	1.9913E-01	3
39.082	-8.969	1.8312E-01	0
39.080	-8.921	1.7843E-01	3
39.078	-8.873	1.8643E-01	2
39.076	-8.827	1.9208E-01	3
39.074	-8.781	1.9807E-01	2
39.072	-8.734	1.9476E-01	3
39.070	-8.688	1.9283E-01	0
39.068	-8.642	1.7418E-01	3
39.066	-8.596	1.7556E-01	0
39.064	-8.551	1.7201E-01	3
39.062	-8.506	1.7256E-01	0
39.060	-8.460	1.7436E-01	3
39.058	-8.415	1.6996E-01	0
39.056	-8.372	1.6922E-01	3
39.054	-8.328	1.7075E-01	1
39.052	-8.285	1.6863E-01	3
39.074	-9.211	1.8759E-01	3
39.072	-9.161	1.8682E-01	2
39.070	-9.112	1.8745E-01	3
39.068	-9.064	1.8447E-01	3
39.066	-9.016	1.8737E-01	3
39.065	-8.970	1.8820E-01	1
39.063	-8.922	1.8572E-01	3
39.061	-8.875	1.9378E-01	1
39.059	-8.828	1.9468E-01	3
39.057	-8.782	1.9674E-01	3
39.055	-8.735	1.9873E-01	3
39.053	-8.689	1.9246E-01	3
39.051	-8.642	1.7650E-01	3
39.049	-8.597	1.6866E-01	3
39.048	-8.551	1.6979E-01	3
39.046	-8.506	1.7220E-01	3
39.044	-8.461	1.7111E-01	3
39.042	-8.417	1.6747E-01	3
39.040	-8.373	1.6720E-01	3
39.038	-8.329	1.7018E-01	3
39.036	-8.286	1.6799E-01	3
39.056	-9.212	1.8576E-01	3
39.055	-9.162	1.8424E-01	0
39.053	-9.112	1.8424E-01	3
39.051	-9.063	1.8342E-01	0
39.049	-9.016	1.9025E-01	3
39.048	-8.971	1.9425E-01	0
39.046	-8.923	2.0383E-01	3
39.044	-8.876	1.9817E-01	2
39.042	-8.829	2.0127E-01	3
39.040	-8.783	1.9761E-01	0
39.038	-8.736	1.8921E-01	3
39.037	-8.689	1.8452E-01	0
39.035	-8.643	1.7531E-01	3
39.033	-8.597	1.6719E-01	0
39.031	-8.552	1.7093E-01	3
39.029	-8.507	1.7465E-01	2
39.027	-8.462	1.7191E-01	3
39.025	-8.418	1.6621E-01	2
39.023	-8.375	1.6601E-01	3
39.022	-8.331	1.6742E-01	2
39.020	-8.288	1.7072E-01	3
39.039	-9.211	1.8284E-01	3
39.037	-9.162	1.8395E-01	3
39.036	-9.111	1.8339E-01	3
39.034	-9.063	1.8008E-01	1
39.032	-9.017	1.8450E-01	3
39.031	-8.972	2.0788E-01	1
39.029	-8.924	1.9084E-01	3
39.027	-8.877	1.8953E-01	1
39.025	-8.830	1.8795E-01	3
39.023	-8.783	1.9931E-01	3
39.022	-8.737	1.9077E-01	3
39.020	-8.691	1.7604E-01	3
39.018	-8.644	1.6882E-01	3
39.016	-8.598	1.6662E-01	3
39.014	-8.553	1.6823E-01	3
39.013	-8.508	1.7106E-01	3
39.011	-8.464	1.7072E-01	3
39.009	-8.420	1.6970E-01	3
39.007	-8.376	1.7883E-01	3
39.005	-8.333	1.8387E-01	3
39.003	-8.289	1.7666E-01	3
39.022	-9.212	1.8240E-01	3
39.020	-9.162	1.8489E-01	0
39.018	-9.112	1.8151E-01	3
39.017	-9.065	1.8206E-01	1
39.015	-9.018	1.8634E-01	3
39.014	-8.972	1.9310E-01	0
39.012	-8.925	1.9461E-01	3
39.010	-8.878	1.9922E-01	0
39.008	-8.831	1.9639E-01	3
39.007	-8.784	2.0080E-01	0
39.005	-8.738	1.9790E-01	3
39.003	-8.692	1.7822E-01	0
39.001	-8.645	1.7031E-01	3
39.000	-8.599	1.6922E-01	0
38.998	-8.554	1.6759E-01	3
38.996	-8.509	1.7275E-01	2
38.994	-8.466	1.7427E-01	3
38.993	-8.422	1.7956E-01	2
38.991	-8.378	1.8288E-01	3
38.989	-8.333	1.7486E-01	2
38.987	-8.290	1.7699E-01	3
39.005	-9.213	1.8480E-01	3
39.003	-9.162	1.8231E-01	3
39.001	-9.115	1.8217E-01	3
39.000	-9.067	1.8901E-01	3
38.998	-9.020	1.8700E-01	3
38.997	-8.973	1.9328E-01	2
38.995	-8.926	1.9776E-01	3
38.993	-8.879	1.9693E-01	3
38.992	-8.832	1.9058E-01	3
38.990	-8.785	1.9471E-01	3
38.988	-8.738	1.9781E-01	3
38.986	-8.692	1.8693E-01	3
38.985	-8.646	1.7304E-01	3
38.983	-8.601	1.7655E-01	3
38.981	-8.555	1.7293E-01	3
38.980	-8.511	1.8215E-01	3
38.978	-8.467	1.8228E-01	3
38.976	-8.422	1.7645E-01	3
38.974	-8.378	1.6790E-01	3
38.972	-8.334	1.6680E-01	3
38.971	-8.290	1.6819E-01	3
39.072	-9.219	1.8772E-01	3
39.069	-9.169	1.8565E-01	0
39.067	-9.120	1.8786E-01	3
39.065	-9.071	1.8441E-01	0
39.063	-9.024	1.8724E-01	3
39.061	-8.978	1.8979E-01	0
39.059	-8.930	1.8855E-01	3
39.057	-8.883	1.9744E-01	0
39.055	-8.837	1.9578E-01	3
39.053	-8.790	1.9867E-01	0
39.051	-8.743	1.9839E-01	3
39.049	-8.697	1.9480E-01	0
39.046	-8.651	1.8021E-01	3
39.044	-8.605	1.6976E-01	2
39.042	-8.559	1.7128E-01	3
39.040	-8.514	1.7170E-01	1
39.038	-8.470	1.7131E-01	3
39.036	-8.425	1.6788E-01	0
39.034	-8.382	1.6768E-01	3
39.031	-8.338	1.7016E-01	0
39.029	-8.295	1.6861E-01	3
39.027	-8.252	1.7013E-01	0
39.054	-9.220	1.8735E-01	3
39.052	-9.170	1.8549E-01	1
39.050	-9.120	1.8625E-01	3
39.048	-9.071	1.8480E-01	1
39.046	-9.024	1.8921E-01	3
39.044	-8.979	2.0004E-01	3
39.042	-8.931	2.0052E-01	3
39.040	-8.884	1.9658E-01	3
39.038	-8.837	1.9954E-01	3
39.036	-8.791	1.9837E-01	3
39.034	-8.744	1.9024E-01	3
39.032	-8.698	1.8459E-01	3
39.030	-8.651	1.7482E-01	3
39.028	-8.605	1.6850E-01	3
39.025	-8.560	1.6844E-01	3
39.023	-8.515	1.7857E-01	3
39.021	-8.471	1.7397E-01	3
39.019	-8.427	1.6882E-01	3
39.017	-8.383	1.6869E-01	3
39.015	-8.340	1.7337E-01	3
39.013	-8.296	1.7374E-01	3
39.011	-8.253	1.7120E-01	3
39.037	-9.219	1.8567E-01	3
39.035	-9.170	1.8553E-01	0
39.033	-9.119	1.8443E-01	3
39.031	-9.071	1.8139E-01	0
39.029	-9.025	1.8319E-01	3
39.027	-8.979	2.0602E-01	0
39.025	-8.933	1.9470E-01	3
39.023	-8.885	1.9615E-01	0
39.021	-8.838	1.9042E-01	3
39.019	-8.791	2.0117E-01	1
39.017	-8.745	1.9627E-01	3
39.015	-8.699	1.7969E-01	1
39.013	-8.652	1.7047E-01	3
39.011	-8.606	1.6855E-01	2
39.009	-8.562	1.6856E-01	3
39.007	-8.516	1.7092E-01	0
39.005	-8.472	1.7189E-01	3
39.003	-8.429	1.7567E-01	0
39.001	-8.385	1.8611E-01	3
38.999	-8.341	1.8707E-01	0
38.997	-8.298	1.7865E-01	3
38.995	-8.254	1.7605E-01	0
39.020	-9.220	1.8275E-01	3
39.018	-9.170	1.8489E-01	3
39.016	-9.121	1.8282E-01	3
39.014	-9.073	1.8344E-01	1
39.012	-9.026	1.8758E-01	3
39.010	-8.980	1.9337E-01	3
39.008	-8.933	1.9489E-01	3
39.006	-8.886	1.9840E-01	3
39.004	-8.839	1.9467E-01	3
39.002	-8.792	2.0066E-01	3
39.000	-8.746	1.9990E-01	3
38.998	-8.700	1.8179E-01	3
38.996	-8.653	1.7251E-01	3
38.994	-8.608	1.7286E-01	3
38.992	-8.563	1.6936E-01	3
38.990	-8.518	1.7756E-01	3
38.988	-8.474	1.7764E-01	3
38.986	-8.430	1.7963E-01	3
38.984	-8.385	1.7449E-01	3
38.982	-8.341	1.7044E-01	3
38.980	-8.298	1.7458E-01	3
38.978	-8.255	1.7589E-01	3
39.003	-9.222	1.8673E-01	3
39.001	-9.170	1.8349E-01	0
38.999	-9.121	1.8190E-01	3
38.997	-9.075	1.9004E-01	0
38.995	-9.028	1.8645E-01	3
38.993	-8.980	1.9080E-01	0
38.991	-8.934	1.9686E-01	3
38.989	-8.887	1.9844E-01	0
38.987	-8.840	1.9134E-01	3
38.986	-8.793	1.9341E-01	1
38.984	-8.747	1.9471E-01	3
38.982	-8.700	1.9251E-01	0
38.980	-8.654	1.7593E-01	3
38.978	-8.609	1.7868E-01	2
38.976	-8.564	1.7429E-01	3
38.974	-8.519	1.8407E-01	0
38.972	-8.475	1.8544E-01	3
38.970	-8.431	1.7419E-01	0
38.968	-8.386	1.6918E-01	3
38.966	-8.342	1.6727E-01	0
38.964	-8.298	1.6771E-01	3
38.962	-8.255	1.6833E-01	0
38.985	-9.222	1.8616E-01	3
38.983	-9.170	1.8139E-01	3
38.981	-9.121	1.7951E-01	3
38.980	-9.075	1.8850E-01	3
38.978	-9.028	1.8305E-01	3
38.976	-8.981	1.8808E-01	3
38.974	-8.935	1.9470E-01	3
38.972	-8.888	1.9594E-01	3
38.971	-8.841	1.9173E-01	3
38.969	-8.794	1.9228E-01	3
38.967	-8.748	1.8381E-01	3
38.965	-8.701	1.7900E-01	3
38.963	-8.655	1.7123E-01	3
38.961	-8.610	1.7722E-01	3
38.959	-8.565	1.7681E-01	3
38.957	-8.520	1.9325E-01	2
38.955	-8.476	1.9318E-01	3
38.953	-8.431	1.7025E-01	3
38.951	-8.387	1.6676E-01	3
38.949	-8.343	1.6711E-01	2
38.948	-8.299	1.6624E-01	3
38.946	-8.256	1.6714E-01	3
38.968	-9.222	1.8289E-01	3
38.966	-9.171	1.8275E-01	0
38.964	-9.122	1.8231E-01	3
38.963	-9.074	1.8404E-01	0
38.961	-9.028	1.8758E-01	3
38.959	-8.983	1.9213E-01	0
38.957	-8.936	1.9723E-01	3
38.956	-8.889	1.9157E-01	0
38.954	-8.842	1.9136E-01	3
38.952	-8.795	1.8751E-01	0
38.950	-8.749	1.7939E-01	3
38.948	-8.703	1.8159E-01	0
38.946	-8.657	1.8448E-01	3
38.944	-8.611	1.8318E-01	0
38.943	-8.566	1.8256E-01	3
38.941	-8.522	1.8670E-01	0
38.939	-8.477	1.8629E-01	3
38.937	-8.432	1.6872E-01	0
38.935	-8.388	1.6667E-01	3
38.933	-8.344	1.6743E-01	0
38.931	-8.300	1.6643E-01	3
38.929	-8.257	1.6637E-01	0
38.951	-9.222	1.8597E-01	3
38.949	-9.173	1.8466E-01	3
38.947	-9.123	1.8443E-01	3
38.945	-9.075	1.8105E-01	3
38.944	-9.029	1.8335E-01	3
38.942	-8.984	1.9066E-01	3
38.940	-8.937	1.9190E-01	3
38.939	-8.890	1.9217E-01	3
38.937	-8.843	1.8879E-01	3
38.935	-8.796	1.8033E-01	3
38.933	-8.749	1.7489E-01	3
38.931	-8.703	1.7593E-01	3
38.930	-8.657	1.7188E-01	3
38.928	-8.612	1.7985E-01	3
38.926	-8.567	1.8508E-01	3
38.924	-8.522	1.7418E-01	1
38.922	-8.478	1.7199E-01	3
38.920	-8.433	1.6726E-01	3
38.919	-8.389	1.6775E-01	3
38.917	-8.345	1.6723E-01	3
38.915	-8.302	1.6730E-01	3
38.913	-8.258	1.6676E-01	3
38.933	-9.223	1.9410E-01	2
38.932	-9.175	1.8519E-01	0
38.930	-9.125	1.8056E-01	3
38.928	-9.076	1.8482E-01	0
38.927	-9.031	1.9174E-01	3
38.925	-8.985	1.9463E-01	0
38.923	-8.938	1.9435E-01	3
38.922	-8.891	1.9910E-01	0
38.920	-8.844	1.9827E-01	3
38.918	-8.797	1.7776E-01	0
38.916	-8.750	1.7542E-01	2
38.915	-8.704	1.7618E-01	0
38.913	-8.658	1.8409E-01	3
38.911	-8.613	1.7440E-01	0
38.909	-8.568	1.7042E-01	3
38.908	-8.523	1.7004E-01	0
38.906	-8.478	1.7265E-01	3
38.904	-8.434	1.6676E-01	0
38.902	-8.390	1.6628E-01	3
38.900	-8.346	1.6583E-01	0
38.899	-8.303	1.6584E-01	3
38.897	-8.259	1.6681E-01	2
38.916	-9.223	1.8655E-01	3
38.915	-9.176	1.8213E-01	3
38.913	-9.128	1.8261E-01	3
38.911	-9.078	1.8434E-01	3
38.910	-9.033	2.0137E-01	3
38.908	-8.986	1.9440E-01	3
38.907	-8.939	1.9880E-01	3
38.905	-8.891	1.9191E-01	3
38.903	-8.844	1.8400E-01	3
38.901	-8.798	1.7698E-01	3
38.900	-8.751	1.7354E-01	3
38.898	-8.705	1.7472E-01	3
38.896	-8.659	1.7706E-01	3
38.895	-8.613	1.7184E-01	3
38.893	-8.568	1.7006E-01	3
38.891	-8.524	1.6995E-01	2
38.889	-8.479	1.6755E-01	3
38.888	-8.434	1.6934E-01	3
38.886	-8.390	1.6798E-01	3
38.884	-8.346	1.6677E-01	3
38.882	-8.303	1.6664E-01	3
38.880	-8.260	1.6665E-01	2
38.983	-9.228	1.8726E-01	3
38.981	-9.176	1.8358E-01	0
38.979	-9.127	1.8040E-01	3
38.977	-9.080	1.8668E-01	0
38.975	-9.033	1.8489E-01	3
38.973	-8.987	1.8854E-01	0
38.971	-8.941	1.9649E-01	3
38.968	-8.894	1.9656E-01	0
38.966	-8.847	1.9159E-01	3
38.964	-8.800	1.9145E-01	0
38.962	-8.754	1.8574E-01	3
38.960	-8.708	1.8498E-01	0
38.958	-8.662	1.7756E-01	3
38.956	-8.616	1.7516E-01	2
38.953	-8.571	1.7633E-01	3
38.951	-8.527	1.9055E-01	2
38.949	-8.482	1.9604E-01	3
38.947	-8.438	1.7368E-01	0
38.945	-8.393	1.6731E-01	3
38.943	-8.349	1.6793E-01	0
38.941	-8.305	1.6753E-01	3
38.938	-8.262	1.6783E-01	0
38.966	-9.228	1.8247E-01	3
38.964	-9.177	1.8328E-01	3
38.961	-9.128	1.8473E-01	3
38.959	-9.080	1.8466E-01	3
38.958	-9.034	1.8811E-01	3
38.956	-8.988	1.9445E-01	3
38.954	-8.942	1.9633E-01	3
38.952	-8.895	1.9144E-01	3
38.949	-8.848	1.9033E-01	3
38.947	-8.801	1.8916E-01	3
38.945	-8.755	1.7746E-01	3
38.943	-8.708	1.7623E-01	3
38.941	-8.663	1.8104E-01	3
38.939	-8.618	1.8895E-01	3
38.937	-8.573	1.9012E-01	3
38.935	-8.528	1.8393E-01	2
38.933	-8.483	1.8181E-01	3
38.931	-8.438	1.6831E-01	2
38.928	-8.394	1.6838E-01	3
38.926	-8.351	1.6853E-01	2
38.924	-8.307	1.6778E-01	3
38.922	-8.263	1.6767E-01	2
38.948	-9.228	1.8797E-01	3
38.946	-9.179	1.8712E-01	0
38.944	-9.129	1.8477E-01	3
38.942	-9.081	1.8291E-01	0
38.940	-9.035	1.8443E-01	3
38.939	-8.990	1.9132E-01	0
38.937	-8.943	1.9180E-01	3
38.935	-8.896	1.9430E-01	0
38.933	-8.849	1.9299E-01	3
38.931	-8.802	1.7936E-01	1
38.928	-8.755	1.7517E-01	3
38.926	-8.709	1.7937E-01	0
38.924	-8.663	1.7538E-01	3
38.922	-8.618	1.7374E-01	2
38.920	-8.573	1.7828E-01	3
38.918	-8.529	1.7237E-01	0
38.916	-8.484	1.7183E-01	3
38.914	-8.439	1.6856E-01	0
38.912	-8.395	1.6802E-01	3
38.910	-8.351	1.6762E-01	0
38.908	-8.308	1.6756E-01	3
38.906	-8.265	1.6827E-01	0
38.931	-9.229	1.9658E-01	3
38.929	-9.180	1.8655E-01	3
38.927	-9.131	1.8110E-01	3
38.925	-9.082	1.8434E-01	3
38.923	-9.036	1.9358E-01	3
38.922	-8.991	1.9557E-01	3
38.920	-8.944	1.9943E-01	3
38.918	-8.897	1.9901E-01	3
38.916	-8.849	2.0247E-01	3
38.914	-8.803	1.7961E-01	3
38.912	-8.756	1.7721E-01	3
38.910	-8.710	1.7556E-01	2
38.908	-8.664	1.8629E-01	3
38.906	-8.619	1.7784E-01	2
38.904	-8.574	1.7235E-01	3
38.902	-8.529	1.7022E-01	3
38.900	-8.484	1.7229E-01	3
38.898	-8.440	1.6792E-01	2
38.896	-8.396	1.6745E-01	3
38.894	-8.352	1.6663E-01	3
38.892	-8.309	1.6671E-01	3
38.889	-8.265	1.6784E-01	3
38.914	-9.228	1.8383E-01	3
38.912	-9.181	1.8293E-01	0
38.910	-9.134	1.8418E-01	3
38.908	-9.084	1.8535E-01	0
38.906	-9.039	2.0231E-01	3
38.905	-8.992	1.9465E-01	0
38.903	-8.945	2.0009E-01	3
38.901	-8.897	1.9010E-01	0
38.899	-8.850	1.8124E-01	3
38.897	-8.804	1.7622E-01	1
38.895	-8.757	1.7327E-01	3
38.893	-8.711	1.7451E-01	0
38.891	-8.665	1.7527E-01	3
38.889	-8.619	1.7088E-01	1
38.887	-8.574	1.6882E-01	3
38.885	-8.530	1.7096E-01	0
38.883	-8.485	1.6767E-01	3
38.881	-8.440	1.6962E-01	0
38.879	-8.396	1.6983E-01	3
38.877	-8.353	1.6819E-01	0
38.875	-8.310	1.6834E-01	3
38.873	-8.266	1.6644E-01	0
38.897	-9.229	1.8098E-01	3
38.895	-9.181	1.8222E-01	3
38.893	-9.133	1.8415E-01	3
38.891	-9.085	1.8760E-01	3
38.889	-9.040	2.0793E-01	3
38.888	-8.993	1.9601E-01	3
38.886	-8.946	1.9593E-01	3
38.884	-8.898	1.8395E-01	3
38.882	-8.851	1.7709E-01	3
38.880	-8.805	1.7524E-01	3
38.878	-8.758	1.7552E-01	3
38.876	-8.712	1.7758E-01	2
38.874	-8.666	1.7704E-01	3
38.872	-8.620	1.7395E-01	3
38.871	-8.575	1.7436E-01	3
38.869	-8.530	1.6943E-01	1
38.867	-8.486	1.6813E-01	3
38.865	-8.441	1.6925E-01	2
38.863	-8.397	1.6906E-01	3
38.861	-8.353	1.6762E-01	2
38.859	-8.311	1.6818E-01	3
38.857	-8.267	1.6642E-01	3
38.879	-9.231	1.7981E-01	3
38.878	-9.182	1.7958E-01	0
38.876	-9.135	1.8723E-01	3
38.874	-9.088	2.0467E-01	0
38.872	-9.041	1.9626E-01	3
38.871	-8.994	1.8379E-01	0
38.869	-8.946	1.8530E-01	3
38.867	-8.899	1.8999E-01	0
38.865	-8.852	1.8127E-01	3
38.863	-8.805	1.7171E-01	0
38.861	-8.759	1.7886E-01	3
38.860	-8.713	1.7859E-01	0
38.858	-8.667	1.7523E-01	3
38.856	-8.621	1.7482E-01	0
38.854	-8.576	1.7496E-01	3
38.852	-8.531	1.7057E-01	0
38.850	-8.487	1.6832E-01	3
38.848	-8.443	1.6971E-01	0
38.846	-8.398	1.6773E-01	3
38.844	-8.354	1.6685E-01	0
38.843	-8.311	1.6631E-01	3
38.841	-8.268	1.6627E-01	0
38.862	-9.232	1.7879E-01	3
38.861	-9.185	1.8558E-01	3
38.859	-9.138	2.0082E-01	3
38.857	-9.090	2.1016E-01	3
38.855	-9.043	1.9327E-01	3
38.854	-8.995	1.8535E-01	3
38.852	-8.947	1.8225E-01	3
38.850	-8.900	1.7909E-01	3
38.848	-8.853	1.7519E-01	3
38.846	-8.806	1.7258E-01	3
38.845	-8.760	1.7417E-01	3
38.843	-8.714	1.7582E-01	3
38.841	-8.668	1.7335E-01	3
38.839	-8.622	1.7521E-01	3
38.837	-8.577	1.8023E-01	3
38.835	-8.532	1.7268E-01	1
38.834	-8.487	1.7035E-01	3
38.832	-8.443	1.7045E-01	2
38.830	-8.399	1.6696E-01	3
38.828	-8.355	1.6436E-01	2
38.826	-8.312	1.6567E-01	3
38.824	-8.269	1.6830E-01	2
38.845	-9.234	1.8197E-01	3
38.843	-9.188	1.9763E-01	0
38.842	-9.140	1.9224E-01	3
38.840	-9.091	2.0497E-01	0
38.838	-9.044	1.8767E-01	3
38.837	-8.996	1.8705E-01	0
38.835	-8.948	1.8526E-01	3
38.833	-8.901	1.8216E-01	0
38.831	-8.854	1.7531E-01	3
38.830	-8.807	1.7118E-01	0
38.828	-8.761	1.7449E-01	3
38.826	-8.715	1.7367E-01	0
38.824	-8.669	1.7100E-01	3
38.823	-8.623	1.6956E-01	0
38.821	-8.578	1.7430E-01	3
38.819	-8.533	1.7101E-01	0
38.817	-8.489	1.6903E-01	3
38.815	-8.444	1.7098E-01	0
38.814	-8.400	1.6776E-01	3
38.812	-8.356	1.6427E-01	0
38.810	-8.313	1.6380E-01	3
38.808	-8.269	1.6404E-01	2
38.828	-9.233	1.8158E-01	3
38.826	-9.187	1.8979E-01	2
38.825	-9.140	2.0043E-01	3
38.823	-9.092	2.0653E-01	3
38.821	-9.044	1.8827E-01	3
38.820	-8.997	1.8888E-01	3
38.818	-8.949	1.8592E-01	3
38.816	-8.902	1.8200E-01	3
38.815	-8.855	1.7659E-01	3
38.813	-8.808	1.7123E-01	2
38.811	-8.762	1.7309E-01	3
38.809	-8.716	1.7372E-01	2
38.808	-8.670	1.7070E-01	3
38.806	-8.625	1.6988E-01	3
38.804	-8.580	1.6995E-01	3
38.802	-8.535	1.6900E-01	2
38.801	-8.490	1.6875E-01	3
38.799	-8.445	1.6986E-01	2
38.797	-8.401	1.6980E-01	3
38.795	-8.357	1.6487E-01	1
38.794	-8.313	1.6577E-01	3
38.792	-8.270	1.6408E-01	3
38.894	-9.237	1.8105E-01	3
38.892	-9.188	1.8243E-01	0
38.890	-9.140	1.8374E-01	3
38.888	-9.093	1.9057E-01	0
38.886	-9.048	2.0669E-01	3
38.884	-9.001	1.9587E-01	0
38.882	-8.954	1.9531E-01	3
38.880	-8.907	1.8698E-01	0
38.878	-8.860	1.8010E-01	3
38.876	-8.813	1.7528E-01	0
38.874	-8.767	1.7694E-01	3
38.871	-8.720	1.7772E-01	0
38.869	-8.674	1.7649E-01	3
38.867	-8.629	1.7326E-01	0
38.865	-8.583	1.7560E-01	3
38.863	-8.539	1.7059E-01	0
38.861	-8.494	1.6943E-01	3
38.858	-8.450	1.7081E-01	0
38.856	-8.406	1.6974E-01	3
38.854	-8.362	1.6858E-01	2
38.852	-8.319	1.6845E-01	3
38.850	-8.276	1.6654E-01	0
38.877	-9.239	1.8144E-01	3
38.875	-9.190	1.8075E-01	2
38.873	-9.143	1.8834E-01	3
38.871	-9.096	2.0619E-01	3
38.869	-9.050	2.0253E-01	3
38.867	-9.002	1.8393E-01	3
38.865	-8.955	1.8482E-01	3
38.863	-8.907	1.9081E-01	3
38.861	-8.860	1.8131E-01	3
38.859	-8.814	1.7409E-01	3
38.857	-8.767	1.7747E-01	3
38.855	-8.721	1.8093E-01	3
38.853	-8.675	1.7777E-01	3
38.850	-8.629	1.7564E-01	2
38.848	-8.584	1.7785E-01	3
38.846	-8.539	1.7284E-01	3
38.844	-8.495	1.6996E-01	3
38.842	-8.451	1.7093E-01	3
38.840	-8.406	1.6869E-01	3
38.838	-8.362	1.6644E-01	3
38.836	-8.319	1.6679E-01	3
38.833	-8.277	1.6871E-01	3
38.860	-9.240	1.8086E-01	3
38.858	-9.193	1.8694E-01	0
38.856	-9.147	1.9923E-01	3
38.854	-9.098	2.0906E-01	0
38.852	-9.051	1.9658E-01	3
38.850	-9.003	1.8707E-01	0
38.848	-8.955	1.8439E-01	3
38.846	-8.908	1.8033E-01	0
38.844	-8.861	1.7703E-01	3
38.842	-8.815	1.7325E-01	0
38.840	-8.768	1.7449E-01	3
38.838	-8.722	1.7651E-01	0
38.836	-8.676	1.7493E-01	2
38.834	-8.630	1.7473E-01	0
38.832	-8.585	1.8139E-01	3
38.830	-8.540	1.7604E-01	0
38.828	-8.496	1.7118E-01	3
38.825	-8.451	1.7159E-01	0
38.823	-8.407	1.6785E-01	3
38.821	-8.363	1.6573E-01	0
38.819	-8.320	1.6492E-01	3
38.817	-8.277	1.6767E-01	0
38.843	-9.241	1.8195E-01	3
38.841	-9.196	1.9645E-01	3
38.839	-9.148	1.9411E-01	3
38.837	-9.099	2.0566E-01	3
38.835	-9.052	1.9070E-01	3
38.833	-9.004	1.8822E-01	3
38.831	-8.956	1.8657E-01	3
38.829	-8.909	1.8430E-01	3
38.827	-8.862	1.7907E-01	3
38.825	-8.815	1.7178E-01	0
38.823	-8.769	1.7481E-01	3
38.821	-8.723	1.7511E-01	1
38.819	-8.677	1.7141E-01	3
38.817	-8.632	1.7018E-01	2
38.815	-8.586	1.7197E-01	3
38.813	-8.542	1.7129E-01	3
38.811	-8.497	1.7026E-01	3
38.809	-8.452	1.7123E-01	3
38.807	-8.408	1.7133E-01	3
38.805	-8.364	1.6523E-01	3
38.803	-8.320	1.6503E-01	3
38.801	-8.277	1.6456E-01	3
38.825	-9.240	1.8392E-01	3
38.824	-9.194	1.8882E-01	0
38.822	-9.148	2.0302E-01	3
38.820	-9.099	2.0777E-01	0
38.818	-9.053	1.9061E-01	3
38.816	-9.005	1.8909E-01	0
38.814	-8.957	1.8861E-01	3
38.812	-8.910	1.8166E-01	0
38.810	-8.863	1.7815E-01	3
38.808	-8.816	1.7162E-01	0
38.806	-8.770	1.7280E-01	3
38.804	-8.724	1.7433E-01	0
38.803	-8.678	1.7173E-01	3
38.801	-8.633	1.7180E-01	0
38.799	-8.588	1.7016E-01	3
38.797	-8.543	1.6859E-01	2
38.795	-8.498	1.6935E-01	3
38.793	-8.454	1.7066E-01	0
38.791	-8.409	1.6897E-01	3
38.789	-8.365	1.6603E-01	0
38.787	-8.322	1.6686E-01	3
38.785	-8.279	1.6461E-01	0
38.808	-9.242	1.9921E-01	3
38.806	-9.195	2.1300E-01	3
38.805	-9.148	2.1313E-01	3
38.803	-9.101	2.0547E-01	3
38.801	-9.053	1.8838E-01	3
38.799	-9.006	1.8762E-01	3
38.797	-8.958	1.8927E-01	3
38.795	-8.911	1.8067E-01	3
38.793	-8.864	1.7682E-01	3
38.792	-8.817	1.7153E-01	3
38.790	-8.771	1.7229E-01	3
38.788	-8.725	1.7651E-01	3
38.786	-8.679	1.7514E-01	3
38.784	-8.634	1.7350E-01	3
38.782	-8.588	1.7110E-01	3
38.780	-8.543	1.6685E-01	3
38.778	-8.499	1.7043E-01	3
38.776	-8.455	1.6886E-01	3
38.774	-8.411	1.6799E-01	3
38.772	-8.367	1.6896E-01	3
38.770	-8.323	1.6897E-01	3
38.768	-8.280	1.6363E-01	3
38.791	-9.244	1.9409E-01	3
38.789	-9.197	2.1635E-01	0
38.788	-9.149	2.2275E-01	2
38.786	-9.102	2.1530E-01	0
38.784	-9.054	1.8794E-01	3
38.782	-9.006	1.8670E-01	0
38.780	-8.959	1.8966E-01	3
38.778	-8.912	1.8017E-01	0
38.777	-8.864	1.7880E-01	3
38.775	-8.818	1.7488E-01	0
38.773	-8.772	1.7516E-01	3
38.771	-8.725	1.7484E-01	2
38.769	-8.680	1.8000E-01	3
38.767	-8.634	1.7609E-01	1
38.765	-8.589	1.7334E-01	3
38.763	-8.544	1.6930E-01	0
38.762	-8.499	1.7157E-01	3
38.760	-8.455	1.6699E-01	0
38.758	-8.412	1.6859E-01	3
38.756	-8.368	1.6866E-01	0
38.754	-8.324	1.7038E-01	3
38.752	-8.281	1.6464E-01	0
38.774	-9.245	2.0758E-01	3
38.772	-9.198	2.1467E-01	3
38.770	-9.149	2.2562E-01	3
38.769	-9.102	2.1899E-01	3
38.767	-9.055	1.8785E-01	3
38.765	-9.007	1.8641E-01	3
38.763	-8.960	1.8985E-01	3
38.762	-8.913	1.8228E-01	3
38.760	-8.866	1.7685E-01	3
38.758	-8.819	1.7486E-01	3
38.756	-8.772	1.8070E-01	3
38.754	-8.726	1.7461E-01	3
38.752	-8.680	1.8004E-01	3
38.751	-8.635	1.7785E-01	3
38.749	-8.590	1.7195E-01	3
38.747	-8.546	1.7210E-01	3
38.745	-8.501	1.7471E-01	3
38.743	-8.456	1.6895E-01	3
38.741	-8.412	1.6631E-01	3
38.739	-8.368	1.6693E-01	3
38.738	-8.324	1.6571E-01	3
38.736	-8.281	1.6318E-01	3
38.757	-9.247	2.1999E-01	2
38.755	-9.199	2.2547E-01	0
38.753	-9.151	2.2359E-01	3
38.752	-9.103	2.1276E-01	0
38.750	-9.056	1.8618E-01	3
38.748	-9.008	1.8803E-01	0
38.746	-8.961	1.9884E-01	3
38.745	-8.914	1.8453E-01	0
38.743	-8.867	1.8054E-01	3
38.741	-8.820	1.7752E-01	0
38.739	-8.773	1.8171E-01	3
38.738	-8.727	1.7404E-01	0
38.736	-8.681	1.7384E-01	3
38.734	-8.636	1.8256E-01	0
38.732	-8.591	1.7646E-01	3
38.730	-8.546	1.7173E-01	0
38.729	-8.502	1.6858E-01	2
38.727	-8.458	1.6820E-01	0
38.725	-8.414	1.6766E-01	3
38.723	-8.369	1.6753E-01	0
38.721	-8.325	1.7027E-01	3
38.719	-8.282	1.6467E-01	0
38.739	-9.248	2.0394E-01	3
38.738	-9.199	2.0697E-01	3
38.736	-9.151	2.2088E-01	3
38.734	-9.104	2.0853E-01	3
38.733	-9.057	1.8553E-01	3
38.731	-9.009	1.8973E-01	3
38.729	-8.961	1.9668E-01	3
38.728	-8.914	1.9152E-01	3
38.726	-8.868	1.8155E-01	3
38.724	-8.821	1.7763E-01	3
38.723	-8.774	1.8288E-01	3
38.721	-8.728	1.8412E-01	3
38.719	-8.682	1.8213E-01	3
38.717	-8.637	1.7774E-01	3
38.716	-8.592	1.7225E-01	3
38.714	-8.547	1.6862E-01	3
38.712	-8.503	1.6630E-01	3
38.710	-8.458	1.6729E-01	3
38.709	-8.415	1.6873E-01	3
38.707	-8.371	1.6675E-01	3
38.705	-8.327	1.6471E-01	3
38.703	-8.283	1.6376E-01	3
38.806	-9.248	1.9866E-01	3
38.804	-9.200	2.1796E-01	0
38.802	-9.154	2.1795E-01	3
38.800	-9.106	2.1022E-01	0
38.798	-9.059	1.9072E-01	3
38.796	-9.012	1.8790E-01	0
38.793	-8.964	1.9093E-01	2
38.791	-8.917	1.8184E-01	0
38.789	-8.870	1.8012E-01	3
38.787	-8.823	1.7325E-01	0
38.785	-8.777	1.7333E-01	3
38.783	-8.731	1.7697E-01	0
38.781	-8.685	1.7931E-01	3
38.778	-8.640	1.7368E-01	0
38.776	-8.594	1.7446E-01	3
38.774	-8.549	1.6953E-01	0
38.772	-8.505	1.7283E-01	3
38.770	-8.461	1.6934E-01	0
38.768	-8.417	1.6934E-01	3
38.765	-8.373	1.6928E-01	1
38.763	-8.330	1.7157E-01	3
38.761	-8.286	1.6582E-01	0
38.789	-9.250	1.9243E-01	3
38.787	-9.203	2.1339E-01	3
38.785	-9.154	2.2165E-01	3
38.783	-9.107	2.2046E-01	3
38.781	-9.060	1.9008E-01	3
38.779	-9.012	1.8650E-01	3
38.776	-8.965	1.8959E-01	3
38.774	-8.918	1.8237E-01	3
38.772	-8.870	1.7880E-01	3
38.770	-8.824	1.7550E-01	3
38.768	-8.778	1.7640E-01	3
38.766	-8.732	1.7441E-01	2
38.764	-8.686	1.8011E-01	3
38.762	-8.640	1.7929E-01	3
38.760	-8.596	1.7362E-01	3
38.758	-8.550	1.6971E-01	3
38.755	-8.506	1.7233E-01	3
38.753	-8.461	1.6843E-01	3
38.751	-8.418	1.6823E-01	3
38.749	-8.374	1.6830E-01	3
38.747	-8.330	1.6854E-01	3
38.745	-8.287	1.6457E-01	3
38.769	-9.204	2.1653E-01	0
38.767	-9.155	2.2637E-01	3
38.766	-9.108	2.2174E-01	0
38.764	-9.061	1.9033E-01	3
38.762	-9.013	1.8716E-01	0
38.760	-8.966	1.9363E-01	3
38.757	-8.919	1.8551E-01	0
38.755	-8.872	1.7767E-01	3
38.753	-8.825	1.7665E-01	0
38.751	-8.778	1.8661E-01	3
38.749	-8.732	1.7720E-01	0
38.747	-8.686	1.7686E-01	3
38.745	-8.641	1.8050E-01	0
38.743	-8.596	1.7339E-01	3
38.741	-8.552	1.7450E-01	0
38.739	-8.507	1.7491E-01	3
38.737	-8.463	1.7067E-01	0
38.735	-8.419	1.6800E-01	3
38.733	-8.375	1.6801E-01	0
38.731	-8.331	1.6893E-01	3
38.728	-8.287	1.6462E-01	0
38.752	-9.204	2.2664E-01	3
38.750	-9.156	2.2586E-01	3
38.748	-9.109	2.1593E-01	2
38.747	-9.062	1.8817E-01	3
38.745	-9.014	1.8893E-01	2
38.743	-8.966	1.9801E-01	3
38.741	-8.919	1.8769E-01	2
38.739	-8.873	1.8391E-01	3
38.737	-8.826	1.7841E-01	3
38.735	-8.779	1.7883E-01	3
38.733	-8.733	1.7540E-01	3
38.731	-8.687	1.7629E-01	3
38.728	-8.642	1.8446E-01	3
38.726	-8.597	1.7872E-01	3
38.724	-8.552	1.7159E-01	1
38.722	-8.508	1.6797E-01	3
38.720	-8.464	1.6797E-01	3
38.718	-8.420	1.6997E-01	3
38.716	-8.376	1.6842E-01	3
38.714	-8.332	1.6843E-01	3
38.712	-8.288	1.6590E-01	3
38.735	-9.205	2.0359E-01	0
38.733	-9.157	2.1619E-01	3
38.731	-9.110	2.1191E-01	0
38.729	-9.063	1.8650E-01	3
38.728	-9.015	1.9035E-01	0
38.726	-8.967	1.9764E-01	3
38.724	-8.920	1.9406E-01	0
38.722	-8.873	1.8244E-01	3
38.720	-8.827	1.7887E-01	0
38.718	-8.780	1.8567E-01	3
38.716	-8.734	1.9076E-01	0
38.714	-8.688	1.8224E-01	3
38.712	-8.643	1.7579E-01	0
38.710	-8.598	1.7376E-01	3
38.708	-8.553	1.6890E-01	2
38.706	-8.509	1.6705E-01	3
38.704	-8.464	1.6877E-01	0
38.702	-8.421	1.6995E-01	3
38.700	-8.377	1.6628E-01	0
38.698	-8.333	1.6505E-01	3
38.696	-8.290	1.6355E-01	0
38.718	-9.206	2.0653E-01	3
38.716	-9.158	2.2044E-01	3
38.714	-9.111	2.0424E-01	3
38.712	-9.063	1.8654E-01	3
38.711	-9.016	1.9590E-01	3
38.709	-8.968	2.1385E-01	3
38.707	-8.921	2.0064E-01	3
38.705	-8.874	1.8441E-01	3
38.703	-8.828	1.7768E-01	3
38.701	-8.781	1.8421E-01	3
38.699	-8.735	1.9307E-01	3
38.697	-8.689	1.8847E-01	3
38.695	-8.644	1.8462E-01	3
38.693	-8.598	1.8293E-01	3
38.691	-8.554	1.7141E-01	3
38.689	-8.509	1.7492E-01	3
38.687	-8.465	1.7890E-01	3
38.686	-8.421	1.7102E-01	3
38.684	-8.378	1.6660E-01	3
38.682	-8.335	1.6531E-01	3
38.680	-8.291	1.6347E-01	3
38.701	-9.209	2.1725E-01	0
38.699	-9.161	2.0119E-01	3
38.697	-9.112	1.8542E-01	0
38.695	-9.064	1.8762E-01	3
38.694	-9.017	1.9127E-01	0
38.692	-8.969	1.9608E-01	3
38.690	-8.922	1.9821E-01	0
38.688	-8.875	1.7862E-01	3
38.686	-8.829	1.7560E-01	0
38.684	-8.782	1.8851E-01	3
38.682	-8.736	1.9249E-01	2
38.681	-8.690	1.8700E-01	3
38.679	-8.645	1.9482E-01	1
38.677	-8.599	1.8668E-01	3
38.675	-8.555	1.7009E-01	0
38.673	-8.510	1.7503E-01	3
38.671	-8.466	1.9210E-01	0
38.669	-8.422	1.8120E-01	3
38.667	-8.378	1.6617E-01	0
38.665	-8.335	1.6357E-01	3
38.663	-8.292	1.6242E-01	0
38.684	-9.210	1.8677E-01	3
38.682	-9.161	1.9924E-01	3
38.680	-9.113	1.8595E-01	3
38.678	-9.065	1.9255E-01	3
38.677	-9.018	1.9448E-01	3
38.675	-8.970	1.9894E-01	3
38.673	-8.923	1.9695E-01	3
38.671	-8.876	1.9110E-01	3
38.669	-8.830	1.7523E-01	3
38.668	-8.783	1.8382E-01	3
38.666	-8.737	1.9206E-01	3
38.664	-8.692	1.8931E-01	3
38.662	-8.646	1.8309E-01	3
38.660	-8.601	1.8028E-01	3
38.658	-8.556	1.7007E-01	3
38.656	-8.511	1.7179E-01	3
38.655	-8.467	1.7344E-01	3
38.653	-8.423	1.6906E-01	3
38.651	-8.379	1.6820E-01	3
38.649	-8.335	1.6602E-01	3
38.647	-8.292	1.6459E-01	3
38.666	-9.210	1.9915E-01	0
38.665	-9.162	2.1058E-01	3
38.663	-9.114	1.9109E-01	0
38.661	-9.066	2.1654E-01	3
38.660	-9.018	2.0456E-01	0
38.658	-8.971	1.9665E-01	3
38.656	-8.923	1.9025E-01	0
38.654	-8.877	1.8091E-01	3
38.653	-8.830	1.7418E-01	0
38.651	-8.784	1.8030E-01	3
38.649	-8.738	1.8668E-01	0
38.647	-8.692	1.9937E-01	3
38.645	-8.647	1.8067E-01	0
38.644	-8.602	1.6963E-01	3
38.642	-8.557	1.6546E-01	0
38.640	-8.513	1.6875E-01	3
38.638	-8.468	1.6719E-01	0
38.636	-8.424	1.6596E-01	3
38.634	-8.380	1.6380E-01	0
38.633	-8.336	1.6264E-01	3
38.631	-8.292	1.6313E-01	0
38.649	-9.211	2.0718E-01	3
38.648	-9.162	2.1633E-01	3
38.646	-9.115	2.0063E-01	3
38.644	-9.067	2.0475E-01	3
38.643	-9.019	2.0406E-01	3
38.641	-8.972	1.9484E-01	3
38.639	-8.924	1.9566E-01	3
38.637	-8.878	1.8796E-01	3
38.636	-8.831	1.7656E-01	3
38.634	-8.785	1.7595E-01	3
38.632	-8.739	1.8844E-01	3
38.630	-8.694	1.9969E-01	3
38.629	-8.648	1.7578E-01	3
38.627	-8.603	1.6625E-01	3
38.625	-8.558	1.6708E-01	3
38.623	-8.514	1.6956E-01	3
38.622	-8.470	1.6703E-01	3
38.620	-8.425	1.6642E-01	3
38.618	-8.381	1.6487E-01	3
38.616	-8.337	1.6365E-01	3
38.614	-8.293	1.6222E-01	3
38.613	-8.250	1.6196E-01	3
38.715	-9.215	2.1170E-01	0
38.713	-9.166	2.1803E-01	3
38.711	-9.119	2.0768E-01	0
38.709	-9.072	1.8661E-01	3
38.707	-9.024	1.9494E-01	1
38.705	-8.976	2.1247E-01	3
38.703	-8.929	2.0463E-01	0
38.701	-8.883	1.8606E-01	3
38.699	-8.836	1.7644E-01	0
38.696	-8.790	1.8373E-01	3
38.694	-8.744	1.9197E-01	0
38.692	-8.698	1.9204E-01	3
38.690	-8.652	1.9114E-01	0
38.688	-8.607	1.9059E-01	3
38.686	-8.562	1.7386E-01	0
38.683	-8.517	1.7642E-01	3
38.681	-8.473	1.9157E-01	0
38.679	-8.429	1.8116E-01	3
38.677	-8.386	1.6713E-01	0
38.675	-8.343	1.6551E-01	3
38.672	-8.299	1.6292E-01	0
38.670	-8.256	1.6587E-01	3
38.698	-9.217	2.1463E-01	3
38.696	-9.169	2.0064E-01	3
38.694	-9.121	1.8638E-01	3
38.692	-9.073	1.8803E-01	3
38.690	-9.025	1.9319E-01	3
38.688	-8.977	1.9656E-01	3
38.686	-8.930	2.0275E-01	3
38.684	-8.883	1.8377E-01	3
38.682	-8.837	1.7615E-01	3
38.680	-8.791	1.8673E-01	3
38.677	-8.745	1.9394E-01	3
38.675	-8.699	1.8515E-01	3
38.673	-8.653	1.9235E-01	3
38.671	-8.608	1.8570E-01	3
38.669	-8.563	1.7208E-01	3
38.667	-8.519	1.7195E-01	3
38.665	-8.474	1.8216E-01	3
38.663	-8.430	1.7710E-01	3
38.660	-8.386	1.6875E-01	3
38.658	-8.343	1.6693E-01	3
38.656	-8.300	1.6488E-01	3
38.654	-8.257	1.6982E-01	3
38.681	-9.218	1.8788E-01	0
38.679	-9.169	2.0420E-01	3
38.677	-9.121	1.9008E-01	1
38.675	-9.073	1.9648E-01	3
38.673	-9.026	1.9709E-01	2
38.671	-8.978	1.9881E-01	3
38.669	-8.931	1.9585E-01	1
38.667	-8.884	1.9199E-01	3
38.665	-8.838	1.7825E-01	0
38.663	-8.791	1.8203E-01	3
38.661	-8.746	1.9274E-01	0
38.659	-8.700	1.9226E-01	3
38.657	-8.654	1.8465E-01	0
38.655	-8.609	1.7889E-01	3
38.652	-8.564	1.7199E-01	0
38.650	-8.520	1.7111E-01	3
38.648	-8.475	1.7289E-01	0
38.646	-8.431	1.6872E-01	3
38.644	-8.387	1.6791E-01	0
38.642	-8.343	1.6620E-01	3
38.640	-8.300	1.6500E-01	0
38.638	-8.257	1.6597E-01	3
38.664	-9.218	1.9984E-01	3
38.662	-9.169	2.1285E-01	3
38.660	-9.122	1.9563E-01	3
38.658	-9.074	2.1544E-01	3
38.656	-9.026	2.1193E-01	3
38.654	-8.979	2.0002E-01	3
38.652	-8.932	1.9170E-01	3
38.650	-8.885	1.8469E-01	3
38.648	-8.839	1.7445E-01	3
38.646	-8.792	1.7748E-01	3
38.644	-8.746	1.8634E-01	3
38.642	-8.701	2.0116E-01	3
38.640	-8.655	1.8394E-01	3
38.638	-8.610	1.6749E-01	3
38.636	-8.565	1.6628E-01	3
38.634	-8.521	1.6992E-01	3
38.632	-8.477	1.6780E-01	3
38.630	-8.432	1.6726E-01	3
38.628	-8.388	1.6501E-01	3
38.626	-8.344	1.6340E-01	3
38.624	-8.301	1.6382E-01	3
38.621	-8.258	1.6389E-01	3
38.647	-9.219	2.0774E-01	0
38.645	-9.170	2.1626E-01	3
38.643	-9.123	2.0201E-01	0
38.641	-9.075	2.0193E-01	3
38.639	-9.027	2.0234E-01	0
38.637	-8.980	1.9319E-01	3
38.635	-8.932	1.9573E-01	0
38.633	-8.886	1.9373E-01	3
38.631	-8.839	1.8281E-01	0
38.629	-8.793	1.7746E-01	3
38.627	-8.747	1.8817E-01	0
38.625	-8.702	2.0340E-01	3
38.623	-8.656	1.8076E-01	0
38.621	-8.611	1.6863E-01	3
38.619	-8.566	1.6893E-01	0
38.617	-8.522	1.7003E-01	3
38.615	-8.478	1.6785E-01	0
38.613	-8.433	1.6669E-01	3
38.611	-8.389	1.6520E-01	0
38.609	-8.345	1.6475E-01	3
38.607	-8.301	1.6304E-01	1
38.605	-8.258	1.6189E-01	3
38.630	-9.220	2.0523E-01	3
38.628	-9.171	2.1417E-01	3
38.626	-9.123	2.1375E-01	3
38.624	-9.076	2.0156E-01	3
38.622	-9.028	1.9468E-01	3
38.620	-8.980	1.8966E-01	3
38.618	-8.933	1.9021E-01	3
38.616	-8.886	1.9742E-01	3
38.614	-8.840	2.0112E-01	3
38.613	-8.794	1.9673E-01	3
38.611	-8.748	1.9020E-01	3
38.609	-8.703	2.0001E-01	3
38.607	-8.658	1.8403E-01	3
38.605	-8.612	1.7293E-01	3
38.603	-8.567	1.6768E-01	3
38.601	-8.523	1.6830E-01	3
38.599	-8.479	1.6858E-01	3
38.597	-8.435	1.6880E-01	3
38.595	-8.390	1.6552E-01	3
38.593	-8.346	1.6397E-01	3
38.591	-8.302	1.6378E-01	3
38.589	-8.259	1.6215E-01	3
38.612	-9.221	1.9267E-01	1
38.611	-9.172	2.0823E-01	3
38.609	-9.124	2.0285E-01	0
38.607	-9.076	2.0436E-01	3
38.605	-9.028	1.9005E-01	0
38.603	-8.981	1.9397E-01	3
38.601	-8.934	1.9582E-01	0
38.599	-8.887	1.9739E-01	3
38.598	-8.841	2.0398E-01	0
38.596	-8.795	2.0164E-01	3
38.594	-8.749	1.8490E-01	0
38.592	-8.704	1.8606E-01	3
38.590	-8.659	1.8401E-01	0
38.588	-8.614	1.7197E-01	3
38.586	-8.569	1.7245E-01	0
38.584	-8.525	1.7123E-01	3
38.582	-8.480	1.6836E-01	0
38.581	-8.435	1.6679E-01	3
38.579	-8.391	1.6557E-01	0
38.577	-8.347	1.6375E-01	3
38.575	-8.304	1.6335E-01	0
38.573	-8.261	1.6151E-01	3
38.595	-9.222	1.8439E-01	3
38.593	-9.173	1.9533E-01	3
38.592	-9.125	1.8624E-01	3
38.590	-9.077	1.9746E-01	3
38.588	-9.029	1.9656E-01	3
38.586	-8.982	2.0563E-01	3
38.584	-8.934	1.9174E-01	3
38.583	-8.887	1.9428E-01	3
38.581	-8.842	1.9387E-01	3
38.579	-8.796	1.9393E-01	3
38.577	-8.751	1.8234E-01	3
38.575	-8.705	1.7706E-01	3
38.573	-8.659	1.7144E-01	3
38.572	-8.614	1.6948E-01	3
38.570	-8.569	1.6668E-01	3
38.568	-8.525	1.6854E-01	3
38.566	-8.481	1.6512E-01	3
38.564	-8.436	1.6527E-01	3
38.562	-8.392	1.6500E-01	3
38.560	-8.348	1.6441E-01	3
38.558	-8.305	1.6292E-01	3
38.557	-8.262	1.6272E-01	3
38.578	-9.223	1.8202E-01	2
38.576	-9.174	1.8670E-01	3
38.575	-9.125	1.8966E-01	0
38.573	-9.078	2.0245E-01	3
38.571	-9.030	2.0561E-01	0
38.569	-8.982	1.9454E-01	3
38.567	-8.934	1.9041E-01	0
38.566	-8.888	1.8924E-01	3
38.564	-8.843	1.8684E-01	0
38.562	-8.797	1.8437E-01	3
38.560	-8.752	1.8156E-01	0
38.559	-8.706	1.7135E-01	3
38.557	-8.660	1.6779E-01	0
38.555	-8.615	1.6754E-01	3
38.553	-8.570	1.6543E-01	0
38.551	-8.526	1.6448E-01	3
38.550	-8.482	1.6633E-01	0
38.548	-8.438	1.6675E-01	3
38.546	-8.393	1.6587E-01	0
38.544	-8.349	1.6378E-01	3
38.542	-8.306	1.6372E-01	0
38.540	-8.264	1.6222E-01	2
38.561	-9.224	1.8042E-01	3
38.559	-9.175	1.8358E-01	3
38.557	-9.126	1.8455E-01	3
38.556	-9.078	2.0428E-01	3
38.554	-9.031	2.0483E-01	3
38.552	-8.983	1.9376E-01	3
38.551	-8.934	1.7603E-01	3
38.549	-8.890	1.8785E-01	3
38.547	-8.844	1.9519E-01	3
38.545	-8.799	1.8764E-01	3
38.544	-8.753	1.7948E-01	3
38.542	-8.707	1.7002E-01	3
38.540	-8.661	1.6811E-01	3
38.538	-8.616	1.6848E-01	3
38.537	-8.571	1.6671E-01	3
38.535	-8.527	1.6726E-01	3
38.533	-8.484	1.6864E-01	3
38.531	-8.439	1.6748E-01	3
38.529	-8.395	1.6648E-01	3
38.528	-8.350	1.6342E-01	3
38.526	-8.308	1.6356E-01	3
38.524	-8.266	1.6309E-01	3
38.627	-9.227	2.0227E-01	0
38.625	-9.177	2.1245E-01	3
38.623	-9.129	2.1451E-01	0
38.621	-9.082	2.0548E-01	3
38.619	-9.034	1.9399E-01	1
38.616	-8.986	1.9200E-01	3
38.614	-8.939	1.9069E-01	0
38.612	-8.893	1.9941E-01	3
38.610	-8.846	2.0401E-01	0
38.608	-8.800	2.0290E-01	3
38.606	-8.754	1.9048E-01	0
38.603	-8.709	1.9583E-01	3
38.601	-8.664	1.9130E-01	0
38.599	-8.619	1.7540E-01	3
38.597	-8.574	1.7033E-01	0
38.595	-8.530	1.7205E-01	3
38.593	-8.485	1.7036E-01	0
38.590	-8.441	1.6914E-01	3
38.588	-8.396	1.6702E-01	0
38.586	-8.353	1.6464E-01	3
38.584	-8.309	1.6410E-01	0
38.581	-8.266	1.6331E-01	3
38.610	-9.228	1.8909E-01	3
38.608	-9.178	2.0940E-01	3
38.606	-9.130	2.0010E-01	3
38.604	-9.082	2.0539E-01	3
38.602	-9.035	1.9198E-01	3
38.599	-8.987	1.9575E-01	3
38.597	-8.940	1.9582E-01	3
38.595	-8.893	1.9568E-01	3
38.593	-8.847	2.0130E-01	3
38.591	-8.801	2.0061E-01	3
38.589	-8.755	1.8627E-01	3
38.587	-8.710	1.8202E-01	3
38.585	-8.665	1.7804E-01	3
38.583	-8.620	1.7236E-01	3
38.580	-8.575	1.7209E-01	3
38.578	-8.531	1.7032E-01	3
38.576	-8.486	1.6802E-01	3
38.574	-8.442	1.6727E-01	3
38.572	-8.397	1.6632E-01	3
38.570	-8.353	1.6537E-01	3
38.567	-8.310	1.6422E-01	3
38.565	-8.267	1.6295E-01	3
38.593	-9.228	1.8349E-01	0
38.591	-9.179	1.9340E-01	3
38.589	-9.131	1.8686E-01	0
38.587	-9.083	1.9759E-01	3
38.585	-9.036	1.9889E-01	2
38.582	-8.988	2.1154E-01	3
38.580	-8.940	1.9463E-01	1
38.578	-8.893	1.9758E-01	3
38.576	-8.848	1.9510E-01	0
38.574	-8.802	1.9428E-01	3
38.572	-8.757	1.8542E-01	0
38.570	-8.711	1.7713E-01	3
38.568	-8.665	1.7124E-01	0
38.566	-8.620	1.6898E-01	3
38.564	-8.575	1.6700E-01	0
38.562	-8.531	1.6838E-01	3
38.560	-8.487	1.6663E-01	0
38.558	-8.443	1.6732E-01	3
38.555	-8.398	1.6637E-01	0
38.553	-8.355	1.6494E-01	3
38.551	-8.311	1.6358E-01	0
38.549	-8.269	1.6293E-01	3
38.575	-9.229	1.8216E-01	3
38.573	-9.180	1.8732E-01	3
38.571	-9.131	1.8808E-01	3
38.569	-9.083	2.0575E-01	3
38.568	-9.036	2.0753E-01	3
38.565	-8.988	1.9309E-01	3
38.563	-8.940	1.8822E-01	3
38.561	-8.894	1.8547E-01	3
38.559	-8.849	1.8677E-01	3
38.557	-8.803	1.8389E-01	3
38.555	-8.758	1.8245E-01	3
38.553	-8.712	1.7135E-01	3
38.551	-8.666	1.6875E-01	3
38.549	-8.621	1.6882E-01	3
38.547	-8.576	1.6746E-01	3
38.545	-8.532	1.6557E-01	3
38.543	-8.488	1.6743E-01	3
38.541	-8.444	1.6853E-01	3
38.539	-8.400	1.6772E-01	3
38.537	-8.355	1.6499E-01	3
38.535	-8.313	1.6509E-01	3
38.533	-8.270	1.6407E-01	3
38.558	-9.230	1.7994E-01	0
38.556	-9.180	1.8365E-01	3
38.554	-9.132	1.8159E-01	0
38.552	-9.084	1.9803E-01	3
38.550	-9.037	2.0407E-01	0
38.548	-8.989	1.9376E-01	3
38.546	-8.940	1.7555E-01	0
38.545	-8.896	1.9155E-01	3
38.543	-8.850	2.0006E-01	0
38.541	-8.805	1.9011E-01	3
38.539	-8.759	1.8099E-01	0
38.537	-8.713	1.7208E-01	3
38.535	-8.667	1.6770E-01	0
38.533	-8.622	1.6860E-01	3
38.531	-8.578	1.6703E-01	0
38.529	-8.534	1.6788E-01	3
38.527	-8.490	1.7001E-01	0
38.525	-8.445	1.6796E-01	3
38.523	-8.401	1.6605E-01	0
38.521	-8.357	1.6428E-01	3
38.519	-8.314	1.6438E-01	1
38.517	-8.272	1.6364E-01	3
38.541	-9.231	1.7971E-01	3
38.539	-9.182	1.8212E-01	3
38.537	-9.133	1.8054E-01	3
38.535	-9.085	1.7992E-01	3
38.533	-9.037	1.9133E-01	3
38.532	-8.989	1.9002E-01	3
38.530	-8.941	1.7684E-01	3
38.528	-8.897	2.1062E-01	3
38.526	-8.851	2.0546E-01	3
38.524	-8.805	1.9269E-01	3
38.522	-8.760	1.8536E-01	3
38.520	-8.714	1.7453E-01	3
38.518	-8.668	1.6802E-01	3
38.516	-8.623	1.6967E-01	3
38.514	-8.579	1.6920E-01	3
38.512	-8.535	1.6943E-01	3
38.510	-8.491	1.6910E-01	3
38.508	-8.446	1.6822E-01	3
38.506	-8.402	1.6713E-01	3
38.504	-8.359	1.6550E-01	3
38.502	-8.315	1.6491E-01	3
38.500	-8.273	1.6423E-01	3
38.524	-9.232	1.7865E-01	1
38.522	-9.183	1.8354E-01	3
38.520	-9.134	1.7983E-01	0
38.518	-9.086	1.8437E-01	3
38.516	-9.038	1.8519E-01	0
38.515	-8.990	1.8210E-01	3
38.513	-8.944	1.7325E-01	0
38.511	-8.899	1.7908E-01	3
38.509	-8.852	1.9055E-01	0
38.507	-8.806	1.8979E-01	3
38.505	-8.761	1.8465E-01	0
38.503	-8.715	1.7409E-01	3
38.501	-8.669	1.6869E-01	0
38.500	-8.624	1.6842E-01	3
38.498	-8.580	1.6849E-01	0
38.496	-8.535	1.6784E-01	3
38.494	-8.492	1.6791E-01	0
38.492	-8.447	1.6710E-01	3
38.490	-8.403	1.6615E-01	0
38.488	-8.360	1.6657E-01	3
38.486	-8.317	1.6687E-01	0
38.484	-8.274	1.6442E-01	3
38.507	-9.233	1.7918E-01	3
38.505	-9.184	1.8799E-01	3
38.503	-9.135	1.8104E-01	3
38.501	-9.086	1.7905E-01	3
38.499	-9.038	1.7741E-01	3
38.498	-8.990	1.7363E-01	3
38.496	-8.944	1.8256E-01	3
38.494	-8.900	1.8689E-01	3
38.492	-8.853	1.8195E-01	3
38.490	-8.807	1.9827E-01	3
38.489	-8.762	1.8312E-01	3
38.487	-8.716	1.7668E-01	3
38.485	-8.670	1.7003E-01	3
38.483	-8.625	1.6943E-01	3
38.481	-8.581	1.7025E-01	3
38.479	-8.536	1.6850E-01	3
38.477	-8.492	1.6728E-01	3
38.475	-8.448	1.6619E-01	3
38.474	-8.405	1.6524E-01	3
38.472	-8.362	1.6431E-01	3
38.470	-8.318	1.6494E-01	3
38.468	-8.275	1.6501E-01	3
38.489	-9.234	1.7978E-01	2
38.488	-9.185	1.8521E-01	3
38.486	-9.135	1.8411E-01	1
38.484	-9.087	1.8391E-01	3
38.482	-9.038	1.7629E-01	0
38.481	-8.990	1.7402E-01	3
38.479	-8.947	1.8604E-01	0
38.477	-8.901	2.0114E-01	3
38.475	-8.854	1.8158E-01	0
38.474	-8.808	1.8604E-01	3
38.472	-8.763	1.8378E-01	0
38.470	-8.717	1.7755E-01	3
38.468	-8.671	1.7001E-01	0
38.466	-8.627	1.7098E-01	3
38.465	-8.582	1.7053E-01	0
38.463	-8.537	1.6944E-01	3
38.461	-8.493	1.6657E-01	0
38.459	-8.450	1.6631E-01	3
38.457	-8.407	1.6741E-01	0
38.455	-8.363	1.6539E-01	3
38.454	-8.319	1.6437E-01	0
38.452	-8.276	1.6411E-01	3
38.472	-9.235	1.8031E-01	3
38.471	-9.185	1.8650E-01	3
38.469	-9.135	1.9000E-01	3
38.467	-9.087	1.9275E-01	3
38.465	-9.038	1.7551E-01	3
38.464	-8.993	1.7723E-01	3
38.462	-8.948	1.7867E-01	3
38.460	-8.902	1.8760E-01	3
38.459	-8.855	1.9199E-01	3
38.457	-8.809	1.7806E-01	3
38.455	-8.764	1.8054E-01	3
38.453	-8.718	1.7766E-01	3
38.452	-8.672	1.6993E-01	3
38.450	-8.628	1.7418E-01	3
38.448	-8.583	1.6777E-01	3
38.446	-8.539	1.6935E-01	3
38.445	-8.495	1.6758E-01	3
38.443	-8.451	1.6889E-01	3
38.441	-8.408	1.6862E-01	3
38.439	-8.364	1.6653E-01	3
38.437	-8.321	1.6503E-01	3
38.435	-8.278	1.6361E-01	3
38.539	-9.239	1.8012E-01	2
38.536	-9.190	1.8198E-01	3
38.534	-9.142	1.8184E-01	0
38.532	-9.093	1.8116E-01	3
38.530	-9.045	1.8741E-01	0
38.528	-8.998	1.9044E-01	3
38.526	-8.951	1.7704E-01	0
38.524	-8.905	2.0169E-01	3
38.521	-8.859	2.0862E-01	0
38.519	-8.814	1.9455E-01	3
38.517	-8.768	1.8645E-01	0
38.515	-8.723	1.7782E-01	3
38.513	-8.677	1.6891E-01	0
38.511	-8.631	1.7001E-01	3
38.508	-8.587	1.6927E-01	0
38.506	-8.543	1.6839E-01	3
38.504	-8.499	1.6917E-01	0
38.502	-8.454	1.6849E-01	3
38.500	-8.411	1.6761E-01	0
38.497	-8.367	1.6679E-01	3
38.495	-8.324	1.6667E-01	0
38.493	-8.281	1.6512E-01	3
38.521	-9.240	1.8037E-01	3
38.519	-9.191	1.8553E-01	3
38.517	-9.143	1.8141E-01	3
38.515	-9.094	1.8519E-01	3
38.513	-9.046	1.8368E-01	3
38.511	-8.998	1.8338E-01	3
38.509	-8.952	1.7469E-01	3
38.507	-8.907	1.7771E-01	3
38.505	-8.861	1.8636E-01	3
38.502	-8.814	1.9610E-01	3
38.500	-8.769	1.8773E-01	3
38.498	-8.723	1.7759E-01	3
38.496	-8.678	1.7067E-01	3
38.494	-8.632	1.6938E-01	3
38.492	-8.588	1.6993E-01	3
38.490	-8.543	1.6946E-01	3
38.488	-8.499	1.6901E-01	3
38.485	-8.455	1.6778E-01	3
38.483	-8.412	1.6649E-01	3
38.481	-8.369	1.6616E-01	3
38.479	-8.325	1.6610E-01	3
38.477	-8.282	1.6626E-01	3
38.504	-9.241	1.8049E-01	0
38.502	-9.192	1.8764E-01	3
38.500	-9.143	1.8475E-01	0
38.498	-9.094	1.7995E-01	3
38.496	-9.046	1.7844E-01	0
38.494	-8.998	1.7471E-01	3
38.492	-8.951	1.8378E-01	0
38.490	-8.908	1.9540E-01	3
38.488	-8.862	1.8250E-01	0
38.486	-8.815	1.9573E-01	3
38.484	-8.770	1.8798E-01	0
38.482	-8.724	1.7997E-01	3
38.479	-8.679	1.7209E-01	0
38.477	-8.634	1.7093E-01	3
38.475	-8.589	1.7244E-01	0
38.473	-8.544	1.6971E-01	3
38.471	-8.500	1.6830E-01	0
38.469	-8.456	1.6667E-01	3
38.467	-8.414	1.6702E-01	0
38.465	-8.370	1.6573E-01	3
38.463	-8.326	1.6574E-01	0
38.460	-8.283	1.6563E-01	3
38.487	-9.242	1.8081E-01	3
38.485	-9.193	1.8576E-01	3
38.483	-9.143	1.8693E-01	3
38.481	-9.094	1.8913E-01	3
38.479	-9.047	1.7855E-01	3
38.477	-8.998	1.7469E-01	3
38.475	-8.955	1.8295E-01	3
38.473	-8.909	1.9805E-01	3
38.471	-8.862	1.8604E-01	3
38.469	-8.816	1.8049E-01	3
38.467	-8.771	1.8248E-01	3
38.465	-8.725	1.8029E-01	3
38.463	-8.680	1.7043E-01	3
38.461	-8.635	1.7194E-01	3
38.459	-8.590	1.7112E-01	3
38.457	-8.545	1.7072E-01	3
38.455	-8.502	1.6849E-01	3
38.453	-8.458	1.6891E-01	3
38.451	-8.415	1.6953E-01	3
38.448	-8.371	1.6892E-01	3
38.446	-8.328	1.6599E-01	3
38.444	-8.284	1.6472E-01	3
38.470	-9.242	1.8086E-01	0
38.468	-9.193	1.8553E-01	3
38.466	-9.143	1.8870E-01	0
38.464	-9.094	1.9406E-01	3
38.462	-9.047	1.7727E-01	0
38.460	-9.001	1.7791E-01	3
38.458	-8.956	1.7854E-01	0
38.456	-8.910	1.8471E-01	3
38.454	-8.863	1.9562E-01	0
38.452	-8.817	1.8273E-01	3
38.450	-8.772	1.8143E-01	0
38.448	-8.726	1.8129E-01	3
38.446	-8.681	1.7198E-01	0
38.444	-8.636	1.7609E-01	3
38.442	-8.591	1.6939E-01	0
38.440	-8.547	1.6885E-01	3
38.438	-8.503	1.6881E-01	0
38.436	-8.459	1.6957E-01	3
38.434	-8.416	1.6876E-01	0
38.432	-8.373	1.6610E-01	3
38.430	-8.330	1.6599E-01	0
38.428	-8.287	1.6477E-01	3
38.453	-9.243	1.8076E-01	3
38.451	-9.193	1.8049E-01	3
38.449	-9.143	1.8599E-01	3
38.447	-9.095	1.9458E-01	3
38.445	-9.048	1.8613E-01	3
38.443	-9.004	1.7618E-01	3
38.441	-8.957	1.7714E-01	3
38.439	-8.911	1.8023E-01	3
38.437	-8.864	1.8682E-01	3
38.435	-8.818	1.9038E-01	3
38.433	-8.773	1.8750E-01	3
38.432	-8.727	1.8360E-01	3
38.430	-8.682	1.7936E-01	3
38.428	-8.637	1.7689E-01	3
38.426	-8.592	1.7115E-01	3
38.424	-8.548	1.7261E-01	3
38.422	-8.504	1.6988E-01	3
38.420	-8.460	1.6757E-01	3
38.418	-8.417	1.7188E-01	3
38.416	-8.373	1.6594E-01	3
38.414	-8.331	1.6645E-01	3
38.412	-8.287	1.6700E-01	3
38.435	-9.244	1.8074E-01	0
38.433	-9.194	1.8274E-01	3
38.432	-9.145	1.8391E-01	0
38.430	-9.099	1.7917E-01	3
38.428	-9.052	1.7485E-01	0
38.426	-9.005	1.7341E-01	3
38.424	-8.958	1.7321E-01	0
38.422	-8.911	1.7328E-01	3
38.421	-8.865	1.7528E-01	0
38.419	-8.819	1.8933E-01	3
38.417	-8.774	1.8961E-01	0
38.415	-8.728	1.9200E-01	3
38.413	-8.683	1.8735E-01	0
38.411	-8.638	1.8187E-01	3
38.409	-8.594	1.8310E-01	0
38.407	-8.550	1.7854E-01	3
38.405	-8.505	1.7308E-01	0
38.403	-8.462	1.7390E-01	3
38.401	-8.418	1.7316E-01	0
38.399	-8.374	1.6633E-01	3
38.398	-8.332	1.6759E-01	0
38.396	-8.289	1.6835E-01	3
38.418	-9.245	1.8086E-01	3
38.416	-9.195	1.8052E-01	3
38.415	-9.148	1.7530E-01	3
38.413	-9.101	1.7345E-01	3
38.411	-9.053	1.7345E-01	3
38.409	-9.006	1.7236E-01	3
38.407	-8.959	1.7202E-01	3
38.406	-8.912	1.7223E-01	3
38.404	-8.866	1.7237E-01	3
38.402	-8.820	1.8383E-01	3
38.400	-8.774	1.9397E-01	3
38.398	-8.729	2.1164E-01	3
38.396	-8.684	2.0588E-01	3
38.394	-8.639	1.8329E-01	3
38.393	-8.594	1.7945E-01	3
38.391	-8.550	1.8023E-01	3
38.389	-8.506	1.7928E-01	3
38.387	-8.463	1.7887E-01	3
38.385	-8.419	1.7047E-01	3
38.383	-8.375	1.6891E-01	3
38.381	-8.332	1.6716E-01	3
38.379	-8.290	1.6560E-01	3
38.401	-9.246	1.7871E-01	0
38.399	-9.197	1.7568E-01	3
38.398	-9.149	1.7383E-01	0
38.396	-9.101	1.7301E-01	2
38.394	-9.054	1.7364E-01	0
38.392	-9.007	1.7275E-01	2
38.390	-8.960	1.7179E-01	0
38.389	-8.913	1.7139E-01	3
38.387	-8.867	1.7126E-01	0
38.385	-8.821	1.7990E-01	3
38.383	-8.775	1.9285E-01	0
38.382	-8.730	2.0168E-01	3
38.380	-8.684	2.0133E-01	0
38.378	-8.640	1.8778E-01	3
38.376	-8.595	1.8381E-01	0
38.374	-8.551	1.8452E-01	3
38.372	-8.508	1.8903E-01	0
38.371	-8.464	1.7537E-01	3
38.369	-8.419	1.6984E-01	0
38.367	-8.376	1.7121E-01	3
38.365	-8.333	1.6687E-01	0
38.363	-8.291	1.6838E-01	3
38.384	-9.247	1.7841E-01	3
38.382	-9.198	1.7573E-01	3
38.380	-9.150	1.7381E-01	3
38.379	-9.102	1.7375E-01	3
38.377	-9.055	1.7437E-01	3
38.375	-9.008	1.7355E-01	3
38.374	-8.961	1.7198E-01	3
38.372	-8.914	1.7123E-01	3
38.370	-8.868	1.7137E-01	3
38.368	-8.822	1.7645E-01	3
38.367	-8.776	1.9200E-01	3
38.365	-8.731	1.9693E-01	3
38.363	-8.685	2.0405E-01	3
38.361	-8.640	1.8741E-01	3
38.360	-8.596	1.8482E-01	3
38.358	-8.552	1.7896E-01	3
38.356	-8.509	1.7766E-01	3
38.354	-8.464	1.7234E-01	3
38.352	-8.420	1.7064E-01	3
38.350	-8.377	1.6737E-01	3
38.450	-9.249	1.8193E-01	2
38.448	-9.200	1.8221E-01	3
38.445	-9.149	1.8734E-01	0
38.443	-9.102	1.9470E-01	3
38.441	-9.055	1.8707E-01	0
38.439	-9.010	1.7677E-01	3
38.437	-8.963	1.7705E-01	0
38.435	-8.917	1.7822E-01	3
38.433	-8.870	1.8309E-01	0
38.430	-8.824	1.9269E-01	3
38.428	-8.779	1.8915E-01	0
38.426	-8.734	1.8682E-01	3
38.424	-8.689	1.8319E-01	0
38.422	-8.644	1.8107E-01	3
38.420	-8.599	1.7868E-01	0
38.417	-8.555	1.7649E-01	3
38.415	-8.510	1.7308E-01	0
38.413	-8.467	1.7055E-01	3
38.411	-8.424	1.7632E-01	0
38.409	-8.380	1.6779E-01	3
38.406	-8.337	1.6814E-01	0
38.404	-8.294	1.6992E-01	3
38.402	-8.251	1.6660E-01	0
38.430	-9.200	1.8294E-01	3
38.428	-9.152	1.8198E-01	3
38.426	-9.106	1.7738E-01	3
38.424	-9.058	1.7455E-01	3
38.422	-9.011	1.7353E-01	3
38.420	-8.964	1.7360E-01	3
38.418	-8.918	1.7271E-01	3
38.416	-8.871	1.7395E-01	3
38.414	-8.825	1.8664E-01	3
38.412	-8.780	1.9139E-01	3
38.409	-8.734	1.9611E-01	3
38.407	-8.689	1.9453E-01	3
38.405	-8.645	1.8372E-01	3
38.403	-8.600	1.8228E-01	3
38.401	-8.556	1.7948E-01	3
38.399	-8.511	1.7887E-01	3
38.397	-8.468	1.7732E-01	3
38.394	-8.425	1.7514E-01	3
38.392	-8.380	1.6824E-01	3
38.390	-8.338	1.6866E-01	3
38.388	-8.295	1.6846E-01	3
38.386	-8.252	1.6720E-01	3
38.413	-9.202	1.8079E-01	3
38.411	-9.154	1.7598E-01	0
38.409	-9.107	1.7400E-01	3
38.407	-9.059	1.7432E-01	0
38.405	-9.012	1.7371E-01	3
38.403	-8.965	1.7282E-01	0
38.401	-8.918	1.7255E-01	3
38.399	-8.872	1.7304E-01	0
38.397	-8.826	1.8108E-01	3
38.395	-8.781	1.9417E-01	0
38.393	-8.735	2.1527E-01	3
38.391	-8.690	2.1642E-01	0
38.389	-8.645	1.8465E-01	3
38.386	-8.601	1.8233E-01	0
38.384	-8.556	1.8322E-01	3
38.382	-8.512	1.8356E-01	0
38.380	-8.469	1.7949E-01	3
38.378	-8.425	1.7074E-01	0
38.376	-8.381	1.7130E-01	3
38.374	-8.338	1.6741E-01	0
38.372	-8.296	1.6776E-01	3
38.369	-8.253	1.6861E-01	0
38.396	-9.203	1.7692E-01	3
38.394	-9.155	1.7514E-01	3
38.392	-9.107	1.7404E-01	3
38.390	-9.060	1.7506E-01	3
38.388	-9.013	1.7444E-01	3
38.386	-8.966	1.7335E-01	3
38.384	-8.919	1.7274E-01	3
38.382	-8.873	1.7213E-01	3
38.380	-8.827	1.7818E-01	3
38.378	-8.781	1.9490E-01	3
38.376	-8.736	1.9655E-01	3
38.374	-8.690	2.0209E-01	3
38.372	-8.646	1.9319E-01	3
38.370	-8.601	1.8539E-01	3
38.368	-8.557	1.8436E-01	3
38.366	-8.514	1.8703E-01	3
38.364	-8.470	1.7564E-01	3
38.362	-8.425	1.7182E-01	3
38.360	-8.382	1.7135E-01	3
38.357	-8.340	1.6767E-01	3
38.355	-8.298	1.6872E-01	3
38.353	-8.254	1.6750E-01	3
38.379	-9.204	1.7566E-01	3
38.377	-9.156	1.7416E-01	0
38.375	-9.108	1.7368E-01	3
38.373	-9.061	1.7423E-01	0
38.371	-9.014	1.7360E-01	3
38.369	-8.967	1.7271E-01	0
38.367	-8.920	1.7169E-01	3
38.365	-8.874	1.7128E-01	0
38.363	-8.828	1.7405E-01	3
38.361	-8.782	1.9029E-01	0
38.359	-8.737	1.9775E-01	3
38.357	-8.691	2.0028E-01	0
38.355	-8.646	1.8693E-01	3
38.353	-8.602	1.8509E-01	0
38.351	-8.558	1.8058E-01	3
38.362	-9.205	1.7598E-01	3
38.360	-9.157	1.7427E-01	3
38.358	-9.109	1.7469E-01	3
38.356	-9.062	1.7510E-01	3
38.354	-9.015	1.7392E-01	3
38.352	-8.968	1.7358E-01	3
38.350	-8.921	1.7201E-01	3
38.359	-9.213	1.7653E-01	3
38.357	-9.165	1.7496E-01	0
38.355	-9.117	1.7510E-01	3
38.353	-9.070	1.7556E-01	0
38.351	-9.023	1.7461E-01	3
