39.349	-8.515	1.7637E-01	0
39.347	-8.479	1.6997E-01	2
39.345	-8.442	1.5415E-01	0
39.343	-8.406	1.6165E-01	2
39.341	-8.372	1.6587E-01	0
39.340	-8.337	1.8560E-01	2
39.338	-8.302	2.1365E-01	0
39.336	-8.267	2.0030E-01	2
39.349	-8.807	1.6631E-01	0
39.347	-8.769	1.7270E-01	3
39.345	-8.732	1.7017E-01	0
39.343	-8.696	1.7191E-01	3
39.341	-8.660	1.7296E-01	0
39.340	-8.624	1.7438E-01	3
39.338	-8.588	1.7592E-01	0
39.336	-8.552	1.8211E-01	3
39.334	-8.517	1.7311E-01	0
39.332	-8.481	1.9212E-01	3
39.330	-8.444	1.8356E-01	0
39.328	-8.408	1.7250E-01	3
39.327	-8.374	1.7638E-01	0
39.325	-8.339	2.0196E-01	3
39.323	-8.304	1.9715E-01	0
39.321	-8.269	1.8159E-01	3
39.348	-8.487	1.7162E-01	2
39.346	-8.450	1.5757E-01	0
39.344	-8.414	1.5893E-01	2
39.342	-8.379	1.6682E-01	0
39.340	-8.344	1.7578E-01	2
39.338	-8.310	2.1745E-01	0
39.336	-8.275	2.0150E-01	2
39.350	-8.777	1.6901E-01	3
39.348	-8.739	1.7005E-01	0
39.346	-8.703	1.7357E-01	3
39.344	-8.667	1.7194E-01	0
39.342	-8.631	1.7445E-01	3
39.340	-8.595	1.7351E-01	0
39.338	-8.560	1.8268E-01	3
39.336	-8.524	1.7381E-01	0
39.333	-8.488	1.8710E-01	3
39.331	-8.452	1.9080E-01	0
39.329	-8.416	1.6806E-01	3
39.327	-8.381	1.7771E-01	0
39.325	-8.346	1.9086E-01	3
39.323	-8.311	2.0792E-01	0
39.321	-8.276	1.7665E-01	3
39.349	-9.041	1.7776E-01	0
39.347	-9.002	1.8319E-01	2
39.345	-8.965	1.7855E-01	0
39.343	-8.927	1.7636E-01	2
39.341	-8.889	1.7612E-01	0
39.339	-8.853	1.9457E-01	2
39.337	-8.816	1.7305E-01	0
39.335	-8.777	1.7720E-01	2
39.333	-8.740	1.7392E-01	0
39.331	-8.704	1.7591E-01	2
39.329	-8.668	1.7461E-01	0
39.327	-8.632	1.7621E-01	2
39.325	-8.597	1.7476E-01	0
39.323	-8.561	1.7879E-01	2
39.321	-8.525	1.8352E-01	0
39.319	-8.489	1.8195E-01	2
39.316	-8.454	1.7266E-01	0
39.314	-8.418	1.7876E-01	2
39.312	-8.383	1.6598E-01	0
39.310	-8.347	1.8166E-01	2
39.308	-8.312	1.7383E-01	0
39.306	-8.277	1.8392E-01	2
39.343	-9.238	2.4839E-01	3
39.341	-9.200	2.3777E-01	0
39.339	-9.159	2.4216E-01	3
39.337	-9.120	2.0356E-01	0
39.335	-9.081	1.7920E-01	3
39.333	-9.042	1.8647E-01	0
39.331	-9.004	1.7318E-01	3
39.329	-8.966	1.6925E-01	0
39.327	-8.929	1.9199E-01	3
39.325	-8.891	1.9016E-01	0
39.323	-8.854	1.8275E-01	3
39.321	-8.817	1.7132E-01	0
39.319	-8.779	1.7693E-01	3
39.317	-8.742	1.7105E-01	0
39.315	-8.706	1.7087E-01	2
39.313	-8.670	1.8678E-01	0
39.312	-8.634	1.7689E-01	3
39.310	-8.598	1.7184E-01	0
39.308	-8.562	1.7910E-01	3
39.306	-8.526	1.7989E-01	0
39.303	-8.490	1.6214E-01	3
39.301	-8.454	1.7632E-01	0
39.299	-8.419	1.6910E-01	3
39.297	-8.383	1.7129E-01	0
39.295	-8.348	1.8646E-01	3
39.293	-8.313	1.7939E-01	0
39.291	-8.278	1.8677E-01	3
39.327	-9.239	2.8466E-01	3
39.326	-9.201	2.6693E-01	0
39.324	-9.160	2.3844E-01	2
39.322	-9.120	2.3303E-01	0
39.320	-9.082	1.9930E-01	2
39.318	-9.044	1.8441E-01	0
39.316	-9.005	1.8939E-01	2
39.314	-8.967	1.9120E-01	0
39.312	-8.930	2.0183E-01	2
39.310	-8.892	2.0275E-01	0
39.308	-8.855	1.9532E-01	2
39.306	-8.817	1.9043E-01	0
39.304	-8.780	1.8525E-01	2
39.302	-8.743	1.7732E-01	0
39.300	-8.707	1.7380E-01	2
39.298	-8.671	1.7756E-01	0
39.296	-8.635	1.8419E-01	2
39.294	-8.599	1.7887E-01	0
39.293	-8.563	1.7579E-01	2
39.291	-8.527	1.7714E-01	0
39.288	-8.490	1.6652E-01	2
39.286	-8.454	1.6076E-01	0
39.285	-8.419	1.6352E-01	2
39.283	-8.384	1.9879E-01	0
39.281	-8.349	1.6288E-01	2
39.279	-8.314	1.6854E-01	0
39.277	-8.280	1.8105E-01	2
39.312	-9.239	3.1013E-01	3
39.310	-9.201	2.8506E-01	0
39.308	-9.161	2.6380E-01	3
39.306	-9.121	2.9264E-01	0
39.304	-9.083	2.2615E-01	3
39.302	-9.045	1.9000E-01	0
39.300	-9.006	1.8742E-01	3
39.298	-8.968	1.7999E-01	0
39.297	-8.931	1.9236E-01	3
39.295	-8.894	2.1049E-01	0
39.293	-8.856	1.7737E-01	3
39.291	-8.818	1.7836E-01	0
39.289	-8.782	1.8778E-01	2
39.287	-8.745	1.7580E-01	0
39.285	-8.709	1.7797E-01	2
39.283	-8.672	1.7934E-01	0
39.281	-8.636	1.7516E-01	2
39.279	-8.601	1.7741E-01	0
39.277	-8.564	1.8333E-01	3
39.276	-8.528	1.6888E-01	0
39.274	-8.492	1.6175E-01	3
39.272	-8.456	1.7451E-01	0
39.270	-8.420	1.8836E-01	2
39.268	-8.385	1.7768E-01	0
39.266	-8.351	1.8036E-01	2
39.264	-8.316	1.9616E-01	0
39.262	-8.281	1.9313E-01	2
39.296	-9.240	3.3610E-01	3
39.294	-9.201	3.3221E-01	0
39.292	-9.163	2.4141E-01	3
39.291	-9.124	2.3645E-01	0
39.289	-9.084	2.3326E-01	3
39.287	-9.046	2.0986E-01	0
39.285	-9.007	2.0394E-01	3
39.283	-8.969	2.0790E-01	0
39.281	-8.932	1.8108E-01	3
39.279	-8.895	1.7066E-01	0
39.277	-8.858	1.7617E-01	2
39.276	-8.820	1.9347E-01	0
39.274	-8.783	1.8636E-01	2
39.272	-8.747	1.7947E-01	0
39.270	-8.710	1.7630E-01	2
39.268	-8.674	1.7850E-01	0
39.266	-8.638	1.7826E-01	3
39.264	-8.602	1.8863E-01	0
39.262	-8.565	1.9423E-01	3
39.260	-8.529	1.7021E-01	0
39.259	-8.493	1.7448E-01	2
39.257	-8.457	1.8110E-01	0
39.255	-8.422	1.7205E-01	2
39.253	-8.387	1.8172E-01	0
39.251	-8.352	1.8642E-01	2
39.249	-8.317	1.8050E-01	0
39.247	-8.283	1.9662E-01	2
39.280	-9.241	3.3686E-01	3
39.279	-9.203	3.3059E-01	0
39.277	-9.165	3.1738E-01	2
39.275	-9.125	2.7141E-01	0
39.273	-9.086	2.5592E-01	3
39.271	-9.047	2.3988E-01	0
39.269	-9.009	1.9355E-01	3
39.268	-8.971	2.0357E-01	0
39.266	-8.934	1.7210E-01	3
39.264	-8.896	1.8211E-01	0
39.262	-8.859	1.6820E-01	2
39.260	-8.821	1.7801E-01	0
39.258	-8.785	1.6933E-01	2
39.257	-8.748	1.8002E-01	0
39.255	-8.711	1.8920E-01	2
39.253	-8.675	1.8076E-01	0
39.251	-8.639	1.7254E-01	2
39.249	-8.603	1.8551E-01	0
39.247	-8.567	1.9505E-01	2
39.245	-8.530	1.7705E-01	0
39.244	-8.494	1.6833E-01	2
39.242	-8.458	1.6562E-01	0
39.240	-8.423	1.9519E-01	2
39.238	-8.388	1.6871E-01	0
39.236	-8.354	1.6190E-01	2
39.234	-8.319	1.8244E-01	0
39.232	-8.284	1.6664E-01	2
39.231	-8.250	1.6420E-01	0
39.333	-9.245	2.6803E-01	2
39.330	-9.207	2.6738E-01	0
39.328	-9.166	2.4118E-01	2
39.326	-9.126	2.2426E-01	0
39.324	-9.088	2.0338E-01	2
39.322	-9.050	1.8384E-01	0
39.320	-9.011	1.8533E-01	2
39.317	-8.973	1.8776E-01	0
39.315	-8.936	2.1087E-01	3
39.313	-8.898	2.0084E-01	0
39.311	-8.861	1.9576E-01	2
39.309	-8.824	1.9255E-01	0
39.307	-8.786	1.8640E-01	2
39.304	-8.749	1.7904E-01	0
39.302	-8.713	1.7545E-01	2
39.300	-8.677	1.7927E-01	0
39.298	-8.641	1.8667E-01	2
39.296	-8.605	1.8090E-01	0
39.294	-8.570	1.7700E-01	2
39.292	-8.534	1.7886E-01	0
39.289	-8.497	1.7032E-01	2
39.287	-8.461	1.6172E-01	0
39.285	-8.425	1.6213E-01	2
39.283	-8.390	1.9809E-01	0
39.281	-8.356	1.6966E-01	2
39.278	-8.321	1.6822E-01	0
39.276	-8.286	1.8200E-01	2
39.274	-8.252	1.9204E-01	0
39.317	-9.245	3.1599E-01	3
39.315	-9.207	2.7827E-01	0
39.313	-9.167	2.5603E-01	3
39.310	-9.127	2.7926E-01	0
39.308	-9.089	2.2163E-01	3
39.306	-9.051	1.9517E-01	0
39.304	-9.012	1.9206E-01	3
39.302	-8.974	1.8253E-01	0
39.300	-8.937	1.9331E-01	2
39.298	-8.900	2.1202E-01	0
39.296	-8.862	1.8793E-01	2
39.293	-8.824	1.7982E-01	0
39.291	-8.788	1.8892E-01	2
39.289	-8.751	1.7783E-01	0
39.287	-8.715	1.7956E-01	2
39.285	-8.678	1.8023E-01	0
39.283	-8.642	1.7649E-01	2
39.281	-8.607	1.7818E-01	0
39.279	-8.571	1.8428E-01	2
39.277	-8.535	1.7219E-01	0
39.274	-8.498	1.6434E-01	2
39.272	-8.462	1.7185E-01	0
39.270	-8.427	1.8640E-01	2
39.268	-8.391	1.8440E-01	0
39.266	-8.357	1.7801E-01	2
39.264	-8.322	1.9775E-01	0
39.262	-8.288	1.9617E-01	2
39.259	-8.253	1.8069E-01	0
39.301	-9.246	3.2275E-01	2
39.299	-9.207	3.3317E-01	0
39.297	-9.169	2.4906E-01	2
39.295	-9.129	2.7109E-01	0
39.293	-9.090	2.3742E-01	2
39.291	-9.051	1.9929E-01	0
39.289	-9.012	2.0235E-01	2
39.287	-8.975	1.9952E-01	0
39.285	-8.938	1.9081E-01	2
39.282	-8.901	1.7435E-01	0
39.280	-8.864	1.7585E-01	2
39.278	-8.826	1.8616E-01	0
39.276	-8.789	1.9159E-01	2
39.274	-8.752	1.7947E-01	0
39.272	-8.716	1.7662E-01	2
39.270	-8.680	1.7843E-01	0
39.268	-8.644	1.8003E-01	2
39.266	-8.608	1.8660E-01	0
39.264	-8.572	1.9829E-01	2
39.262	-8.535	1.7472E-01	0
39.259	-8.499	1.7296E-01	2
39.257	-8.463	1.8294E-01	0
39.255	-8.428	1.7446E-01	2
39.253	-8.393	1.7912E-01	0
39.251	-8.359	1.9149E-01	2
39.249	-8.324	1.7701E-01	0
39.247	-8.289	1.9605E-01	2
39.245	-8.255	2.0055E-01	0
39.285	-9.247	3.5707E-01	3
39.283	-9.208	3.4467E-01	0
39.281	-9.170	2.9521E-01	2
39.279	-9.131	2.5816E-01	0
39.277	-9.092	2.5968E-01	3
39.275	-9.053	2.4624E-01	0
39.273	-9.015	2.0267E-01	3
39.271	-8.976	2.0840E-01	0
39.269	-8.939	1.7394E-01	3
39.267	-8.902	1.8580E-01	0
39.265	-8.865	1.7113E-01	2
39.263	-8.827	1.8487E-01	0
39.261	-8.791	1.7581E-01	2
39.259	-8.754	1.8002E-01	0
39.257	-8.717	1.9078E-01	2
39.255	-8.681	1.8419E-01	0
39.253	-8.645	1.7432E-01	2
39.251	-8.609	1.8487E-01	0
39.249	-8.573	1.9715E-01	2
39.246	-8.536	1.8035E-01	0
39.244	-8.500	1.7016E-01	2
39.242	-8.465	1.6752E-01	0
39.240	-8.429	1.9101E-01	2
39.238	-8.394	1.7606E-01	0
39.236	-8.360	1.6317E-01	2
39.234	-8.325	1.7928E-01	0
39.232	-8.290	1.6860E-01	2
39.230	-8.256	1.6218E-01	0
39.270	-9.248	2.7458E-01	2
39.268	-9.209	3.4763E-01	0
39.266	-9.171	3.5387E-01	2
39.264	-9.132	3.0602E-01	0
39.262	-9.093	2.2038E-01	2
39.260	-9.054	2.1022E-01	0
39.258	-9.015	2.0997E-01	2
39.256	-8.978	1.8370E-01	0
39.254	-8.940	1.6186E-01	2
39.252	-8.903	1.6283E-01	0
39.250	-8.865	1.6806E-01	2
39.248	-8.828	1.7165E-01	0
39.246	-8.792	1.6646E-01	2
39.244	-8.755	1.6605E-01	0
39.242	-8.718	1.7515E-01	2
39.240	-8.682	1.8229E-01	0
39.238	-8.646	1.7430E-01	2
39.236	-8.610	1.8005E-01	0
39.234	-8.574	1.9231E-01	2
39.232	-8.538	1.8420E-01	0
39.229	-8.502	1.6914E-01	2
39.227	-8.466	1.7302E-01	0
39.225	-8.431	1.8484E-01	2
39.223	-8.396	1.6884E-01	0
39.221	-8.361	1.8178E-01	2
39.219	-8.326	1.9385E-01	0
39.217	-8.292	1.6675E-01	2
39.215	-8.257	1.7198E-01	0
39.254	-9.250	3.0121E-01	2
39.252	-9.210	3.3814E-01	0
39.250	-9.172	3.9989E-01	2
39.248	-9.133	3.2153E-01	0
39.246	-9.094	2.2337E-01	3
39.244	-9.055	2.3496E-01	0
39.242	-9.016	2.1224E-01	2
39.240	-8.979	2.0298E-01	0
39.238	-8.942	1.7240E-01	3
39.236	-8.904	1.6250E-01	0
39.234	-8.866	1.6876E-01	3
39.232	-8.830	1.6516E-01	0
39.230	-8.793	1.6716E-01	2
39.228	-8.756	1.6679E-01	0
39.227	-8.720	1.7373E-01	2
39.224	-8.683	1.8335E-01	0
39.223	-8.648	1.8102E-01	2
39.221	-8.611	1.8752E-01	0
39.219	-8.575	1.8633E-01	2
39.216	-8.539	1.7500E-01	0
39.214	-8.503	1.7863E-01	2
39.212	-8.468	1.7556E-01	0
39.210	-8.432	1.7861E-01	2
39.208	-8.397	1.6711E-01	0
39.206	-8.362	1.6193E-01	2
39.204	-8.328	1.6102E-01	0
39.202	-8.293	1.7302E-01	2
39.200	-8.258	1.6924E-01	0
39.237	-9.212	3.3148E-01	0
39.235	-9.173	3.5967E-01	2
39.233	-9.134	3.5826E-01	0
39.231	-9.095	2.5632E-01	2
39.229	-9.056	2.1476E-01	0
39.227	-9.017	1.8582E-01	2
39.225	-8.980	1.7930E-01	0
39.223	-8.943	1.6990E-01	2
39.221	-8.906	1.6745E-01	0
39.219	-8.868	1.6601E-01	2
39.217	-8.831	1.7384E-01	0
39.215	-8.794	1.7642E-01	2
39.213	-8.757	1.6710E-01	0
39.211	-8.721	1.7494E-01	2
39.209	-8.685	1.7965E-01	0
39.207	-8.649	1.8889E-01	2
39.205	-8.612	1.9359E-01	0
39.203	-8.576	1.8633E-01	2
39.201	-8.540	1.8342E-01	0
39.199	-8.504	1.7863E-01	2
39.198	-8.469	1.7884E-01	0
39.196	-8.434	1.9135E-01	2
39.194	-8.399	1.7255E-01	0
39.192	-8.364	1.7258E-01	2
39.190	-8.329	1.6968E-01	0
39.188	-8.294	1.6788E-01	2
39.186	-8.260	1.5784E-01	0
39.221	-9.213	3.3706E-01	0
39.219	-9.174	3.7240E-01	2
39.217	-9.135	3.5626E-01	0
39.215	-9.096	2.6222E-01	2
39.213	-9.056	2.0526E-01	0
39.211	-9.017	1.6973E-01	2
39.209	-8.981	1.8838E-01	0
39.208	-8.944	1.9578E-01	3
39.206	-8.907	1.8200E-01	0
39.204	-8.869	1.7547E-01	3
39.202	-8.832	1.7327E-01	0
39.200	-8.795	1.6789E-01	2
39.198	-8.758	1.7643E-01	0
39.196	-8.722	1.8419E-01	2
39.194	-8.686	1.8168E-01	0
39.192	-8.650	1.8532E-01	2
39.190	-8.613	1.9611E-01	0
39.188	-8.577	1.9462E-01	2
39.186	-8.541	1.8734E-01	0
39.185	-8.506	1.8020E-01	2
39.183	-8.471	1.7395E-01	0
39.181	-8.435	1.7289E-01	2
39.179	-8.400	1.6501E-01	0
39.177	-8.365	1.6110E-01	2
39.175	-8.330	1.6107E-01	0
39.173	-8.296	1.5589E-01	2
39.171	-8.261	1.6403E-01	0
39.205	-9.214	2.6993E-01	0
39.203	-9.175	3.0296E-01	2
39.202	-9.136	3.9537E-01	0
39.200	-9.097	3.3407E-01	2
39.198	-9.055	2.5196E-01	0
39.196	-9.017	1.6558E-01	2
39.194	-8.982	1.6713E-01	0
39.192	-8.945	1.7898E-01	2
39.190	-8.908	1.7645E-01	0
39.188	-8.870	1.6587E-01	2
39.187	-8.832	1.6366E-01	0
39.185	-8.796	1.7761E-01	2
39.183	-8.759	1.8467E-01	0
39.181	-8.724	1.8018E-01	2
39.179	-8.687	1.7729E-01	0
39.177	-8.651	1.8314E-01	2
39.175	-8.615	1.8844E-01	0
39.173	-8.578	1.9720E-01	2
39.171	-8.542	1.7884E-01	0
39.170	-8.507	1.9432E-01	2
39.168	-8.471	1.6291E-01	0
39.166	-8.436	1.7072E-01	2
39.164	-8.401	1.7950E-01	0
39.162	-8.366	1.7134E-01	2
39.160	-8.331	1.5940E-01	0
39.158	-8.297	1.5792E-01	2
39.156	-8.262	1.6111E-01	0
39.190	-9.215	3.5339E-01	0
39.188	-9.176	2.3990E-01	2
39.186	-9.137	2.6914E-01	0
39.184	-9.096	3.5091E-01	2
39.182	-9.053	2.1962E-01	0
39.180	-9.020	1.6403E-01	2
39.179	-8.984	1.6610E-01	0
39.177	-8.946	1.6784E-01	2
39.175	-8.908	1.6819E-01	0
39.173	-8.871	1.7125E-01	2
39.171	-8.834	1.8074E-01	0
39.169	-8.798	1.9036E-01	2
39.168	-8.761	2.0713E-01	0
39.166	-8.725	1.9535E-01	2
39.164	-8.689	1.9028E-01	0
39.162	-8.652	1.8777E-01	2
39.160	-8.616	1.9248E-01	0
39.158	-8.579	1.8274E-01	2
39.156	-8.544	1.8351E-01	0
39.155	-8.508	1.8767E-01	3
39.153	-8.472	1.8128E-01	0
39.151	-8.437	1.6850E-01	2
39.149	-8.402	1.7853E-01	0
39.147	-8.367	1.7058E-01	2
39.145	-8.333	1.5996E-01	0
39.143	-8.298	1.5810E-01	2
39.141	-8.264	1.6433E-01	0
39.242	-9.219	3.1454E-01	0
39.240	-9.180	3.5244E-01	2
39.238	-9.141	3.7322E-01	0
39.235	-9.102	2.6727E-01	2
39.233	-9.064	2.3992E-01	0
39.231	-9.024	2.1059E-01	2
39.229	-8.987	1.8102E-01	0
39.227	-8.950	1.7380E-01	2
39.225	-8.913	1.6491E-01	0
39.222	-8.875	1.6773E-01	2
39.220	-8.838	1.6674E-01	0
39.218	-8.801	1.7362E-01	2
39.216	-8.764	1.6767E-01	0
39.214	-8.728	1.7176E-01	2
39.212	-8.692	1.8264E-01	0
39.209	-8.656	1.8501E-01	2
39.207	-8.620	1.9556E-01	0
39.205	-8.584	1.8772E-01	2
39.203	-8.547	1.8393E-01	0
39.201	-8.511	1.7971E-01	2
39.199	-8.476	1.8036E-01	0
39.196	-8.441	1.8926E-01	2
39.194	-8.406	1.7470E-01	0
39.192	-8.371	1.7619E-01	2
39.190	-8.337	1.6837E-01	0
39.188	-8.302	1.6889E-01	2
39.185	-8.267	1.5936E-01	0
39.226	-9.220	3.1225E-01	0
39.224	-9.181	3.7304E-01	2
39.222	-9.142	3.7886E-01	0
39.220	-9.104	2.8306E-01	2
39.218	-9.064	2.1050E-01	0
39.215	-9.024	1.7437E-01	2
39.213	-8.988	1.8501E-01	0
39.211	-8.951	1.9254E-01	2
39.209	-8.914	1.8263E-01	0
39.207	-8.876	1.7148E-01	2
39.205	-8.839	1.7505E-01	0
39.203	-8.802	1.7672E-01	2
39.201	-8.765	1.7357E-01	0
39.199	-8.729	1.7956E-01	2
39.196	-8.693	1.8594E-01	0
39.194	-8.657	1.8157E-01	2
39.192	-8.621	1.9715E-01	0
39.190	-8.585	1.9614E-01	2
39.188	-8.548	1.9369E-01	0
39.186	-8.513	1.7982E-01	2
39.184	-8.478	1.7586E-01	0
39.181	-8.443	1.7448E-01	2
39.179	-8.408	1.6773E-01	0
39.177	-8.373	1.6167E-01	2
39.175	-8.338	1.6164E-01	0
39.173	-8.303	1.5608E-01	2
39.171	-8.268	1.6334E-01	0
39.211	-9.222	3.0050E-01	0
39.208	-9.182	3.1589E-01	2
39.206	-9.143	3.8777E-01	0
39.204	-9.105	3.3331E-01	2
39.202	-9.064	2.4287E-01	0
39.200	-9.024	1.7194E-01	2
39.198	-8.989	1.6898E-01	0
39.196	-8.952	1.7961E-01	2
39.194	-8.915	1.8162E-01	0
39.192	-8.877	1.7127E-01	2
39.190	-8.840	1.6404E-01	0
39.188	-8.803	1.7259E-01	2
39.185	-8.767	1.8435E-01	0
39.183	-8.730	1.7969E-01	2
39.181	-8.695	1.7932E-01	0
39.179	-8.658	1.8252E-01	2
39.177	-8.622	1.8768E-01	0
39.175	-8.585	1.9359E-01	2
39.173	-8.549	1.7808E-01	0
39.171	-8.514	1.9578E-01	2
39.169	-8.479	1.6722E-01	0
39.167	-8.443	1.6908E-01	2
39.164	-8.408	1.7576E-01	0
39.162	-8.373	1.7763E-01	2
39.160	-8.339	1.5998E-01	0
39.158	-8.304	1.5824E-01	2
39.156	-8.270	1.6060E-01	0
39.195	-9.222	3.2862E-01	0
39.193	-9.183	2.5463E-01	3
39.191	-9.144	2.7010E-01	0
39.189	-9.105	3.6007E-01	3
39.186	-9.062	2.6956E-01	0
39.184	-9.025	1.6704E-01	2
39.183	-8.990	1.6788E-01	0
39.181	-8.953	1.6854E-01	2
39.178	-8.916	1.7124E-01	0
39.176	-8.878	1.6922E-01	2
39.174	-8.841	1.7719E-01	0
39.172	-8.804	1.8559E-01	2
39.170	-8.768	2.0497E-01	0
39.168	-8.732	1.9529E-01	2
39.166	-8.696	1.8984E-01	0
39.164	-8.659	1.8746E-01	2
39.162	-8.623	1.8893E-01	0
39.160	-8.586	1.7900E-01	2
39.158	-8.551	1.7736E-01	0
39.156	-8.516	1.8722E-01	2
39.154	-8.480	1.8457E-01	0
39.152	-8.444	1.7053E-01	3
39.150	-8.409	1.7486E-01	0
39.147	-8.375	1.7407E-01	3
39.145	-8.340	1.6243E-01	0
39.143	-8.305	1.5721E-01	3
39.141	-8.271	1.6471E-01	0
39.179	-9.224	3.1652E-01	0
39.177	-9.184	3.1554E-01	2
39.175	-9.145	2.6523E-01	0
39.173	-9.104	2.9437E-01	2
39.171	-9.062	1.9727E-01	0
39.169	-9.028	1.9234E-01	2
39.167	-8.992	1.6895E-01	0
39.165	-8.955	1.7083E-01	2
39.163	-8.917	1.8330E-01	0
39.161	-8.879	1.7666E-01	2
39.159	-8.843	1.7597E-01	0
39.157	-8.806	1.8266E-01	2
39.155	-8.769	1.9018E-01	0
39.153	-8.733	1.8638E-01	2
39.151	-8.697	1.8673E-01	0
39.149	-8.661	1.9442E-01	2
39.147	-8.624	2.0314E-01	0
39.145	-8.587	1.6465E-01	2
39.143	-8.552	1.8871E-01	0
39.141	-8.517	1.8416E-01	2
39.139	-8.481	1.6378E-01	0
39.137	-8.446	1.6982E-01	2
39.135	-8.411	1.7986E-01	0
39.133	-8.376	1.6271E-01	2
39.131	-8.341	1.5825E-01	0
39.129	-8.307	1.6827E-01	2
39.127	-8.272	1.6983E-01	0
39.164	-9.225	2.8745E-01	0
39.162	-9.185	3.4352E-01	2
39.160	-9.146	2.8309E-01	0
39.158	-9.105	2.2443E-01	3
39.156	-9.068	1.9473E-01	0
39.154	-9.031	1.7973E-01	3
39.152	-8.993	1.7626E-01	0
39.150	-8.956	1.8104E-01	3
39.148	-8.919	1.9124E-01	0
39.146	-8.881	1.8032E-01	3
39.144	-8.844	1.7430E-01	0
39.142	-8.807	1.7345E-01	2
39.140	-8.771	1.7137E-01	0
39.138	-8.735	1.9165E-01	2
39.136	-8.698	1.9191E-01	0
39.134	-8.662	1.9309E-01	2
39.132	-8.625	1.8732E-01	0
39.130	-8.589	1.7452E-01	2
39.128	-8.554	1.8705E-01	0
39.126	-8.518	2.0272E-01	2
39.124	-8.483	1.7112E-01	0
39.122	-8.447	1.6969E-01	3
39.120	-8.412	1.6724E-01	0
39.118	-8.377	1.5948E-01	3
39.116	-8.342	1.6767E-01	0
39.114	-8.308	1.6448E-01	3
39.112	-8.274	1.5842E-01	0
39.148	-9.226	3.1035E-01	0
39.146	-9.187	3.0488E-01	2
39.144	-9.146	3.1880E-01	0
39.142	-9.107	2.2969E-01	2
39.140	-9.070	1.9414E-01	0
39.138	-9.032	1.8011E-01	2
39.136	-8.995	1.7135E-01	0
39.134	-8.957	1.8535E-01	2
39.132	-8.920	1.9262E-01	0
39.131	-8.882	1.7897E-01	2
39.129	-8.845	1.8104E-01	0
39.127	-8.809	1.7286E-01	2
39.125	-8.772	1.7410E-01	0
39.123	-8.736	1.8471E-01	2
39.121	-8.699	1.8777E-01	0
39.119	-8.663	1.8419E-01	2
39.117	-8.627	1.8940E-01	0
39.115	-8.591	1.8030E-01	2
39.113	-8.555	1.8456E-01	0
39.111	-8.519	2.0379E-01	2
39.109	-8.484	1.7262E-01	0
39.107	-8.448	1.7247E-01	2
39.105	-8.413	1.7027E-01	0
39.103	-8.378	1.6555E-01	2
39.101	-8.344	1.7196E-01	0
39.099	-8.310	1.7763E-01	2
39.097	-8.275	1.7494E-01	0
39.132	-9.227	2.8991E-01	0
39.130	-9.188	3.4470E-01	2
39.128	-9.146	2.6302E-01	0
39.127	-9.109	2.1701E-01	3
39.125	-9.071	1.8816E-01	0
39.123	-9.033	1.7170E-01	2
39.121	-8.996	1.7057E-01	0
39.119	-8.959	1.7925E-01	2
39.117	-8.921	1.8403E-01	0
39.115	-8.883	1.7592E-01	2
39.113	-8.846	1.7251E-01	0
39.111	-8.810	1.7843E-01	2
39.109	-8.774	1.8564E-01	0
39.108	-8.737	1.8482E-01	2
39.106	-8.701	1.8079E-01	0
39.104	-8.664	1.7725E-01	2
39.102	-8.628	1.8179E-01	0
39.100	-8.592	1.7438E-01	3
39.098	-8.556	1.7422E-01	0
39.096	-8.520	1.8546E-01	2
39.094	-8.485	1.7655E-01	0
39.092	-8.449	1.7872E-01	3
39.090	-8.414	1.6742E-01	0
39.088	-8.379	1.6078E-01	3
39.086	-8.345	1.6031E-01	0
39.084	-8.311	1.5755E-01	3
39.082	-8.276	1.6081E-01	0
39.117	-9.228	3.0090E-01	0
39.115	-9.187	2.6243E-01	2
39.113	-9.147	2.6707E-01	0
39.111	-9.111	2.1148E-01	3
39.109	-9.073	1.9425E-01	0
39.107	-9.034	1.7162E-01	3
39.106	-8.997	1.6688E-01	0
39.104	-8.960	1.7529E-01	3
39.102	-8.922	1.6597E-01	0
39.100	-8.885	1.8036E-01	3
39.098	-8.848	1.7669E-01	0
39.096	-8.811	1.8834E-01	2
39.094	-8.775	1.9038E-01	0
39.092	-8.738	1.7277E-01	2
39.090	-8.702	1.8154E-01	0
39.089	-8.665	1.8220E-01	2
39.087	-8.629	1.9021E-01	0
39.085	-8.593	1.9605E-01	2
39.083	-8.557	1.8289E-01	0
39.081	-8.522	1.6897E-01	3
39.079	-8.486	1.6741E-01	0
39.077	-8.451	1.7427E-01	2
39.075	-8.416	1.7354E-01	0
39.073	-8.381	1.5756E-01	2
39.071	-8.347	1.7055E-01	0
39.069	-8.312	1.9236E-01	2
39.068	-8.278	1.7503E-01	0
39.101	-9.229	3.3671E-01	0
39.099	-9.188	3.2656E-01	2
39.097	-9.149	2.4613E-01	0
39.096	-9.112	2.0013E-01	2
39.094	-9.074	2.1184E-01	0
39.092	-9.035	1.9489E-01	2
39.090	-8.998	1.8727E-01	0
39.088	-8.962	1.6983E-01	2
39.086	-8.923	1.6635E-01	0
39.085	-8.886	1.9412E-01	2
39.083	-8.849	1.9631E-01	0
39.081	-8.813	1.9486E-01	3
39.079	-8.776	1.8886E-01	0
39.077	-8.739	1.7922E-01	2
39.075	-8.703	2.0982E-01	0
39.073	-8.666	2.0020E-01	2
39.072	-8.630	1.9862E-01	0
39.070	-8.594	1.9504E-01	3
39.068	-8.559	1.7533E-01	0
39.066	-8.523	1.8158E-01	3
39.064	-8.488	1.6968E-01	0
39.062	-8.452	1.6775E-01	3
39.060	-8.417	1.6403E-01	0
39.058	-8.382	1.8325E-01	2
39.057	-8.348	1.7226E-01	0
39.055	-8.313	1.6551E-01	3
39.053	-8.279	1.6326E-01	0
39.153	-9.232	3.0261E-01	0
39.151	-9.192	3.1863E-01	2
39.149	-9.153	3.4158E-01	0
39.146	-9.113	2.3962E-01	2
39.144	-9.076	2.0306E-01	0
39.142	-9.038	1.8990E-01	2
39.140	-9.000	1.7402E-01	0
39.138	-8.963	1.8435E-01	2
39.136	-8.926	1.9758E-01	0
39.133	-8.888	1.8323E-01	2
39.131	-8.851	1.8294E-01	0
39.129	-8.814	1.7673E-01	2
39.127	-8.778	1.7169E-01	0
39.125	-8.742	1.8776E-01	2
39.123	-8.705	1.8866E-01	0
39.120	-8.669	1.8806E-01	2
39.118	-8.633	1.8889E-01	0
39.116	-8.597	1.8309E-01	2
39.114	-8.561	1.8367E-01	0
39.112	-8.525	2.0785E-01	2
39.110	-8.490	1.7782E-01	0
39.107	-8.454	1.7278E-01	2
39.105	-8.419	1.7331E-01	0
39.103	-8.384	1.6935E-01	2
39.101	-8.350	1.6886E-01	0
39.099	-8.316	1.7908E-01	2
39.097	-8.281	1.7690E-01	0
39.137	-9.233	2.9519E-01	0
39.135	-9.194	3.1103E-01	2
39.133	-9.152	2.5500E-01	0
39.131	-9.114	2.1625E-01	2
39.129	-9.077	1.8987E-01	0
39.127	-9.039	1.7183E-01	3
39.125	-9.001	1.7224E-01	0
39.122	-8.965	1.7702E-01	2
39.120	-8.927	1.8606E-01	0
39.118	-8.889	1.7777E-01	3
39.116	-8.852	1.7384E-01	0
39.114	-8.816	1.7888E-01	3
39.112	-8.779	1.8291E-01	0
39.110	-8.743	1.9028E-01	3
39.108	-8.707	1.8143E-01	0
39.105	-8.670	1.7954E-01	3
39.103	-8.634	1.8255E-01	0
39.101	-8.598	1.8028E-01	3
39.099	-8.562	1.7270E-01	0
39.097	-8.526	1.8704E-01	3
39.095	-8.491	1.7814E-01	0
39.092	-8.455	1.7961E-01	3
39.090	-8.420	1.7084E-01	0
39.088	-8.385	1.6154E-01	2
39.086	-8.351	1.6240E-01	0
39.084	-8.317	1.5723E-01	3
39.082	-8.283	1.6201E-01	0
39.122	-9.234	3.0771E-01	0
39.120	-9.194	2.8917E-01	2
39.117	-9.153	2.9354E-01	0
39.115	-9.116	2.3712E-01	2
39.113	-9.078	1.9927E-01	0
39.111	-9.040	1.7721E-01	2
39.109	-9.002	1.6593E-01	0
39.107	-8.966	1.8006E-01	2
39.105	-8.928	1.7227E-01	0
39.103	-8.890	1.7801E-01	2
39.101	-8.854	1.7732E-01	0
39.099	-8.817	1.8637E-01	2
39.097	-8.781	1.9482E-01	0
39.095	-8.744	1.7600E-01	2
39.092	-8.708	1.8154E-01	0
39.090	-8.671	1.8170E-01	2
39.088	-8.635	1.9103E-01	0
39.086	-8.599	1.9301E-01	2
39.084	-8.563	1.8980E-01	0
39.082	-8.527	1.6972E-01	2
39.080	-8.492	1.6912E-01	0
39.078	-8.457	1.7340E-01	2
39.075	-8.422	1.7918E-01	0
39.073	-8.387	1.5901E-01	2
39.071	-8.353	1.6922E-01	0
39.069	-8.318	1.9002E-01	2
39.067	-8.284	1.7832E-01	0
39.106	-9.235	3.3022E-01	0
39.104	-9.194	3.3092E-01	2
39.102	-9.154	2.5536E-01	0
39.100	-9.117	1.9543E-01	2
39.098	-9.080	2.0627E-01	0
39.096	-9.041	1.9394E-01	2
39.094	-9.003	1.8810E-01	0
39.092	-8.967	1.7110E-01	3
39.090	-8.929	1.6768E-01	0
39.088	-8.892	1.9069E-01	2
39.086	-8.855	1.9898E-01	0
39.083	-8.819	1.9200E-01	2
39.081	-8.782	1.9489E-01	0
39.079	-8.745	1.7681E-01	2
39.077	-8.709	2.0620E-01	0
39.075	-8.672	2.0413E-01	2
39.073	-8.636	2.0034E-01	0
39.071	-8.600	1.9973E-01	3
39.069	-8.565	1.7628E-01	0
39.067	-8.529	1.8513E-01	3
39.065	-8.494	1.7183E-01	0
39.063	-8.458	1.6870E-01	3
39.061	-8.423	1.6605E-01	0
39.058	-8.388	1.8034E-01	2
39.056	-8.354	1.7916E-01	0
39.054	-8.319	1.6766E-01	3
39.052	-8.285	1.6459E-01	0
39.050	-8.252	1.6777E-01	3
39.090	-9.236	3.2067E-01	0
39.088	-9.196	2.6858E-01	2
39.086	-9.157	2.4337E-01	0
39.084	-9.118	2.8532E-01	2
39.082	-9.080	2.0332E-01	0
39.080	-9.042	1.8794E-01	2
39.078	-9.004	1.9094E-01	0
39.076	-8.968	1.7820E-01	2
39.074	-8.931	1.6995E-01	0
39.072	-8.893	1.8123E-01	2
39.070	-8.857	2.0791E-01	0
39.068	-8.820	2.0318E-01	2
39.066	-8.783	1.8528E-01	0
39.064	-8.746	1.8987E-01	2
39.062	-8.710	2.0525E-01	0
39.060	-8.673	2.1116E-01	2
39.058	-8.637	1.9856E-01	0
39.056	-8.601	1.7581E-01	2
39.054	-8.566	1.7850E-01	0
39.052	-8.530	1.7719E-01	2
39.050	-8.495	1.6974E-01	0
39.048	-8.459	1.6197E-01	2
39.046	-8.424	1.5890E-01	0
39.044	-8.390	1.6690E-01	2
39.042	-8.355	1.6452E-01	0
39.040	-8.321	1.7600E-01	2
39.038	-8.287	1.7837E-01	0
39.036	-8.253	1.8935E-01	2
39.075	-9.237	3.5603E-01	0
39.073	-9.198	3.1221E-01	2
39.071	-9.158	2.7519E-01	0
39.069	-9.119	2.6271E-01	2
39.067	-9.081	2.2092E-01	0
39.065	-9.043	1.9320E-01	2
39.063	-9.006	1.8973E-01	0
39.061	-8.970	2.0684E-01	2
39.059	-8.932	1.7605E-01	0
39.057	-8.895	1.9252E-01	2
39.055	-8.858	1.8923E-01	0
39.053	-8.821	2.0944E-01	3
39.051	-8.784	2.2341E-01	0
39.049	-8.748	2.0383E-01	3
39.047	-8.711	2.1100E-01	0
39.045	-8.675	1.9340E-01	3
39.043	-8.638	2.0704E-01	0
39.041	-8.602	1.8454E-01	3
39.039	-8.566	1.7671E-01	0
39.037	-8.531	1.7876E-01	3
39.035	-8.496	1.8075E-01	0
39.033	-8.460	1.7185E-01	3
39.031	-8.426	1.6180E-01	0
39.029	-8.391	1.7101E-01	3
39.027	-8.357	1.6672E-01	0
39.025	-8.322	1.7922E-01	3
39.023	-8.289	1.9480E-01	0
39.021	-8.255	1.8446E-01	3
39.059	-9.237	3.5473E-01	0
39.057	-9.199	2.9541E-01	2
39.055	-9.160	2.3457E-01	0
39.053	-9.120	2.2942E-01	2
39.051	-9.081	2.2389E-01	0
39.049	-9.043	2.1011E-01	2
39.047	-9.007	1.9118E-01	0
39.046	-8.971	2.0150E-01	2
39.044	-8.933	1.9052E-01	0
39.042	-8.896	1.8583E-01	2
39.040	-8.859	1.8002E-01	0
39.038	-8.822	1.8187E-01	2
39.036	-8.785	2.0571E-01	0
39.034	-8.749	1.9835E-01	2
39.032	-8.712	1.9950E-01	0
39.030	-8.676	1.8748E-01	2
39.028	-8.639	1.9383E-01	0
39.026	-8.603	1.9855E-01	2
39.024	-8.568	2.1453E-01	0
39.022	-8.532	1.8769E-01	2
39.020	-8.497	1.7921E-01	0
39.018	-8.462	1.6765E-01	2
39.016	-8.427	1.7996E-01	0
39.014	-8.393	1.8587E-01	2
39.012	-8.359	1.8401E-01	0
39.010	-8.325	1.7877E-01	2
39.008	-8.290	1.7968E-01	0
39.006	-8.256	1.6983E-01	2
39.043	-9.238	3.3156E-01	0
39.042	-9.199	3.3083E-01	2
39.040	-9.160	3.1935E-01	0
39.038	-9.120	2.3410E-01	2
39.036	-9.082	1.9979E-01	0
39.034	-9.045	1.9230E-01	2
39.032	-9.008	1.9072E-01	0
39.030	-8.972	2.0739E-01	2
39.028	-8.935	1.8676E-01	0
39.026	-8.897	1.7643E-01	2
39.024	-8.860	1.7080E-01	0
39.023	-8.823	1.7889E-01	3
39.021	-8.787	2.0708E-01	0
39.019	-8.750	2.2200E-01	3
39.017	-8.714	1.9988E-01	0
39.015	-8.677	1.9209E-01	3
39.013	-8.641	1.9028E-01	0
39.011	-8.605	1.9593E-01	3
39.009	-8.569	1.8075E-01	0
39.007	-8.534	1.7411E-01	3
39.005	-8.498	1.7541E-01	0
39.003	-8.464	1.9405E-01	3
39.001	-8.429	1.8508E-01	0
38.999	-8.395	2.0029E-01	3
38.997	-8.360	1.9608E-01	0
38.995	-8.326	1.8092E-01	3
38.993	-8.292	2.0870E-01	0
38.991	-8.258	1.8900E-01	3
39.028	-9.240	2.7806E-01	0
39.026	-9.199	2.4789E-01	2
39.024	-9.160	2.5546E-01	0
39.022	-9.121	2.3251E-01	2
39.020	-9.083	2.0664E-01	0
39.018	-9.046	2.0079E-01	2
39.017	-9.009	1.9301E-01	0
39.015	-8.973	1.9117E-01	2
39.013	-8.936	1.9292E-01	0
39.011	-8.899	1.8550E-01	2
39.009	-8.862	1.8126E-01	0
39.007	-8.825	1.8059E-01	2
39.005	-8.788	2.1766E-01	0
39.003	-8.751	2.1750E-01	2
39.002	-8.715	1.9098E-01	0
39.000	-8.678	1.9032E-01	2
38.998	-8.642	1.9984E-01	0
38.996	-8.606	2.0118E-01	2
38.994	-8.571	1.8467E-01	0
38.992	-8.535	1.9414E-01	2
38.990	-8.500	1.9592E-01	0
38.988	-8.466	1.9703E-01	2
38.986	-8.431	1.9324E-01	0
38.984	-8.396	1.8098E-01	2
38.982	-8.361	1.6486E-01	0
38.981	-8.326	1.7805E-01	2
38.979	-8.292	1.8933E-01	0
38.977	-8.258	1.7506E-01	2
39.012	-9.241	3.1858E-01	0
39.010	-9.201	2.7487E-01	3
39.008	-9.161	2.8001E-01	0
39.007	-9.123	2.2906E-01	3
39.005	-9.086	2.0948E-01	0
39.003	-9.048	2.0251E-01	3
39.001	-9.011	2.0068E-01	0
38.999	-8.974	1.8984E-01	2
38.998	-8.937	1.8871E-01	0
38.996	-8.900	1.8561E-01	2
38.994	-8.863	1.8227E-01	0
38.992	-8.826	1.7873E-01	3
38.990	-8.789	1.9056E-01	0
38.988	-8.752	1.9914E-01	3
38.986	-8.716	2.1374E-01	0
38.985	-8.680	1.9328E-01	3
38.983	-8.643	1.8682E-01	0
38.981	-8.608	1.8432E-01	3
38.979	-8.572	1.7229E-01	0
38.977	-8.536	2.0318E-01	3
38.975	-8.502	1.8685E-01	0
38.973	-8.467	2.1379E-01	3
38.971	-8.432	2.0159E-01	0
38.970	-8.397	1.8407E-01	3
38.968	-8.362	1.9536E-01	0
38.966	-8.328	2.0012E-01	3
38.964	-8.293	2.0002E-01	0
38.962	-8.259	2.3544E-01	3
39.064	-9.245	3.4247E-01	0
39.062	-9.206	3.2819E-01	2
39.060	-9.167	2.3184E-01	0
39.058	-9.128	2.3400E-01	2
39.056	-9.089	2.2728E-01	0
39.053	-9.051	2.0312E-01	2
39.051	-9.014	1.9004E-01	0
39.049	-8.978	2.1053E-01	2
39.047	-8.941	1.9287E-01	0
39.045	-8.904	1.9601E-01	2
39.043	-8.867	1.8256E-01	0
39.041	-8.830	1.8524E-01	2
39.038	-8.793	2.1167E-01	0
39.036	-8.756	1.9892E-01	2
39.034	-8.720	2.0669E-01	0
39.032	-8.683	1.9040E-01	2
39.030	-8.647	2.0070E-01	0
39.027	-8.611	1.9164E-01	2
39.025	-8.575	2.1143E-01	0
39.023	-8.540	1.9548E-01	2
39.021	-8.504	1.7985E-01	0
39.019	-8.469	1.6981E-01	2
39.017	-8.435	1.7529E-01	0
39.014	-8.400	1.9018E-01	2
39.012	-8.366	1.8192E-01	0
39.010	-8.332	1.8383E-01	2
39.008	-8.298	1.7905E-01	0
39.006	-8.264	1.7250E-01	2
39.049	-9.246	3.3060E-01	0
39.047	-9.206	3.4209E-01	3
39.044	-9.168	3.3541E-01	0
39.042	-9.128	2.3839E-01	3
39.040	-9.089	2.0189E-01	0
39.038	-9.052	1.9795E-01	3
39.036	-9.015	1.9023E-01	0
39.034	-8.979	2.0453E-01	3
39.032	-8.942	1.9046E-01	0
39.030	-8.905	1.7605E-01	3
39.027	-8.868	1.6946E-01	0
39.025	-8.831	1.7178E-01	3
39.023	-8.794	2.0144E-01	0
39.021	-8.757	2.1453E-01	3
39.019	-8.721	2.0851E-01	0
39.017	-8.685	1.8778E-01	3
39.015	-8.648	1.9535E-01	0
39.012	-8.612	1.9029E-01	3
39.010	-8.576	1.8798E-01	0
39.008	-8.541	1.7716E-01	3
39.006	-8.506	1.7168E-01	0
39.004	-8.471	1.9411E-01	3
39.002	-8.437	1.8458E-01	0
39.000	-8.402	1.9961E-01	3
38.997	-8.368	1.9741E-01	0
38.995	-8.333	1.8351E-01	3
38.993	-8.299	2.0225E-01	0
38.991	-8.265	1.9165E-01	3
39.033	-9.247	2.8799E-01	0
39.031	-9.206	2.4776E-01	2
39.029	-9.168	2.4218E-01	0
39.027	-9.128	2.5923E-01	2
39.025	-9.090	2.0110E-01	0
39.022	-9.052	1.9706E-01	2
39.020	-9.016	1.9853E-01	0
39.018	-8.980	1.9024E-01	2
39.016	-8.943	1.9489E-01	0
39.014	-8.906	1.8683E-01	2
39.012	-8.869	1.8419E-01	0
39.010	-8.832	1.8008E-01	2
39.008	-8.795	2.1734E-01	0
39.006	-8.758	2.2536E-01	2
39.004	-8.722	1.9416E-01	0
39.002	-8.686	1.8860E-01	2
38.999	-8.649	1.9730E-01	0
38.997	-8.613	2.0627E-01	2
38.995	-8.578	1.9018E-01	0
38.993	-8.542	1.9033E-01	2
38.991	-8.507	1.9687E-01	0
38.989	-8.473	1.9563E-01	2
38.987	-8.438	1.9596E-01	0
38.985	-8.403	1.8415E-01	2
38.983	-8.369	1.6682E-01	0
38.980	-8.334	1.7249E-01	2
38.978	-8.300	1.9460E-01	0
38.976	-8.266	1.7506E-01	2
39.017	-9.247	3.4750E-01	0
39.015	-9.207	2.9129E-01	3
39.013	-9.169	2.9890E-01	0
39.011	-9.129	2.2321E-01	3
39.009	-9.092	2.1357E-01	0
39.007	-9.055	2.0188E-01	3
39.005	-9.018	2.0398E-01	0
39.003	-8.981	1.9149E-01	3
39.001	-8.944	1.8699E-01	0
38.999	-8.907	1.8588E-01	3
38.997	-8.870	1.8360E-01	0
38.995	-8.833	1.7930E-01	3
38.993	-8.796	1.8860E-01	0
38.991	-8.760	2.0320E-01	3
38.989	-8.723	2.1331E-01	0
38.987	-8.687	1.9493E-01	3
38.984	-8.651	1.9362E-01	0
38.982	-8.615	1.8204E-01	3
38.980	-8.579	1.7357E-01	0
38.978	-8.544	1.9634E-01	3
38.976	-8.509	1.9092E-01	0
38.974	-8.474	2.0638E-01	3
38.972	-8.439	2.0894E-01	0
38.970	-8.404	1.8635E-01	3
38.968	-8.370	1.9030E-01	0
38.966	-8.335	2.0316E-01	3
38.964	-8.301	1.9572E-01	0
38.962	-8.266	2.3627E-01	3
39.002	-9.249	2.8631E-01	0
39.000	-9.209	2.4036E-01	2
38.998	-9.169	2.8374E-01	0
38.996	-9.131	2.5507E-01	2
38.994	-9.094	2.4425E-01	0
38.992	-9.057	2.1196E-01	2
38.990	-9.019	2.0417E-01	0
38.988	-8.982	1.8601E-01	2
38.986	-8.946	1.8756E-01	0
38.984	-8.908	1.8802E-01	2
38.982	-8.871	1.8035E-01	0
38.980	-8.834	1.8140E-01	2
38.978	-8.798	1.8344E-01	0
38.976	-8.761	1.7706E-01	2
38.973	-8.724	1.7511E-01	0
38.971	-8.688	2.1361E-01	2
38.969	-8.652	1.8676E-01	0
38.967	-8.616	1.9210E-01	2
38.965	-8.581	1.9929E-01	0
38.963	-8.545	1.9328E-01	2
38.961	-8.511	2.0008E-01	0
38.959	-8.476	2.1940E-01	2
38.957	-8.440	1.7771E-01	0
38.955	-8.405	2.0458E-01	2
38.953	-8.371	1.6902E-01	0
38.951	-8.336	1.8082E-01	2
38.949	-8.302	1.8476E-01	0
38.947	-8.268	2.1635E-01	2
38.984	-9.210	2.7170E-01	3
38.982	-9.169	2.3953E-01	0
38.980	-9.131	2.3362E-01	3
38.978	-9.094	2.2650E-01	0
38.976	-9.057	2.0135E-01	3
38.974	-9.019	1.9615E-01	0
38.972	-8.983	1.8409E-01	3
38.970	-8.947	1.7872E-01	0
38.968	-8.909	1.8102E-01	3
38.966	-8.872	1.8079E-01	0
38.964	-8.835	1.8062E-01	3
38.962	-8.799	1.8552E-01	0
38.960	-8.762	1.7882E-01	3
38.958	-8.726	1.8074E-01	0
38.956	-8.690	1.9041E-01	3
38.954	-8.654	1.9093E-01	0
38.952	-8.618	1.9026E-01	3
38.950	-8.582	1.7449E-01	0
38.948	-8.547	1.9543E-01	3
38.946	-8.512	2.0868E-01	0
38.944	-8.477	2.1048E-01	3
38.942	-8.442	1.9681E-01	0
38.940	-8.407	2.0487E-01	3
38.938	-8.372	1.9931E-01	0
38.936	-8.337	2.4122E-01	3
38.934	-8.303	1.7154E-01	0
38.932	-8.269	1.8907E-01	3
38.968	-9.211	2.4218E-01	2
38.966	-9.171	2.2927E-01	0
38.965	-9.132	2.5998E-01	2
38.963	-9.093	2.6423E-01	0
38.961	-9.057	2.0947E-01	2
38.959	-9.020	1.9244E-01	0
38.957	-8.985	1.9469E-01	2
38.955	-8.948	1.8645E-01	0
38.953	-8.911	1.8172E-01	2
38.951	-8.874	1.8237E-01	0
38.949	-8.837	1.8555E-01	3
38.947	-8.800	1.8355E-01	0
38.945	-8.763	1.7690E-01	2
38.943	-8.727	1.7110E-01	0
38.941	-8.691	1.6884E-01	2
38.939	-8.655	1.8250E-01	0
38.937	-8.619	1.7186E-01	2
38.935	-8.584	1.7988E-01	0
38.933	-8.548	1.7837E-01	2
38.931	-8.513	1.8505E-01	0
38.929	-8.478	1.8785E-01	2
38.927	-8.443	1.9725E-01	0
38.925	-8.408	2.0340E-01	2
38.923	-8.374	1.9451E-01	0
38.921	-8.339	1.7257E-01	2
38.919	-8.305	1.9828E-01	0
38.917	-8.271	1.8275E-01	2
38.953	-9.211	2.1774E-01	3
38.951	-9.173	2.6206E-01	0
38.949	-9.134	2.5890E-01	3
38.947	-9.095	2.1796E-01	0
38.945	-9.058	2.4471E-01	2
38.943	-9.022	1.8857E-01	0
38.942	-8.986	1.8540E-01	3
38.940	-8.949	1.8353E-01	0
38.938	-8.912	1.8786E-01	3
38.936	-8.875	1.9276E-01	0
38.934	-8.838	1.7870E-01	3
38.932	-8.801	1.8074E-01	0
38.930	-8.764	1.7430E-01	3
38.928	-8.728	1.6880E-01	0
38.926	-8.691	1.7763E-01	3
38.924	-8.656	1.8914E-01	0
38.922	-8.620	1.7762E-01	3
38.920	-8.585	1.7999E-01	0
38.918	-8.549	1.6841E-01	3
38.916	-8.514	1.6680E-01	0
38.914	-8.479	1.6321E-01	3
38.912	-8.444	1.7318E-01	0
38.911	-8.409	1.6866E-01	3
38.909	-8.375	1.6766E-01	0
38.907	-8.340	1.8237E-01	3
38.905	-8.306	1.8201E-01	0
38.903	-8.272	1.8476E-01	3
38.937	-9.213	2.8870E-01	3
38.935	-9.175	2.6162E-01	0
38.934	-9.136	2.3357E-01	3
38.932	-9.097	2.3592E-01	0
38.930	-9.060	2.4681E-01	3
38.928	-9.024	2.3175E-01	0
38.926	-8.988	1.9741E-01	3
38.924	-8.950	1.8872E-01	0
38.922	-8.913	1.8467E-01	3
38.921	-8.876	2.0615E-01	0
38.919	-8.839	1.8592E-01	3
38.917	-8.802	1.7565E-01	0
38.915	-8.765	1.7219E-01	3
38.913	-8.729	1.7449E-01	0
38.911	-8.693	1.8220E-01	2
38.909	-8.657	1.9862E-01	0
38.907	-8.621	1.7508E-01	2
38.905	-8.585	1.6401E-01	0
38.903	-8.550	1.6816E-01	2
38.901	-8.515	1.8356E-01	0
38.900	-8.480	1.7676E-01	2
38.898	-8.445	1.8032E-01	0
38.896	-8.410	1.7908E-01	2
38.894	-8.376	1.6929E-01	0
38.892	-8.341	1.6768E-01	2
38.890	-8.307	1.7859E-01	0
38.888	-8.273	2.1338E-01	2
38.922	-9.214	3.4302E-01	3
38.920	-9.176	2.8124E-01	0
38.918	-9.138	2.3597E-01	3
38.916	-9.099	2.6351E-01	0
38.914	-9.061	2.3789E-01	2
38.913	-9.026	2.2487E-01	0
38.911	-8.989	1.8748E-01	3
38.909	-8.952	1.8756E-01	0
38.907	-8.914	1.7870E-01	3
38.905	-8.877	1.8639E-01	0
38.903	-8.840	1.8438E-01	3
38.902	-8.804	1.7603E-01	0
38.900	-8.767	1.7193E-01	3
38.898	-8.730	1.7063E-01	0
38.896	-8.694	1.7717E-01	3
38.894	-8.658	1.8018E-01	0
38.892	-8.622	1.7430E-01	3
38.890	-8.586	1.6097E-01	0
38.888	-8.551	1.9246E-01	3
38.886	-8.516	2.0484E-01	0
38.885	-8.481	1.9035E-01	3
38.883	-8.446	2.2234E-01	0
38.881	-8.411	1.8628E-01	3
38.879	-8.377	1.8606E-01	0
38.877	-8.342	1.8038E-01	3
38.875	-8.309	1.8351E-01	0
38.873	-8.275	1.6590E-01	3
38.973	-9.217	2.6521E-01	2
38.971	-9.176	2.3220E-01	0
38.969	-9.138	2.5839E-01	2
38.967	-9.099	2.7443E-01	0
38.964	-9.063	2.0947E-01	2
38.962	-9.026	1.9499E-01	0
38.960	-8.990	1.9609E-01	2
38.958	-8.954	1.8696E-01	0
38.956	-8.916	1.8330E-01	2
38.954	-8.879	1.8370E-01	0
38.952	-8.842	1.8828E-01	2
38.949	-8.805	1.8653E-01	0
38.947	-8.769	1.7843E-01	2
38.945	-8.732	1.7288E-01	0
38.943	-8.696	1.7029E-01	2
38.941	-8.661	1.8104E-01	0
38.939	-8.625	1.7434E-01	2
38.936	-8.590	1.8013E-01	0
38.934	-8.554	1.7901E-01	2
38.932	-8.519	1.8486E-01	0
38.930	-8.484	1.9083E-01	2
38.928	-8.448	1.9352E-01	0
38.925	-8.414	2.0074E-01	2
38.923	-8.379	2.0191E-01	0
38.921	-8.345	1.7636E-01	2
38.919	-8.311	1.9258E-01	0
38.917	-8.277	1.9135E-01	2
38.958	-9.217	2.1163E-01	2
38.955	-9.178	2.3951E-01	0
38.953	-9.139	2.3932E-01	2
38.951	-9.100	2.2819E-01	0
38.949	-9.064	2.5094E-01	2
38.947	-9.027	1.9422E-01	0
38.945	-8.991	1.8521E-01	2
38.943	-8.955	1.8448E-01	0
38.941	-8.917	1.8868E-01	3
38.938	-8.880	1.9168E-01	0
38.936	-8.843	1.8206E-01	3
38.934	-8.807	1.8087E-01	0
38.932	-8.770	1.7957E-01	3
38.930	-8.734	1.6893E-01	0
38.928	-8.697	1.7884E-01	3
38.926	-8.661	1.9135E-01	0
38.923	-8.626	1.7838E-01	3
38.921	-8.590	1.8195E-01	0
38.919	-8.555	1.7177E-01	3
38.917	-8.520	1.6686E-01	0
38.915	-8.485	1.6581E-01	3
38.913	-8.450	1.7236E-01	0
38.911	-8.415	1.6992E-01	3
38.908	-8.380	1.6937E-01	0
38.906	-8.346	1.7858E-01	3
38.904	-8.312	1.7967E-01	0
38.902	-8.278	1.8962E-01	3
38.942	-9.218	2.5902E-01	2
38.940	-9.180	2.7434E-01	0
38.938	-9.141	2.7026E-01	2
38.936	-9.102	2.2506E-01	0
38.934	-9.065	2.4675E-01	2
38.932	-9.028	2.2368E-01	0
38.930	-8.993	2.0141E-01	2
38.927	-8.956	1.9139E-01	0
38.925	-8.919	1.8543E-01	2
38.923	-8.881	2.0431E-01	0
38.921	-8.845	1.9074E-01	2
38.919	-8.808	1.7503E-01	0
38.917	-8.771	1.7308E-01	2
38.915	-8.735	1.7468E-01	0
38.913	-8.698	1.7833E-01	2
38.910	-8.662	1.9875E-01	0
38.908	-8.627	1.8002E-01	2
38.906	-8.591	1.6616E-01	0
38.904	-8.556	1.6829E-01	2
38.902	-8.521	1.8097E-01	0
38.900	-8.486	1.8258E-01	2
38.898	-8.451	1.7969E-01	0
38.896	-8.416	1.8199E-01	2
38.894	-8.381	1.7302E-01	0
38.891	-8.347	1.6857E-01	2
38.889	-8.313	1.7562E-01	0
38.887	-8.279	2.0522E-01	2
38.926	-9.219	3.4015E-01	3
38.924	-9.181	2.8271E-01	0
38.922	-9.143	2.2823E-01	3
38.920	-9.105	2.6986E-01	0
38.918	-9.066	2.4316E-01	2
38.916	-9.031	2.3880E-01	0
38.914	-8.994	1.9364E-01	2
38.912	-8.957	1.9067E-01	0
38.910	-8.920	1.8143E-01	2
38.908	-8.883	1.9039E-01	0
38.906	-8.846	1.8850E-01	3
38.904	-8.809	1.8016E-01	0
38.902	-8.772	1.7218E-01	3
38.900	-8.736	1.7158E-01	0
38.898	-8.700	1.7983E-01	3
38.895	-8.664	1.8455E-01	0
38.893	-8.628	1.7912E-01	3
38.891	-8.592	1.6281E-01	0
38.889	-8.557	1.8759E-01	3
38.887	-8.522	2.0674E-01	0
38.885	-8.487	1.8877E-01	3
38.883	-8.452	2.2937E-01	0
38.881	-8.417	1.8704E-01	3
38.879	-8.382	1.9074E-01	0
38.877	-8.348	1.8601E-01	3
38.875	-8.314	1.8332E-01	0
38.873	-8.280	1.6824E-01	3
38.911	-9.220	3.3707E-01	2
38.909	-9.182	3.1450E-01	0
38.907	-9.145	2.5586E-01	2
38.905	-9.107	2.1271E-01	0
38.903	-9.068	1.9600E-01	2
38.901	-9.033	2.0613E-01	0
38.899	-8.996	1.8874E-01	2
38.897	-8.958	1.9207E-01	0
38.895	-8.921	1.8027E-01	2
38.893	-8.884	1.8003E-01	0
38.891	-8.847	1.7200E-01	2
38.889	-8.810	1.7487E-01	0
38.887	-8.774	1.7643E-01	2
38.884	-8.737	1.8031E-01	0
38.882	-8.701	1.8381E-01	2
38.880	-8.665	1.8505E-01	0
38.878	-8.629	1.7948E-01	2
38.876	-8.593	1.9750E-01	0
38.874	-8.558	1.6610E-01	2
38.872	-8.523	1.6734E-01	0
38.870	-8.488	1.7628E-01	2
38.868	-8.453	2.0884E-01	0
38.866	-8.418	2.0963E-01	2
38.864	-8.383	1.8427E-01	0
38.862	-8.349	1.7374E-01	2
38.860	-8.316	1.8406E-01	0
38.858	-8.282	1.7682E-01	2
38.895	-9.221	3.2702E-01	3
38.893	-9.182	3.2858E-01	0
38.891	-9.144	2.5629E-01	3
38.889	-9.106	2.1993E-01	0
38.887	-9.070	1.9626E-01	2
38.885	-9.034	2.0497E-01	0
38.883	-8.997	1.7870E-01	2
38.881	-8.959	1.8868E-01	0
38.879	-8.922	1.9409E-01	3
38.877	-8.885	1.8866E-01	0
38.875	-8.848	1.7852E-01	3
38.873	-8.811	1.7887E-01	0
38.871	-8.775	1.7990E-01	3
38.869	-8.738	1.8277E-01	0
38.867	-8.702	1.7836E-01	3
38.865	-8.666	1.8433E-01	0
38.863	-8.630	1.9583E-01	3
38.861	-8.595	1.8545E-01	0
38.859	-8.559	1.8396E-01	3
38.857	-8.524	1.7745E-01	0
38.855	-8.489	1.8654E-01	3
38.853	-8.454	2.2211E-01	0
38.851	-8.419	2.2296E-01	3
38.849	-8.385	1.9108E-01	0
38.847	-8.350	1.7239E-01	3
38.845	-8.317	1.6813E-01	0
38.843	-8.283	1.9627E-01	3
38.880	-9.222	3.3062E-01	2
38.878	-9.184	3.1609E-01	0
38.876	-9.147	3.4025E-01	2
38.874	-9.110	2.9726E-01	0
38.872	-9.072	2.2451E-01	2
38.870	-9.036	2.0554E-01	0
38.868	-8.998	1.7792E-01	2
38.866	-8.961	1.8905E-01	0
38.864	-8.923	2.0006E-01	2
38.862	-8.886	1.8370E-01	0
38.860	-8.849	1.7445E-01	2
38.858	-8.812	1.7530E-01	0
38.856	-8.776	1.9485E-01	2
38.854	-8.740	1.7922E-01	0
38.852	-8.704	1.7435E-01	2
38.850	-8.667	1.8668E-01	0
38.848	-8.631	1.9055E-01	2
38.846	-8.596	1.9020E-01	0
38.844	-8.560	2.0161E-01	2
38.842	-8.525	1.8784E-01	0
38.840	-8.490	1.9551E-01	2
38.838	-8.455	1.9566E-01	0
38.836	-8.421	2.0421E-01	2
38.834	-8.386	1.7059E-01	0
38.832	-8.351	1.7396E-01	2
38.830	-8.318	1.6862E-01	0
38.828	-8.284	1.9065E-01	2
38.826	-8.250	1.9382E-01	0
38.864	-9.224	2.6814E-01	3
38.862	-9.187	3.2296E-01	0
38.860	-9.150	4.1299E-01	2
38.858	-9.112	3.5379E-01	0
38.856	-9.074	2.4020E-01	2
38.855	-9.037	1.8018E-01	0
38.853	-8.999	1.7283E-01	3
38.851	-8.962	1.7572E-01	0
38.849	-8.924	1.9636E-01	3
38.847	-8.887	1.8216E-01	0
38.845	-8.850	1.6798E-01	3
38.843	-8.814	1.6761E-01	0
38.841	-8.777	1.6352E-01	3
38.839	-8.741	1.6900E-01	0
38.837	-8.705	1.7460E-01	3
38.835	-8.669	1.8685E-01	0
38.833	-8.632	1.7692E-01	3
38.831	-8.597	1.8176E-01	0
38.829	-8.561	1.9317E-01	3
38.827	-8.526	1.9618E-01	0
38.825	-8.491	1.8828E-01	3
38.823	-8.456	2.0311E-01	0
38.821	-8.421	1.8466E-01	3
38.820	-8.387	1.9872E-01	0
38.818	-8.352	2.1658E-01	3
38.816	-8.319	1.9705E-01	0
38.814	-8.285	2.0675E-01	3
38.812	-8.251	2.2377E-01	0
38.848	-9.226	2.5555E-01	2
38.847	-9.189	2.7004E-01	0
38.845	-9.152	3.2919E-01	2
38.843	-9.113	3.1789E-01	0
38.841	-9.075	2.4164E-01	2
38.839	-9.038	1.7089E-01	0
38.837	-9.000	1.6902E-01	2
38.835	-8.963	1.7158E-01	0
38.833	-8.926	1.8200E-01	3
38.832	-8.889	2.0620E-01	0
38.830	-8.852	1.7970E-01	2
38.828	-8.815	1.6577E-01	0
38.826	-8.778	1.7828E-01	2
38.824	-8.742	1.7031E-01	0
38.822	-8.706	1.9043E-01	2
38.820	-8.670	1.8614E-01	0
38.818	-8.634	1.8142E-01	2
38.816	-8.598	1.7484E-01	0
38.814	-8.563	1.8437E-01	2
38.812	-8.528	1.8926E-01	0
38.811	-8.493	2.0391E-01	2
38.809	-8.458	2.0841E-01	0
38.807	-8.423	1.8009E-01	2
38.805	-8.388	2.0661E-01	0
38.803	-8.354	2.0379E-01	2
38.801	-8.319	2.2442E-01	0
38.799	-8.286	1.9403E-01	2
38.797	-8.252	1.9007E-01	0
38.833	-9.226	2.6062E-01	2
38.831	-9.190	2.8025E-01	0
38.829	-9.153	3.1553E-01	2
38.827	-9.114	2.8037E-01	0
38.826	-9.077	2.1767E-01	2
38.824	-9.039	1.7102E-01	0
38.822	-9.002	1.6995E-01	2
38.820	-8.964	1.7213E-01	0
38.818	-8.927	1.7648E-01	3
38.816	-8.890	2.0161E-01	0
38.814	-8.853	2.2219E-01	3
38.813	-8.816	1.8313E-01	0
38.811	-8.779	1.7167E-01	3
38.809	-8.743	1.7747E-01	0
38.807	-8.707	2.0860E-01	3
38.805	-8.671	1.9013E-01	0
38.803	-8.636	1.7069E-01	3
38.801	-8.600	1.8301E-01	0
38.799	-8.565	1.8562E-01	3
38.798	-8.529	1.8312E-01	0
38.796	-8.494	1.6909E-01	3
38.794	-8.459	1.8361E-01	0
38.792	-8.424	1.9374E-01	3
38.790	-8.390	1.7239E-01	0
38.788	-8.355	1.8916E-01	3
38.786	-8.321	1.9400E-01	0
38.784	-8.287	1.7544E-01	3
38.782	-8.253	2.0775E-01	0
38.885	-9.230	3.2566E-01	3
38.882	-9.191	3.1101E-01	0
38.880	-9.153	3.3924E-01	3
38.878	-9.116	2.8309E-01	0
38.876	-9.079	2.2555E-01	2
38.874	-9.043	2.1538E-01	0
38.872	-9.005	1.7684E-01	2
38.870	-8.968	1.8722E-01	0
38.867	-8.931	2.0279E-01	2
38.865	-8.894	1.8890E-01	0
38.863	-8.857	1.7840E-01	2
38.861	-8.820	1.7454E-01	0
38.859	-8.783	1.9651E-01	2
38.856	-8.747	1.7909E-01	0
38.854	-8.711	1.7479E-01	2
38.852	-8.675	1.8116E-01	0
38.850	-8.639	1.9758E-01	2
38.848	-8.603	1.8501E-01	0
38.845	-8.568	2.0465E-01	2
38.843	-8.532	1.8619E-01	0
38.841	-8.497	1.9234E-01	2
38.839	-8.463	2.0123E-01	0
38.837	-8.428	2.0156E-01	2
38.834	-8.393	1.7685E-01	0
38.832	-8.359	1.7092E-01	2
38.830	-8.325	1.7096E-01	0
38.828	-8.291	1.8774E-01	2
38.826	-8.258	1.9578E-01	0
38.869	-9.231	2.6893E-01	2
38.867	-9.193	3.2824E-01	0
38.865	-9.156	3.9551E-01	2
38.863	-9.119	3.7314E-01	0
38.861	-9.081	2.5468E-01	3
38.858	-9.044	1.9479E-01	0
38.856	-9.006	1.7545E-01	2
38.854	-8.969	1.7660E-01	0
38.852	-8.932	1.9433E-01	2
38.850	-8.895	1.8471E-01	0
38.848	-8.858	1.6861E-01	2
38.846	-8.821	1.6882E-01	0
38.843	-8.784	1.6765E-01	3
38.841	-8.748	1.6785E-01	0
38.839	-8.712	1.7708E-01	3
38.837	-8.676	1.8400E-01	0
38.835	-8.640	1.7782E-01	3
38.833	-8.604	1.8145E-01	0
38.830	-8.569	1.9313E-01	3
38.828	-8.534	1.9675E-01	0
38.826	-8.499	1.8962E-01	3
38.824	-8.464	1.9704E-01	0
38.822	-8.429	1.9447E-01	3
38.820	-8.394	1.9094E-01	0
38.818	-8.360	2.2221E-01	3
38.815	-8.326	2.0090E-01	0
38.813	-8.292	1.9645E-01	3
38.811	-8.258	2.3559E-01	0
38.853	-9.233	2.5683E-01	3
38.851	-9.196	2.9064E-01	0
38.849	-9.159	3.4410E-01	3
38.847	-9.120	3.5239E-01	0
38.845	-9.082	2.6304E-01	2
38.843	-9.045	1.7421E-01	0
38.841	-9.008	1.6978E-01	2
38.839	-8.970	1.7259E-01	0
38.837	-8.933	1.7973E-01	2
38.835	-8.896	2.0354E-01	0
38.832	-8.859	1.8255E-01	2
38.830	-8.822	1.6470E-01	0
38.828	-8.785	1.7746E-01	2
38.826	-8.749	1.6919E-01	0
38.824	-8.713	1.7953E-01	2
38.822	-8.677	1.8609E-01	0
38.820	-8.641	1.8585E-01	2
38.818	-8.606	1.7611E-01	0
38.815	-8.570	1.8361E-01	2
38.813	-8.535	1.8844E-01	0
38.811	-8.500	1.9809E-01	2
38.809	-8.465	2.1595E-01	0
38.807	-8.430	1.7807E-01	2
38.805	-8.396	2.0694E-01	0
38.803	-8.361	1.9468E-01	2
38.801	-8.327	2.3226E-01	0
38.799	-8.293	1.9573E-01	2
38.796	-8.259	1.8818E-01	0
38.838	-9.234	2.5540E-01	2
38.836	-9.197	2.7176E-01	0
38.834	-9.160	2.9526E-01	3
38.832	-9.122	2.7402E-01	0
38.830	-9.084	2.4634E-01	3
38.828	-9.046	1.7400E-01	0
38.826	-9.009	1.6964E-01	2
38.823	-8.971	1.7176E-01	0
38.821	-8.934	1.7603E-01	2
38.819	-8.897	1.9514E-01	0
38.817	-8.860	2.1401E-01	2
38.815	-8.823	1.8814E-01	0
38.813	-8.787	1.7017E-01	2
38.811	-8.750	1.7183E-01	0
38.809	-8.714	2.1171E-01	3
38.807	-8.679	1.9127E-01	0
38.805	-8.643	1.7304E-01	3
38.803	-8.607	1.7813E-01	0
38.801	-8.572	1.8910E-01	3
38.798	-8.537	1.8483E-01	0
38.796	-8.502	1.6636E-01	3
38.794	-8.467	1.8709E-01	0
38.792	-8.432	1.8716E-01	3
38.790	-8.397	1.7960E-01	0
38.788	-8.363	1.8020E-01	3
38.786	-8.329	1.9880E-01	0
38.784	-8.295	1.7393E-01	3
38.782	-8.261	2.0111E-01	0
38.822	-9.234	2.5366E-01	2
38.820	-9.196	2.4751E-01	0
38.818	-9.160	3.1347E-01	2
38.816	-9.122	2.7224E-01	0
38.814	-9.085	2.0408E-01	2
38.812	-9.048	1.7176E-01	0
38.810	-9.010	1.6951E-01	2
38.808	-8.973	1.7137E-01	0
38.806	-8.935	1.7576E-01	2
38.804	-8.898	1.7706E-01	0
38.802	-8.861	2.2306E-01	2
38.800	-8.824	1.9415E-01	0
38.798	-8.788	1.7649E-01	2
38.796	-8.752	1.9970E-01	0
38.794	-8.715	1.8921E-01	2
38.792	-8.679	2.0215E-01	0
38.790	-8.644	2.0325E-01	2
38.788	-8.608	1.9692E-01	0
38.786	-8.573	1.7897E-01	2
38.784	-8.538	1.9506E-01	0
38.781	-8.503	1.8060E-01	2
38.779	-8.468	2.1674E-01	0
38.777	-8.433	1.9437E-01	2
38.775	-8.399	1.7586E-01	0
38.773	-8.364	1.7431E-01	2
38.771	-8.330	1.7230E-01	0
38.769	-8.296	1.7619E-01	2
38.767	-8.262	1.6365E-01	0
38.807	-9.235	2.5309E-01	3
38.805	-9.198	2.9478E-01	0
38.803	-9.161	3.5268E-01	3
38.801	-9.123	3.0049E-01	0
38.799	-9.086	1.9625E-01	3
38.797	-9.049	1.7094E-01	0
38.795	-9.011	1.6981E-01	3
38.793	-8.974	1.7161E-01	0
38.791	-8.936	1.7240E-01	2
38.789	-8.899	1.6829E-01	0
38.787	-8.862	2.0192E-01	2
38.785	-8.825	2.4671E-01	0
38.783	-8.789	2.0170E-01	2
38.781	-8.753	2.0306E-01	0
38.779	-8.717	1.7589E-01	3
38.777	-8.681	1.9885E-01	0
38.775	-8.645	2.0013E-01	3
38.773	-8.609	1.9380E-01	0
38.771	-8.574	2.3068E-01	3
38.769	-8.538	2.0226E-01	0
38.767	-8.503	2.0805E-01	3
38.765	-8.469	1.8992E-01	0
38.763	-8.434	1.9625E-01	3
38.760	-8.400	1.7978E-01	0
38.758	-8.365	1.8523E-01	3
38.756	-8.331	1.7849E-01	0
38.754	-8.297	1.7169E-01	3
38.752	-8.263	1.6186E-01	0
38.791	-9.237	2.2955E-01	2
38.789	-9.200	2.8512E-01	0
38.787	-9.163	3.5468E-01	2
38.785	-9.124	3.0344E-01	0
38.783	-9.088	1.9371E-01	2
38.781	-9.050	1.7111E-01	0
38.779	-9.012	1.6973E-01	2
38.777	-8.975	1.7161E-01	0
38.775	-8.938	1.7257E-01	2
38.773	-8.900	1.6859E-01	0
38.772	-8.863	1.7452E-01	2
38.770	-8.827	1.9686E-01	0
38.768	-8.790	2.0982E-01	2
38.766	-8.754	1.7719E-01	0
38.764	-8.718	2.0077E-01	2
38.762	-8.682	2.0492E-01	0
38.760	-8.646	1.9029E-01	2
38.758	-8.611	1.8399E-01	0
38.756	-8.576	1.9261E-01	2
38.754	-8.540	2.0106E-01	0
38.752	-8.505	2.0322E-01	2
38.750	-8.470	2.0318E-01	0
38.748	-8.435	2.0831E-01	2
38.746	-8.401	1.9765E-01	0
38.744	-8.367	1.8744E-01	2
38.742	-8.332	2.1728E-01	0
38.740	-8.298	1.7725E-01	2
38.738	-8.264	1.7164E-01	0
38.775	-9.239	2.3241E-01	3
38.774	-9.202	2.8376E-01	0
38.772	-9.163	3.0712E-01	3
38.770	-9.125	2.7473E-01	0
38.768	-9.089	1.9629E-01	3
38.766	-9.051	1.7116E-01	0
38.764	-9.013	1.7050E-01	2
38.762	-8.976	1.7407E-01	0
38.760	-8.939	1.7706E-01	2
38.758	-8.902	1.7005E-01	0
38.756	-8.865	1.6589E-01	2
38.754	-8.828	1.7302E-01	0
38.752	-8.792	2.1367E-01	2
38.750	-8.755	2.1430E-01	0
38.748	-8.719	1.8176E-01	3
38.747	-8.683	2.3213E-01	0
38.745	-8.647	2.1360E-01	3
38.743	-8.612	2.1791E-01	0
38.741	-8.576	1.9090E-01	3
38.739	-8.542	2.5736E-01	0
38.737	-8.507	2.1410E-01	3
38.735	-8.472	1.8090E-01	0
38.733	-8.437	1.6898E-01	3
38.731	-8.402	1.7753E-01	0
38.729	-8.368	2.0247E-01	3
38.727	-8.333	2.0905E-01	0
38.725	-8.299	1.8646E-01	3
38.723	-8.265	1.8794E-01	0
38.760	-9.241	2.6035E-01	2
38.758	-9.203	2.6956E-01	0
38.756	-9.164	2.7561E-01	2
38.754	-9.127	2.8049E-01	0
38.752	-9.090	1.9240E-01	2
38.751	-9.052	1.7154E-01	0
38.749	-9.015	1.7137E-01	2
38.747	-8.977	1.8522E-01	0
38.745	-8.940	1.9165E-01	2
38.743	-8.903	1.7448E-01	0
38.741	-8.866	1.7012E-01	2
38.739	-8.829	1.6800E-01	0
38.737	-8.793	1.9153E-01	2
38.735	-8.756	2.2438E-01	0
38.733	-8.720	2.2926E-01	2
38.731	-8.684	2.0312E-01	0
38.730	-8.648	1.9401E-01	2
38.728	-8.613	2.0987E-01	0
38.726	-8.578	2.0633E-01	2
38.724	-8.543	1.9054E-01	0
38.722	-8.508	2.2471E-01	2
38.720	-8.473	2.1885E-01	0
38.718	-8.438	2.1879E-01	2
38.716	-8.404	2.1376E-01	0
38.714	-8.369	1.8747E-01	2
38.712	-8.335	1.8636E-01	0
38.710	-8.300	2.0103E-01	2
38.708	-8.266	1.7560E-01	0
38.744	-9.242	2.4279E-01	2
38.742	-9.204	3.1334E-01	0
38.741	-9.166	3.1859E-01	2
38.739	-9.128	2.6528E-01	0
38.737	-9.091	1.8605E-01	2
38.735	-9.053	1.7096E-01	0
38.733	-9.016	1.7396E-01	2
38.731	-8.978	1.8985E-01	0
38.730	-8.941	2.0857E-01	2
38.728	-8.904	1.9374E-01	0
38.726	-8.867	1.7399E-01	2
38.724	-8.830	1.7147E-01	0
38.722	-8.794	1.8538E-01	2
38.720	-8.758	1.8774E-01	0
38.718	-8.721	1.8382E-01	3
38.716	-8.685	2.0082E-01	0
38.714	-8.650	2.1255E-01	3
38.713	-8.614	2.0763E-01	0
38.711	-8.579	2.2523E-01	3
38.709	-8.544	2.3443E-01	0
38.707	-8.509	2.9301E-01	3
38.705	-8.474	1.8721E-01	0
38.703	-8.439	2.3492E-01	3
38.701	-8.405	2.0628E-01	0
38.699	-8.371	2.3854E-01	3
38.697	-8.336	2.1270E-01	0
38.696	-8.302	1.9295E-01	3
38.694	-8.268	1.8102E-01	0
38.796	-9.243	2.1594E-01	3
38.794	-9.205	2.6592E-01	0
38.791	-9.168	3.3917E-01	3
38.789	-9.130	3.2523E-01	0
38.787	-9.093	2.0215E-01	2
38.785	-9.056	1.7308E-01	0
38.783	-9.018	1.7119E-01	2
38.781	-8.981	1.7262E-01	0
38.778	-8.944	1.7460E-01	2
38.776	-8.906	1.6879E-01	0
38.774	-8.869	1.7288E-01	2
38.772	-8.833	1.9717E-01	0
38.770	-8.796	2.1540E-01	2
38.767	-8.760	1.8188E-01	0
38.765	-8.724	2.0077E-01	2
38.763	-8.688	2.0295E-01	0
38.761	-8.652	1.9891E-01	2
38.759	-8.617	1.8165E-01	0
38.756	-8.582	1.9894E-01	2
38.754	-8.546	1.9467E-01	0
38.752	-8.511	2.0853E-01	2
38.750	-8.476	2.0755E-01	0
38.748	-8.441	2.0503E-01	2
38.746	-8.407	2.0575E-01	0
38.743	-8.373	1.8384E-01	2
38.741	-8.338	2.2278E-01	0
38.739	-8.304	1.8249E-01	2
38.737	-8.270	1.7347E-01	0
38.780	-9.244	2.3889E-01	2
38.778	-9.208	2.9786E-01	0
38.776	-9.169	3.2370E-01	2
38.774	-9.131	3.0503E-01	0
38.772	-9.094	2.0245E-01	2
38.770	-9.057	1.7313E-01	0
38.767	-9.019	1.7113E-01	2
38.765	-8.982	1.7324E-01	0
38.763	-8.945	1.7573E-01	3
38.761	-8.908	1.7284E-01	0
38.759	-8.871	1.6830E-01	3
38.757	-8.834	1.7156E-01	0
38.754	-8.798	2.0910E-01	3
38.752	-8.761	2.1031E-01	0
38.750	-8.725	1.8347E-01	3
38.748	-8.689	2.2554E-01	0
38.746	-8.653	2.2512E-01	3
38.744	-8.618	2.1449E-01	0
38.741	-8.583	1.9268E-01	3
38.739	-8.548	2.4964E-01	0
38.737	-8.513	2.2505E-01	3
38.735	-8.478	1.8501E-01	0
38.733	-8.443	1.7296E-01	3
38.731	-8.408	1.7570E-01	0
38.729	-8.374	1.9861E-01	3
38.726	-8.340	2.1429E-01	0
38.724	-8.305	1.8323E-01	3
38.722	-8.271	1.9527E-01	0
38.765	-9.246	2.5406E-01	3
38.762	-9.208	2.5342E-01	0
38.760	-9.170	2.7059E-01	3
38.758	-9.132	2.9611E-01	0
38.756	-9.095	2.0155E-01	2
38.754	-9.058	1.7364E-01	0
38.752	-9.020	1.7219E-01	2
38.750	-8.983	1.8230E-01	0
38.748	-8.946	1.9616E-01	2
38.746	-8.909	1.7587E-01	0
38.744	-8.872	1.7134E-01	2
38.741	-8.835	1.6920E-01	0
38.739	-8.799	1.8848E-01	2
38.737	-8.762	2.2983E-01	0
38.735	-8.726	2.3338E-01	2
38.733	-8.690	2.0730E-01	0
38.731	-8.654	1.9465E-01	2
38.729	-8.619	2.1310E-01	0
38.727	-8.584	2.0431E-01	2
38.724	-8.549	1.9857E-01	0
38.722	-8.514	2.1547E-01	2
38.720	-8.479	2.3125E-01	0
38.718	-8.444	2.1007E-01	2
38.716	-8.410	2.3051E-01	0
38.714	-8.376	1.8760E-01	2
38.712	-8.341	1.9123E-01	0
38.709	-8.307	2.0558E-01	2
38.707	-8.273	1.7864E-01	0
38.749	-9.248	2.3633E-01	2
38.747	-9.209	2.9231E-01	0
38.745	-9.171	3.1897E-01	2
38.743	-9.134	2.7881E-01	0
38.741	-9.097	1.9882E-01	2
38.739	-9.059	1.7305E-01	0
38.737	-9.022	1.7319E-01	3
38.735	-8.984	1.8706E-01	0
38.732	-8.947	2.0198E-01	3
38.730	-8.910	1.9541E-01	0
38.728	-8.873	1.7506E-01	3
38.726	-8.836	1.7318E-01	0
38.724	-8.800	1.8513E-01	3
38.722	-8.764	1.8995E-01	0
38.720	-8.727	1.8346E-01	3
38.718	-8.691	2.0006E-01	0
38.716	-8.656	2.0989E-01	3
38.714	-8.620	2.1612E-01	0
38.712	-8.585	2.1675E-01	3
38.709	-8.550	2.3026E-01	0
38.707	-8.515	2.9914E-01	3
38.705	-8.480	1.9379E-01	0
38.703	-8.445	2.3441E-01	3
38.701	-8.411	2.1051E-01	0
38.699	-8.377	2.3715E-01	3
38.697	-8.343	2.1484E-01	0
38.695	-8.308	2.0154E-01	3
38.693	-8.274	1.7767E-01	0
38.733	-9.249	2.3465E-01	2
38.731	-9.210	3.4820E-01	0
38.729	-9.172	3.5299E-01	2
38.727	-9.135	2.6376E-01	0
38.725	-9.098	1.8540E-01	2
38.723	-9.060	1.7900E-01	0
38.721	-9.023	2.2073E-01	2
38.719	-8.985	2.3742E-01	0
38.717	-8.948	2.2911E-01	2
38.715	-8.911	2.1651E-01	0
38.713	-8.874	1.9191E-01	2
38.711	-8.838	1.7692E-01	0
38.709	-8.801	1.7953E-01	2
38.707	-8.765	1.9266E-01	0
38.705	-8.729	1.9624E-01	2
38.703	-8.693	2.0087E-01	0
38.701	-8.657	2.1407E-01	2
38.699	-8.621	2.0977E-01	0
38.697	-8.586	2.2467E-01	2
38.695	-8.551	1.9702E-01	0
38.692	-8.516	1.8648E-01	2
38.690	-8.481	2.2153E-01	0
38.688	-8.446	2.7214E-01	2
38.686	-8.412	2.1985E-01	0
38.684	-8.378	2.0566E-01	2
38.682	-8.344	1.8268E-01	0
38.680	-8.310	1.7524E-01	2
38.678	-8.276	1.8500E-01	0
38.716	-9.212	3.0162E-01	0
38.714	-9.174	2.9563E-01	2
38.712	-9.137	2.4805E-01	0
38.710	-9.099	1.7821E-01	2
38.708	-9.061	1.7418E-01	0
38.706	-9.024	1.9881E-01	3
38.704	-8.987	2.0777E-01	0
38.702	-8.949	2.3932E-01	3
38.700	-8.912	2.2556E-01	0
38.698	-8.876	2.1531E-01	3
38.696	-8.839	2.0771E-01	0
38.694	-8.802	1.7508E-01	3
38.692	-8.766	1.9146E-01	0
38.690	-8.730	1.9742E-01	3
38.688	-8.694	2.0397E-01	0
38.686	-8.658	2.2145E-01	3
38.684	-8.623	1.9622E-01	0
38.682	-8.587	1.9395E-01	3
38.680	-8.552	2.0417E-01	0
38.678	-8.517	2.1797E-01	3
38.676	-8.482	2.1793E-01	0
38.673	-8.447	2.2893E-01	3
38.671	-8.413	2.4115E-01	0
38.669	-8.379	1.9691E-01	3
38.667	-8.345	2.0522E-01	0
38.665	-8.311	1.8440E-01	3
38.663	-8.277	1.9180E-01	0
38.700	-9.214	3.1773E-01	0
38.698	-9.176	2.1062E-01	2
38.696	-9.138	1.8137E-01	0
38.694	-9.100	1.7300E-01	2
38.692	-9.063	1.7422E-01	0
38.690	-9.025	1.7830E-01	2
38.689	-8.988	1.8734E-01	0
38.687	-8.950	2.3397E-01	2
38.685	-8.913	2.6341E-01	0
38.683	-8.877	2.2410E-01	2
38.681	-8.840	2.0306E-01	0
38.679	-8.804	2.0537E-01	2
38.677	-8.767	1.8352E-01	0
38.675	-8.731	2.0730E-01	2
38.673	-8.695	2.0997E-01	0
38.671	-8.659	2.0784E-01	2
38.669	-8.624	1.9709E-01	0
38.667	-8.588	2.0406E-01	2
38.665	-8.553	2.1320E-01	0
38.663	-8.518	1.8487E-01	2
38.661	-8.483	2.3289E-01	0
38.659	-8.449	2.0522E-01	2
38.657	-8.414	2.0188E-01	0
38.655	-8.380	1.9420E-01	2
38.653	-8.346	2.1342E-01	0
38.651	-8.311	1.7541E-01	2
38.649	-8.278	1.7733E-01	0
38.685	-9.216	2.2127E-01	0
38.683	-9.177	1.8820E-01	3
38.681	-9.139	1.8504E-01	0
38.679	-9.102	1.7248E-01	3
38.677	-9.064	1.8386E-01	0
38.675	-9.026	1.8604E-01	3
38.673	-8.989	1.9716E-01	0
38.671	-8.952	2.2071E-01	2
38.669	-8.914	2.0689E-01	0
38.667	-8.878	2.2604E-01	2
38.665	-8.841	2.4369E-01	0
38.663	-8.805	2.3469E-01	3
38.661	-8.769	1.9771E-01	0
38.660	-8.733	1.9101E-01	3
38.658	-8.697	1.8931E-01	0
38.656	-8.661	1.8231E-01	3
38.654	-8.625	1.8498E-01	0
38.652	-8.590	2.0495E-01	3
38.650	-8.555	1.9648E-01	0
38.648	-8.520	2.4698E-01	3
38.646	-8.485	2.4267E-01	0
38.644	-8.450	2.3877E-01	3
38.642	-8.415	2.9527E-01	0
38.640	-8.381	2.0157E-01	3
38.638	-8.346	1.8941E-01	0
38.636	-8.312	1.8588E-01	3
38.634	-8.279	1.8370E-01	0
38.669	-9.216	2.0386E-01	0
38.667	-9.178	2.0698E-01	2
38.665	-9.141	1.9073E-01	0
38.664	-9.103	1.8022E-01	2
38.662	-9.065	2.1686E-01	0
38.660	-9.027	2.3405E-01	2
38.658	-8.990	2.1648E-01	0
38.656	-8.953	1.9457E-01	2
38.654	-8.916	2.1765E-01	0
38.652	-8.879	2.0506E-01	2
38.650	-8.842	2.1445E-01	0
38.648	-8.806	2.1274E-01	2
38.646	-8.770	2.4349E-01	0
38.644	-8.734	2.0967E-01	2
38.643	-8.698	2.2109E-01	0
38.641	-8.662	2.1540E-01	2
38.639	-8.627	1.8062E-01	0
38.637	-8.591	1.7089E-01	2
38.635	-8.556	1.8933E-01	0
38.633	-8.521	2.0439E-01	2
38.631	-8.486	2.3325E-01	0
38.629	-8.452	2.4084E-01	2
38.627	-8.417	2.1305E-01	0
38.625	-8.382	2.2032E-01	2
38.623	-8.348	2.0272E-01	0
38.621	-8.314	1.8386E-01	2
38.619	-8.280	1.7983E-01	0
38.654	-9.217	2.0378E-01	0
38.652	-9.179	2.0277E-01	2
38.650	-9.142	2.0934E-01	0
38.648	-9.104	2.3664E-01	2
38.646	-9.066	2.3518E-01	0
38.644	-9.028	2.2813E-01	3
38.642	-8.991	2.2892E-01	0
38.641	-8.954	2.2442E-01	2
38.639	-8.917	2.0770E-01	0
38.637	-8.880	2.1069E-01	2
38.635	-8.844	1.9403E-01	0
38.633	-8.807	1.8379E-01	3
38.631	-8.771	2.0046E-01	0
38.629	-8.735	2.1493E-01	3
38.627	-8.699	2.2221E-01	0
38.626	-8.663	1.9312E-01	3
38.624	-8.628	2.0129E-01	0
38.622	-8.593	1.7146E-01	3
38.620	-8.558	2.0019E-01	0
38.618	-8.523	2.3595E-01	3
38.616	-8.488	2.5036E-01	0
38.614	-8.453	2.5278E-01	3
38.612	-8.418	2.0178E-01	0
38.610	-8.384	2.4477E-01	3
38.608	-8.349	1.7845E-01	0
38.606	-8.315	1.7317E-01	3
38.605	-8.280	1.5860E-01	0
38.705	-9.221	3.2841E-01	0
38.703	-9.183	2.3300E-01	2
38.701	-9.146	1.9807E-01	0
38.699	-9.108	1.7503E-01	2
38.697	-9.070	1.7353E-01	0
38.694	-9.033	1.7933E-01	2
38.692	-8.995	1.8093E-01	0
38.690	-8.958	2.2839E-01	2
38.688	-8.921	2.6024E-01	0
38.686	-8.884	2.2968E-01	2
38.683	-8.848	2.0137E-01	0
38.681	-8.811	2.0499E-01	2
38.679	-8.775	1.8396E-01	0
38.677	-8.739	2.0262E-01	2
38.675	-8.703	2.1086E-01	0
38.672	-8.667	2.1671E-01	2
38.670	-8.631	1.9873E-01	0
38.668	-8.596	2.0389E-01	2
38.666	-8.561	2.1244E-01	0
38.664	-8.526	1.8798E-01	2
38.661	-8.491	2.2353E-01	0
38.659	-8.457	2.1547E-01	2
38.657	-8.422	2.0586E-01	0
38.655	-8.387	1.8927E-01	2
38.653	-8.353	2.2144E-01	0
38.650	-8.319	1.8022E-01	2
38.648	-8.286	1.7564E-01	0
38.646	-8.252	1.8948E-01	2
38.690	-9.223	2.6729E-01	0
38.688	-9.185	1.8858E-01	2
38.685	-9.147	1.8396E-01	0
38.683	-9.109	1.7305E-01	2
38.681	-9.071	1.7765E-01	0
38.679	-9.034	1.8376E-01	2
38.677	-8.996	1.9468E-01	0
38.675	-8.959	2.1881E-01	2
38.672	-8.922	2.1374E-01	0
38.670	-8.885	2.2264E-01	2
38.668	-8.849	2.5205E-01	0
38.666	-8.812	2.3640E-01	3
38.664	-8.776	2.0139E-01	0
38.662	-8.740	1.9234E-01	3
38.659	-8.704	1.8876E-01	0
38.657	-8.668	1.8516E-01	3
38.655	-8.633	1.8063E-01	0
38.653	-8.597	2.0938E-01	3
38.651	-8.562	1.8990E-01	0
38.649	-8.527	2.4337E-01	3
38.646	-8.492	2.4345E-01	0
38.644	-8.458	2.3409E-01	3
38.642	-8.423	3.0263E-01	0
38.640	-8.389	2.0840E-01	3
38.638	-8.354	1.8966E-01	0
38.636	-8.320	1.9144E-01	3
38.633	-8.286	1.8452E-01	0
38.631	-8.253	1.7197E-01	3
38.674	-9.224	2.0526E-01	0
38.672	-9.185	2.0406E-01	2
38.670	-9.148	1.9721E-01	0
38.668	-9.110	1.7635E-01	2
38.666	-9.072	2.0423E-01	0
38.664	-9.035	2.2219E-01	2
38.661	-8.997	2.1422E-01	0
38.659	-8.960	2.0161E-01	2
38.657	-8.923	2.1474E-01	0
38.655	-8.886	2.1445E-01	2
38.653	-8.850	2.1211E-01	0
38.651	-8.814	2.1587E-01	2
38.649	-8.777	2.4165E-01	0
38.647	-8.741	2.0614E-01	2
38.644	-8.705	2.0666E-01	0
38.642	-8.670	2.2344E-01	2
38.640	-8.634	1.8384E-01	0
38.638	-8.599	1.6886E-01	2
38.636	-8.564	1.8870E-01	0
38.634	-8.529	2.0110E-01	2
38.632	-8.494	2.2301E-01	0
38.630	-8.459	2.4766E-01	2
38.627	-8.425	2.1779E-01	0
38.625	-8.390	2.1194E-01	2
38.623	-8.355	2.1573E-01	0
38.621	-8.321	1.8178E-01	2
38.619	-8.287	1.8205E-01	0
38.617	-8.253	1.6705E-01	2
38.659	-9.225	2.0905E-01	0
38.656	-9.186	1.9763E-01	2
38.654	-9.149	2.0680E-01	0
38.652	-9.111	2.2382E-01	2
38.650	-9.073	2.2553E-01	0
38.648	-9.036	2.3025E-01	2
38.646	-8.999	2.2860E-01	0
38.644	-8.961	2.1344E-01	2
38.642	-8.924	2.0237E-01	0
38.640	-8.888	2.1164E-01	3
38.638	-8.851	1.9278E-01	0
38.636	-8.815	1.8829E-01	2
38.634	-8.778	1.9844E-01	0
38.631	-8.742	2.2284E-01	3
38.629	-8.707	2.2253E-01	0
38.627	-8.671	2.0040E-01	3
38.625	-8.635	1.9845E-01	0
38.623	-8.600	1.6975E-01	3
38.621	-8.565	1.9791E-01	0
38.619	-8.530	2.2855E-01	3
38.617	-8.495	2.4385E-01	0
38.615	-8.461	2.5860E-01	3
38.613	-8.426	2.0993E-01	0
38.610	-8.391	2.3473E-01	3
38.608	-8.357	1.9051E-01	0
38.606	-8.322	1.7469E-01	3
38.604	-8.288	1.6108E-01	0
38.602	-8.254	1.6495E-01	3
38.643	-9.226	2.0638E-01	0
38.641	-9.187	2.0087E-01	2
38.639	-9.150	2.0240E-01	0
38.637	-9.112	2.3306E-01	2
38.635	-9.075	3.5606E-01	0
38.633	-9.037	2.5205E-01	2
38.631	-9.000	2.1539E-01	0
38.629	-8.962	2.2575E-01	2
38.627	-8.925	2.2271E-01	0
38.625	-8.889	2.1297E-01	2
38.623	-8.852	2.1456E-01	0
38.620	-8.816	2.1653E-01	2
38.618	-8.780	2.4949E-01	0
38.616	-8.744	2.2035E-01	2
38.614	-8.708	2.6286E-01	0
38.612	-8.672	2.0462E-01	2
38.610	-8.637	1.9592E-01	0
38.608	-8.601	2.1794E-01	2
38.606	-8.566	2.4086E-01	0
38.604	-8.531	2.2802E-01	2
38.602	-8.497	2.1155E-01	0
38.600	-8.462	2.4682E-01	2
38.598	-8.427	2.1568E-01	0
38.596	-8.392	2.4172E-01	2
38.594	-8.358	1.9380E-01	0
38.591	-8.324	1.7019E-01	2
38.589	-8.290	1.8708E-01	0
38.587	-8.256	1.6533E-01	3
38.627	-9.228	1.9404E-01	0
38.625	-9.189	1.9869E-01	2
38.623	-9.151	2.0016E-01	0
38.621	-9.113	2.1516E-01	2
38.619	-9.076	3.0134E-01	0
38.617	-9.038	3.3633E-01	2
38.615	-9.000	2.4145E-01	0
38.613	-8.963	2.2674E-01	3
38.611	-8.926	2.3498E-01	0
38.609	-8.890	2.2924E-01	3
38.607	-8.853	2.1099E-01	0
38.605	-8.817	2.1893E-01	2
38.603	-8.781	2.2844E-01	0
38.601	-8.745	2.1560E-01	3
38.599	-8.709	2.4403E-01	0
38.597	-8.674	2.1848E-01	3
38.595	-8.638	2.1545E-01	0
38.593	-8.603	1.7200E-01	3
38.591	-8.568	1.7329E-01	0
38.589	-8.533	1.8420E-01	2
38.587	-8.498	2.1937E-01	0
38.585	-8.464	2.2015E-01	2
38.583	-8.428	1.9627E-01	0
38.581	-8.393	1.8138E-01	3
38.579	-8.359	2.1816E-01	0
38.577	-8.325	1.7935E-01	3
38.575	-8.291	1.8069E-01	0
38.573	-8.258	1.6715E-01	3
38.612	-9.229	1.7561E-01	0
38.610	-9.190	1.9748E-01	2
38.608	-9.152	1.9495E-01	0
38.606	-9.114	1.9928E-01	2
38.604	-9.077	2.6806E-01	0
38.602	-9.039	3.5784E-01	2
38.600	-9.002	2.8475E-01	0
38.598	-8.964	2.1702E-01	2
38.596	-8.927	2.7390E-01	0
38.594	-8.891	2.4043E-01	2
38.592	-8.855	2.4033E-01	0
38.590	-8.818	2.2094E-01	2
38.588	-8.782	2.1031E-01	0
38.586	-8.746	2.3205E-01	2
38.584	-8.711	2.8889E-01	0
38.582	-8.675	1.9081E-01	2
38.580	-8.640	2.0955E-01	0
38.578	-8.604	1.7978E-01	2
38.576	-8.569	1.8074E-01	0
38.574	-8.534	2.2927E-01	2
38.572	-8.499	2.5247E-01	0
38.570	-8.464	2.6810E-01	2
38.568	-8.430	2.6354E-01	0
38.566	-8.395	2.0739E-01	2
38.564	-8.360	2.2012E-01	0
38.562	-8.327	1.7864E-01	2
38.560	-8.293	1.7204E-01	0
38.558	-8.259	1.7950E-01	2
38.596	-9.230	1.6767E-01	0
38.594	-9.191	1.8108E-01	2
38.592	-9.153	1.8173E-01	0
38.590	-9.115	1.8917E-01	2
38.589	-9.078	2.4668E-01	0
38.587	-9.040	3.3446E-01	2
38.585	-9.003	3.1979E-01	0
38.583	-8.965	2.3236E-01	3
38.581	-8.928	2.2051E-01	0
38.579	-8.891	2.6230E-01	3
38.577	-8.856	2.3821E-01	0
38.575	-8.820	2.3200E-01	2
38.573	-8.784	2.3728E-01	0
38.571	-8.748	2.0677E-01	3
38.569	-8.712	1.9464E-01	0
38.567	-8.676	2.1661E-01	2
38.565	-8.640	2.1012E-01	0
38.563	-8.605	1.8862E-01	2
38.561	-8.570	2.1205E-01	0
38.559	-8.535	1.9700E-01	2
38.557	-8.500	2.2933E-01	0
38.555	-8.466	2.7420E-01	2
38.553	-8.431	2.3207E-01	0
38.551	-8.396	2.1843E-01	2
38.549	-8.362	2.0090E-01	0
38.547	-8.328	2.1372E-01	3
38.545	-8.294	1.6337E-01	0
38.543	-8.261	1.6568E-01	3
38.581	-9.231	1.6448E-01	0
38.579	-9.192	1.7459E-01	2
38.577	-9.154	1.7664E-01	0
38.575	-9.116	1.8688E-01	2
38.573	-9.079	2.2090E-01	0
38.571	-9.041	2.6866E-01	2
38.569	-9.004	3.4915E-01	0
38.567	-8.966	2.6569E-01	2
38.565	-8.929	2.5129E-01	0
38.564	-8.893	2.4237E-01	2
38.562	-8.857	2.1836E-01	0
38.560	-8.821	2.7583E-01	2
38.558	-8.785	2.4087E-01	0
38.556	-8.749	2.1822E-01	2
38.554	-8.713	2.7962E-01	0
38.552	-8.677	2.4413E-01	2
38.550	-8.642	1.8492E-01	0
38.548	-8.606	1.8444E-01	2
38.546	-8.571	1.7307E-01	0
38.544	-8.536	2.1565E-01	2
38.542	-8.502	2.4303E-01	0
38.541	-8.468	2.7104E-01	2
38.539	-8.433	2.5214E-01	0
38.537	-8.398	2.1363E-01	2
38.535	-8.363	1.8894E-01	0
38.533	-8.329	2.1694E-01	2
38.531	-8.296	1.7415E-01	0
38.529	-8.263	1.6882E-01	2
38.565	-9.233	1.6268E-01	0
38.563	-9.194	1.7326E-01	2
38.561	-9.155	1.7200E-01	0
38.560	-9.117	1.7913E-01	2
38.558	-9.079	2.0508E-01	0
38.556	-9.042	2.2553E-01	2
38.554	-9.005	2.8875E-01	0
38.552	-8.966	3.1891E-01	3
38.550	-8.929	2.4685E-01	0
38.548	-8.894	2.2024E-01	2
38.546	-8.858	2.1159E-01	0
38.545	-8.822	2.4433E-01	2
38.543	-8.786	1.8806E-01	0
38.541	-8.750	2.0156E-01	2
38.539	-8.714	2.2656E-01	0
38.537	-8.679	1.7964E-01	2
38.535	-8.643	1.8965E-01	0
38.533	-8.607	1.9404E-01	2
38.531	-8.573	1.7830E-01	0
38.529	-8.538	2.0501E-01	2
38.528	-8.504	2.3241E-01	0
38.526	-8.469	1.9766E-01	2
38.524	-8.434	1.9364E-01	0
38.522	-8.399	2.1778E-01	2
38.520	-8.365	1.8654E-01	0
38.518	-8.331	1.9956E-01	2
38.516	-8.297	1.9826E-01	0
38.514	-8.264	1.9956E-01	2
38.616	-9.235	1.7865E-01	0
38.614	-9.195	1.9735E-01	2
38.612	-9.157	1.9413E-01	0
38.610	-9.120	1.9953E-01	2
38.607	-9.082	2.5717E-01	0
38.605	-9.045	3.6583E-01	2
38.603	-9.007	2.8677E-01	0
38.601	-8.970	2.1888E-01	2
38.599	-8.933	2.7669E-01	0
38.596	-8.896	2.4240E-01	2
38.594	-8.860	2.3893E-01	0
38.592	-8.824	2.2556E-01	2
38.590	-8.788	2.1431E-01	0
38.588	-8.752	2.2090E-01	2
38.585	-8.716	3.0161E-01	0
38.583	-8.681	1.9992E-01	2
38.581	-8.645	2.0417E-01	0
38.579	-8.610	1.8756E-01	2
38.577	-8.575	1.8207E-01	0
38.574	-8.540	2.1903E-01	2
38.572	-8.505	2.5354E-01	0
38.570	-8.470	2.6924E-01	2
38.568	-8.436	2.7238E-01	0
38.566	-8.401	2.1125E-01	2
38.563	-8.366	2.2521E-01	0
38.561	-8.332	1.9366E-01	2
38.559	-8.299	1.7166E-01	0
38.557	-8.265	1.8594E-01	2
38.601	-9.236	1.6906E-01	0
38.598	-9.196	1.8388E-01	2
38.596	-9.158	1.8890E-01	0
38.594	-9.121	1.8919E-01	2
38.592	-9.083	2.4180E-01	0
38.590	-9.046	3.4138E-01	2
38.588	-9.008	3.2159E-01	0
38.585	-8.971	2.3204E-01	2
38.583	-8.934	2.2045E-01	0
38.581	-8.897	2.5723E-01	3
38.579	-8.861	2.4835E-01	0
38.577	-8.825	2.3093E-01	3
38.575	-8.789	2.3576E-01	0
38.573	-8.753	2.0550E-01	2
38.570	-8.718	1.9894E-01	0
38.568	-8.682	2.0927E-01	2
38.566	-8.646	2.1979E-01	0
38.564	-8.611	1.8672E-01	2
38.562	-8.575	2.1363E-01	0
38.559	-8.541	1.9485E-01	2
38.557	-8.506	2.2839E-01	0
38.555	-8.472	2.8273E-01	3
38.553	-8.437	2.3214E-01	0
38.551	-8.402	2.2911E-01	3
38.549	-8.368	1.9724E-01	0
38.546	-8.334	2.1385E-01	3
38.544	-8.300	1.6741E-01	0
38.542	-8.267	1.6240E-01	3
38.585	-9.237	1.6549E-01	0
38.583	-9.198	1.7548E-01	2
38.581	-9.159	1.7957E-01	0
38.579	-9.121	1.8390E-01	2
38.577	-9.084	2.1811E-01	0
38.574	-9.047	2.7040E-01	2
38.572	-9.009	3.6652E-01	0
38.570	-8.972	2.7329E-01	2
38.568	-8.934	2.4726E-01	0
38.566	-8.897	2.5594E-01	2
38.564	-8.862	2.1792E-01	0
38.562	-8.827	2.6399E-01	2
38.560	-8.790	2.5822E-01	0
38.557	-8.755	2.2006E-01	2
38.555	-8.719	2.6766E-01	0
38.553	-8.683	2.5540E-01	2
38.551	-8.647	1.9409E-01	0
38.549	-8.612	1.8356E-01	2
38.547	-8.577	1.7516E-01	0
38.545	-8.542	2.0769E-01	2
38.542	-8.507	2.3551E-01	0
38.540	-8.473	2.7793E-01	2
38.538	-8.438	2.4481E-01	0
38.536	-8.404	2.2746E-01	2
38.534	-8.369	1.8345E-01	0
38.532	-8.335	2.2509E-01	2
38.530	-8.302	1.8242E-01	0
38.528	-8.269	1.7722E-01	2
38.570	-9.238	1.6384E-01	0
38.567	-9.199	1.7351E-01	2
38.565	-9.160	1.7492E-01	0
38.563	-9.122	1.7906E-01	2
38.561	-9.085	2.0631E-01	0
38.559	-9.048	2.2465E-01	2
38.557	-9.010	2.7746E-01	0
38.555	-8.972	3.3688E-01	2
38.553	-8.935	2.5731E-01	0
38.551	-8.899	2.3291E-01	3
38.549	-8.864	2.0677E-01	0
38.547	-8.828	2.6035E-01	2
38.544	-8.792	1.9604E-01	0
38.542	-8.756	1.9820E-01	2
38.540	-8.720	2.4038E-01	0
38.538	-8.684	1.8843E-01	2
38.536	-8.648	1.8553E-01	0
38.534	-8.613	2.0194E-01	2
38.532	-8.578	1.7672E-01	0
38.530	-8.544	2.0021E-01	3
38.528	-8.509	2.3466E-01	0
38.526	-8.475	2.0290E-01	3
38.523	-8.440	1.8832E-01	0
38.521	-8.405	2.2669E-01	3
38.519	-8.371	1.8623E-01	0
38.517	-8.336	2.0064E-01	3
38.515	-8.303	1.9625E-01	0
38.513	-8.270	2.0635E-01	3
38.554	-9.239	1.6243E-01	0
38.552	-9.200	1.6962E-01	2
38.550	-9.162	1.7142E-01	0
38.548	-9.124	1.7050E-01	2
38.546	-9.086	1.8815E-01	0
38.544	-9.049	2.2367E-01	2
38.542	-9.011	3.0695E-01	0
38.539	-8.973	2.7942E-01	3
38.537	-8.935	2.1445E-01	0
38.535	-8.901	2.0510E-01	2
38.533	-8.865	2.0257E-01	0
38.531	-8.829	1.8588E-01	2
38.529	-8.793	1.8956E-01	0
38.527	-8.757	1.8983E-01	2
38.525	-8.721	1.7119E-01	0
38.523	-8.686	1.7968E-01	2
38.521	-8.650	1.7706E-01	0
38.519	-8.614	1.8871E-01	2
38.517	-8.579	1.8242E-01	0
38.515	-8.545	1.9305E-01	2
38.513	-8.511	2.2550E-01	0
38.511	-8.476	2.2291E-01	2
38.509	-8.441	1.8592E-01	0
38.507	-8.407	2.4157E-01	2
38.504	-8.373	2.1311E-01	0
38.502	-8.338	1.8681E-01	2
38.500	-8.305	1.9231E-01	0
38.498	-8.271	1.7802E-01	2
38.538	-9.240	1.6343E-01	0
38.536	-9.202	1.6904E-01	2
38.534	-9.163	1.7351E-01	0
38.532	-9.125	1.7283E-01	2
38.530	-9.087	1.7310E-01	0
38.528	-9.050	1.9165E-01	2
38.526	-9.012	2.4435E-01	0
38.524	-8.975	2.5125E-01	2
38.522	-8.938	2.0640E-01	0
38.520	-8.902	1.8696E-01	2
38.518	-8.866	1.9742E-01	0
38.516	-8.830	1.8732E-01	2
38.514	-8.794	1.8936E-01	0
38.512	-8.758	1.8325E-01	2
38.510	-8.723	1.7048E-01	0
38.508	-8.687	1.6665E-01	2
38.506	-8.651	1.8343E-01	0
38.504	-8.615	1.7682E-01	2
38.502	-8.581	1.8670E-01	0
38.500	-8.546	1.8970E-01	3
38.498	-8.511	2.6333E-01	0
38.496	-8.477	1.9953E-01	3
38.494	-8.442	1.8641E-01	0
38.492	-8.408	2.1586E-01	3
38.490	-8.374	1.9415E-01	0
38.488	-8.340	1.7764E-01	3
38.486	-8.306	2.4224E-01	0
38.484	-8.273	1.9188E-01	3
38.523	-9.241	1.6496E-01	0
38.521	-9.203	1.7278E-01	2
38.519	-9.165	1.7927E-01	0
38.517	-9.126	1.7002E-01	2
38.515	-9.088	1.7950E-01	0
38.513	-9.051	1.8643E-01	2
38.511	-9.012	2.0641E-01	0
38.509	-8.976	2.0264E-01	2
38.507	-8.940	1.7350E-01	0
38.505	-8.904	1.6382E-01	2
38.503	-8.868	1.6651E-01	0
38.501	-8.831	1.8515E-01	2
38.499	-8.795	1.8613E-01	0
38.497	-8.760	1.7431E-01	2
38.495	-8.724	1.7041E-01	0
38.493	-8.688	1.7986E-01	2
38.491	-8.652	1.8525E-01	0
38.489	-8.617	1.9660E-01	2
38.487	-8.583	1.9182E-01	0
38.485	-8.547	1.8355E-01	2
38.483	-8.512	2.1788E-01	0
38.481	-8.478	1.8303E-01	2
38.479	-8.443	2.2702E-01	0
38.477	-8.409	1.9482E-01	2
38.475	-8.375	1.9623E-01	0
38.473	-8.342	2.0231E-01	2
38.471	-8.307	1.9520E-01	0
38.469	-8.274	1.7952E-01	2
38.507	-9.243	1.8087E-01	0
38.505	-9.204	2.1764E-01	2
38.503	-9.166	2.2881E-01	0
38.501	-9.127	1.7928E-01	2
38.499	-9.089	1.7264E-01	0
38.497	-9.051	1.8255E-01	2
38.495	-9.014	2.1592E-01	0
38.493	-8.975	2.2201E-01	2
38.492	-8.940	1.8368E-01	0
38.490	-8.906	1.8314E-01	2
38.488	-8.869	1.6726E-01	0
38.486	-8.833	1.7154E-01	2
38.484	-8.797	1.8333E-01	0
38.482	-8.761	1.7171E-01	2
38.480	-8.725	1.7223E-01	0
38.478	-8.689	1.8420E-01	3
38.476	-8.654	2.0662E-01	0
38.474	-8.619	2.0764E-01	3
38.472	-8.584	1.8605E-01	0
38.470	-8.548	1.9080E-01	3
38.468	-8.514	2.0581E-01	0
38.466	-8.479	2.1883E-01	3
38.464	-8.445	2.2138E-01	0
38.462	-8.411	1.6994E-01	3
38.460	-8.377	1.9211E-01	0
38.458	-8.343	1.7516E-01	3
38.456	-8.309	2.2289E-01	0
38.454	-8.275	2.1881E-01	3
38.492	-9.244	1.7508E-01	0
38.490	-9.205	2.2621E-01	2
38.488	-9.167	2.2132E-01	0
38.486	-9.128	1.9652E-01	2
38.484	-9.090	1.8499E-01	0
38.482	-9.052	1.8889E-01	2
38.480	-9.013	2.7657E-01	0
38.478	-8.978	2.2022E-01	2
38.476	-8.943	1.7468E-01	0
38.475	-8.907	1.8445E-01	2
38.473	-8.870	1.7378E-01	0
38.471	-8.834	1.6329E-01	2
38.469	-8.798	1.6900E-01	0
38.467	-8.762	1.6777E-01	2
38.465	-8.726	1.7076E-01	0
38.463	-8.690	1.8667E-01	2
38.461	-8.655	2.1097E-01	0
38.459	-8.620	2.2174E-01	2
38.457	-8.585	2.5000E-01	0
38.455	-8.550	2.2063E-01	2
38.453	-8.515	2.2013E-01	0
38.451	-8.481	1.9994E-01	2
38.449	-8.447	1.8953E-01	0
38.448	-8.413	1.8823E-01	2
38.446	-8.379	2.0360E-01	0
38.444	-8.345	1.8903E-01	2
38.442	-8.311	2.1355E-01	0
38.440	-8.277	1.9084E-01	2
38.476	-9.245	1.7210E-01	0
38.474	-9.207	2.4999E-01	2
38.472	-9.168	2.3031E-01	0
38.470	-9.129	1.9086E-01	2
38.469	-9.091	1.8575E-01	0
38.467	-9.053	1.8919E-01	3
38.465	-9.014	2.2463E-01	0
38.463	-8.981	2.0063E-01	2
38.461	-8.945	1.6358E-01	0
38.459	-8.908	1.6457E-01	2
38.457	-8.872	1.7813E-01	0
38.456	-8.835	1.6979E-01	3
38.454	-8.799	1.6356E-01	0
38.452	-8.763	1.6617E-01	3
38.450	-8.728	1.6950E-01	0
38.448	-8.692	1.6502E-01	3
38.446	-8.656	1.7688E-01	0
38.444	-8.622	1.9466E-01	3
38.442	-8.586	2.0677E-01	0
38.440	-8.551	2.1151E-01	3
38.438	-8.517	2.0269E-01	0
38.437	-8.482	1.7725E-01	3
38.435	-8.448	1.7816E-01	0
38.433	-8.414	1.9080E-01	3
38.431	-8.380	1.6893E-01	0
38.429	-8.346	1.9301E-01	3
38.427	-8.313	1.7466E-01	0
38.425	-8.279	1.5980E-01	3
