-8.415	39.349	5.1658E-02	3
-8.371	39.347	4.8250E-02	0
-8.326	39.345	3.9094E-02	3
-8.282	39.343	4.2416E-02	0
-8.879	39.349	4.3915E-02	3
-8.832	39.347	6.3606E-02	3
-8.784	39.346	6.8737E-02	3
-8.737	39.344	6.8398E-02	3
-8.691	39.342	7.7184E-02	3
-8.645	39.341	7.8125E-02	3
-8.600	39.339	8.6707E-02	3
-8.555	39.337	1.7023E-01	3
-8.509	39.336	1.6654E-01	3
-8.463	39.334	7.5168E-02	3
-8.417	39.332	4.0509E-02	3
-8.373	39.330	5.2389E-02	3
-8.328	39.329	5.1252E-02	3
-8.284	39.327	5.0826E-02	3
-8.562	39.349	1.4282E-01	3
-8.516	39.347	1.6266E-01	3
-8.470	39.345	8.9823E-02	3
-8.423	39.343	4.6272E-02	3
-8.379	39.341	4.7853E-02	2
-8.335	39.339	4.3938E-02	3
-8.291	39.337	4.1487E-02	3
-8.982	39.349	5.9313E-02	3
-8.934	39.347	6.9808E-02	1
-8.887	39.345	4.4436E-02	3
-8.840	39.343	6.2789E-02	1
-8.792	39.342	6.9981E-02	3
-8.744	39.340	6.4393E-02	1
-8.699	39.338	8.0203E-02	3
-8.653	39.336	9.1955E-02	0
-8.608	39.334	8.8052E-02	3
-8.563	39.332	1.7132E-01	2
-8.517	39.330	1.6393E-01	3
-8.472	39.328	1.0102E-01	0
-8.426	39.326	4.7078E-02	3
-8.381	39.324	6.0313E-02	0
-8.336	39.322	5.1969E-02	3
-8.292	39.320	6.3752E-02	0
-9.230	39.341	6.9008E-02	3
-9.180	39.339	8.1477E-02	3
-9.130	39.337	5.9504E-02	3
-9.081	39.336	5.6888E-02	3
-9.031	39.334	4.7481E-02	3
-8.983	39.332	4.9265E-02	3
-8.936	39.330	8.8254E-02	3
-8.888	39.328	5.7791E-02	3
-8.841	39.327	5.8563E-02	3
-8.793	39.325	8.2074E-02	3
-8.746	39.323	7.9649E-02	3
-8.700	39.321	7.4520E-02	3
-8.654	39.319	9.6386E-02	3
-8.609	39.317	1.2307E-01	3
-8.564	39.315	1.6802E-01	3
-8.518	39.314	1.4048E-01	3
-8.472	39.312	6.0612E-02	3
-8.427	39.310	7.2195E-02	3
-8.382	39.308	7.9730E-02	2
-8.337	39.306	6.4109E-02	3
-8.292	39.304	5.7235E-02	3
-9.231	39.324	1.1521E-01	0
-9.181	39.322	9.8244E-02	3
-9.130	39.320	7.6712E-02	1
-9.082	39.318	7.7507E-02	3
-9.033	39.317	8.6745E-02	0
-8.983	39.315	5.6518E-02	3
-8.936	39.313	8.7111E-02	0
-8.889	39.311	7.4604E-02	3
-8.841	39.310	6.9625E-02	0
-8.794	39.308	6.7421E-02	3
-8.747	39.306	8.3452E-02	0
-8.701	39.304	8.3277E-02	3
-8.655	39.302	9.7016E-02	1
-8.610	39.301	1.1729E-01	3
-8.565	39.299	1.4215E-01	2
-8.519	39.297	1.1631E-01	3
-8.472	39.295	4.7427E-02	2
-8.427	39.293	4.3552E-02	3
-8.382	39.291	7.4161E-02	0
-8.338	39.289	5.8923E-02	3
-8.293	39.288	6.3111E-02	0
-9.230	39.306	6.8223E-02	3
-9.182	39.305	8.7636E-02	3
-9.131	39.303	8.6813E-02	3
-9.082	39.301	8.9305E-02	3
-9.033	39.300	7.3944E-02	3
-8.984	39.298	5.2455E-02	3
-8.938	39.296	5.7874E-02	3
-8.890	39.294	6.9018E-02	3
-8.842	39.293	7.0136E-02	3
-8.795	39.291	7.1647E-02	3
-8.749	39.289	8.6687E-02	3
-8.702	39.287	7.8633E-02	3
-8.657	39.286	9.6094E-02	3
-8.611	39.284	1.3649E-01	3
-8.565	39.282	1.3314E-01	3
-8.519	39.280	8.0298E-02	3
-8.473	39.278	5.0449E-02	3
-8.427	39.277	5.7316E-02	3
-8.383	39.275	5.2725E-02	3
-8.339	39.273	6.1758E-02	3
-8.295	39.271	7.0614E-02	3
-8.251	39.269	5.4120E-02	3
-9.231	39.289	8.1705E-02	1
-9.182	39.288	9.5083E-02	3
-9.133	39.286	1.0137E-01	0
-9.083	39.284	9.4255E-02	3
-9.034	39.283	7.9680E-02	1
-8.985	39.281	4.9872E-02	3
-8.938	39.279	4.7721E-02	0
-8.891	39.278	6.0216E-02	3
-8.844	39.276	7.4344E-02	1
-8.797	39.274	7.0455E-02	3
-8.750	39.272	7.9222E-02	2
-8.703	39.271	8.4902E-02	3
-8.658	39.269	1.1049E-01	1
-8.612	39.267	1.5108E-01	3
-8.566	39.266	1.4181E-01	2
-8.520	39.264	6.9858E-02	3
-8.474	39.262	6.0966E-02	2
-8.428	39.260	7.1749E-02	3
-8.384	39.258	6.6060E-02	0
-8.340	39.257	6.2542E-02	3
-8.296	39.255	6.8720E-02	0
-8.252	39.253	6.0342E-02	3
-9.231	39.272	1.0543E-01	3
-9.183	39.270	1.0242E-01	3
-9.134	39.269	9.6902E-02	3
-9.085	39.267	8.9758E-02	3
-9.035	39.265	6.6344E-02	3
-8.987	39.264	3.7733E-02	3
-8.939	39.262	4.4048E-02	3
-8.892	39.261	6.6809E-02	3
-8.844	39.259	6.5941E-02	3
-8.798	39.257	6.1861E-02	3
-8.751	39.256	7.0239E-02	3
-8.704	39.254	1.1597E-01	3
-8.659	39.252	1.3607E-01	3
-8.613	39.251	1.4869E-01	3
-8.567	39.249	1.2534E-01	3
-8.520	39.247	7.2065E-02	3
-8.475	39.245	5.1413E-02	3
-8.430	39.244	6.6684E-02	3
-8.385	39.242	6.1768E-02	3
-8.341	39.240	6.2793E-02	3
-8.297	39.238	5.4093E-02	3
-8.254	39.237	5.8580E-02	3
-9.236	39.339	9.8987E-02	0
-9.187	39.337	8.5410E-02	3
-9.135	39.335	8.0835E-02	0
-9.087	39.333	6.0014E-02	3
-9.037	39.331	6.8034E-02	0
-8.989	39.329	5.4210E-02	3
-8.942	39.327	9.4950E-02	0
-8.894	39.324	7.3788E-02	3
-8.847	39.322	6.5655E-02	0
-8.799	39.320	7.5246E-02	3
-8.752	39.318	8.7766E-02	0
-8.706	39.316	7.7460E-02	3
-8.661	39.314	1.0697E-01	0
-8.615	39.312	1.1918E-01	3
-8.570	39.310	1.7322E-01	0
-8.524	39.308	1.5134E-01	3
-8.478	39.306	6.4298E-02	0
-8.432	39.303	6.0992E-02	3
-8.388	39.301	9.2905E-02	0
-8.343	39.299	7.7930E-02	3
-8.299	39.297	6.5209E-02	0
-8.255	39.295	5.6678E-02	3
-9.236	39.322	8.9070E-02	3
-9.187	39.320	1.0644E-01	3
-9.135	39.318	8.2810E-02	3
-9.087	39.316	7.9333E-02	3
-9.039	39.314	7.8768E-02	3
-8.990	39.312	5.6622E-02	3
-8.942	39.310	6.6876E-02	3
-8.895	39.308	7.2118E-02	3
-8.847	39.305	6.1954E-02	3
-8.800	39.303	7.0345E-02	3
-8.753	39.301	7.8242E-02	3
-8.707	39.299	8.1468E-02	3
-8.661	39.297	9.4279E-02	3
-8.616	39.295	1.2048E-01	3
-8.571	39.293	1.4228E-01	3
-8.525	39.291	1.0739E-01	3
-8.478	39.289	5.1033E-02	3
-8.433	39.287	4.0896E-02	3
-8.388	39.285	5.1960E-02	3
-8.344	39.283	5.3826E-02	3
-8.300	39.281	5.8702E-02	3
-8.256	39.279	5.4089E-02	3
-9.236	39.304	7.7022E-02	0
-9.188	39.302	8.5337E-02	3
-9.137	39.300	1.0363E-01	0
-9.088	39.298	9.3564E-02	3
-9.039	39.296	8.8373E-02	0
-8.990	39.294	5.3364E-02	3
-8.943	39.293	6.3192E-02	0
-8.896	39.291	7.7171E-02	3
-8.849	39.289	8.6349E-02	0
-8.801	39.287	7.3975E-02	3
-8.755	39.285	9.8484E-02	0
-8.708	39.283	8.8069E-02	3
-8.663	39.281	9.7992E-02	1
-8.617	39.279	1.3213E-01	3
-8.571	39.277	1.4803E-01	2
-8.526	39.275	8.4100E-02	3
-8.480	39.272	6.3314E-02	0
-8.434	39.270	7.0457E-02	3
-8.389	39.268	6.9015E-02	0
-8.345	39.266	6.3513E-02	3
-8.301	39.264	8.3801E-02	0
-8.257	39.262	5.9497E-02	3
-9.236	39.287	8.9856E-02	3
-9.188	39.285	9.9213E-02	3
-9.139	39.283	8.8317E-02	3
-9.089	39.281	9.4491E-02	3
-9.040	39.279	8.3611E-02	3
-8.991	39.277	5.2483E-02	3
-8.944	39.276	4.0214E-02	3
-8.897	39.274	5.1279E-02	3
-8.850	39.272	7.2052E-02	3
-8.803	39.270	6.5329E-02	3
-8.756	39.268	7.8746E-02	3
-8.709	39.266	9.7858E-02	3
-8.664	39.264	1.1868E-01	3
-8.618	39.262	1.6128E-01	3
-8.572	39.260	1.4459E-01	3
-8.526	39.258	7.9354E-02	3
-8.480	39.256	5.6142E-02	3
-8.435	39.254	6.6660E-02	3
-8.390	39.252	5.5133E-02	3
-8.347	39.250	6.1500E-02	3
-8.302	39.248	5.8499E-02	3
-8.259	39.246	6.1390E-02	3
-9.237	39.270	1.2076E-01	0
-9.189	39.268	1.0464E-01	3
-9.140	39.266	1.0228E-01	1
-9.090	39.264	8.9432E-02	3
-9.041	39.262	7.1011E-02	2
-8.992	39.260	3.9180E-02	3
-8.945	39.259	4.3182E-02	1
-8.898	39.257	6.4356E-02	3
-8.850	39.255	7.8469E-02	0
-8.803	39.253	6.8332E-02	3
-8.757	39.251	6.3338E-02	1
-8.710	39.249	1.0658E-01	3
-8.665	39.247	1.3760E-01	0
-8.619	39.245	1.4429E-01	3
-8.573	39.243	1.1419E-01	2
-8.526	39.241	7.0528E-02	3
-8.481	39.239	5.5664E-02	1
-8.436	39.237	6.9894E-02	3
-8.391	39.235	7.1040E-02	0
-8.347	39.234	6.4442E-02	3
-8.303	39.232	5.6383E-02	0
-8.260	39.230	5.9430E-02	3
-9.239	39.252	1.0305E-01	3
-9.190	39.251	1.0312E-01	3
-9.141	39.249	1.0058E-01	3
-9.091	39.247	8.8464E-02	3
-9.041	39.245	6.5407E-02	3
-8.993	39.243	5.2455E-02	3
-8.946	39.242	6.5600E-02	3
-8.898	39.240	6.6884E-02	3
-8.851	39.238	7.7950E-02	3
-8.804	39.236	6.5309E-02	3
-8.758	39.234	6.1365E-02	3
-8.711	39.232	9.1510E-02	3
-8.665	39.230	1.2605E-01	3
-8.620	39.229	1.4208E-01	3
-8.574	39.227	9.7399E-02	3
-8.528	39.225	7.0063E-02	3
-8.482	39.223	5.3981E-02	3
-8.437	39.221	5.8612E-02	3
-8.393	39.219	6.8308E-02	3
-8.348	39.217	6.3200E-02	3
-8.305	39.215	6.9055E-02	3
-8.261	39.213	6.3281E-02	3
-9.240	39.235	1.0310E-01	0
-9.190	39.233	6.8790E-02	3
-9.141	39.232	6.9287E-02	2
-9.092	39.230	8.5379E-02	3
-9.042	39.228	7.3534E-02	0
-8.994	39.226	6.7845E-02	3
-8.947	39.225	6.6728E-02	0
-8.900	39.223	6.9489E-02	3
-8.852	39.221	6.9189E-02	0
-8.805	39.219	6.4612E-02	3
-8.758	39.217	7.6961E-02	0
-8.713	39.216	7.3203E-02	3
-8.667	39.214	1.4015E-01	0
-8.621	39.212	1.6908E-01	3
-8.575	39.210	1.3272E-01	2
-8.528	39.208	7.7558E-02	3
-8.483	39.206	5.7394E-02	2
-8.438	39.204	6.9992E-02	3
-8.394	39.203	6.6320E-02	0
-8.350	39.201	6.0997E-02	3
-8.306	39.199	6.5746E-02	0
-8.261	39.197	5.6394E-02	3
-9.242	39.218	8.4668E-02	3
-9.191	39.216	5.6190E-02	3
-9.142	39.214	5.4980E-02	3
-9.093	39.213	7.9247E-02	3
-9.041	39.211	5.4504E-02	3
-8.994	39.209	5.8844E-02	3
-8.948	39.208	1.2411E-01	3
-8.900	39.206	9.3767E-02	3
-8.853	39.204	6.4127E-02	3
-8.806	39.202	5.6504E-02	3
-8.759	39.201	8.2097E-02	3
-8.714	39.199	1.1616E-01	3
-8.668	39.197	1.4063E-01	3
-8.621	39.195	1.5067E-01	3
-8.575	39.193	1.4955E-01	3
-8.529	39.192	1.2104E-01	3
-8.484	39.190	7.1354E-02	3
-8.440	39.188	7.6651E-02	3
-8.395	39.186	6.9678E-02	3
-8.351	39.184	6.5126E-02	3
-8.307	39.182	5.9221E-02	3
-8.262	39.181	6.6040E-02	3
-9.242	39.201	9.8046E-02	2
-9.192	39.199	7.4576E-02	3
-9.142	39.197	5.4709E-02	1
-9.092	39.196	7.7701E-02	3
-9.040	39.194	4.3899E-02	2
-8.995	39.192	5.2210E-02	3
-8.949	39.191	9.6354E-02	0
-8.901	39.189	6.5725E-02	3
-8.853	39.187	7.6384E-02	0
-8.806	39.185	7.5564E-02	3
-8.760	39.184	9.3942E-02	2
-8.715	39.182	1.4135E-01	3
-8.669	39.180	1.5457E-01	2
-8.622	39.179	1.3826E-01	3
-8.576	39.177	1.4698E-01	2
-8.530	39.175	1.0476E-01	3
-8.486	39.173	8.9565E-02	2
-8.440	39.171	6.1620E-02	3
-8.396	39.170	7.0696E-02	0
-8.351	39.168	6.3518E-02	3
-8.307	39.166	6.4284E-02	0
-8.263	39.164	6.9162E-02	3
-9.243	39.183	6.7706E-02	3
-9.193	39.182	6.7191E-02	3
-9.143	39.180	6.0220E-02	3
-9.090	39.178	6.9820E-02	3
-9.039	39.177	4.7828E-02	3
-8.997	39.175	5.1793E-02	3
-8.950	39.174	6.5033E-02	3
-8.902	39.172	7.2140E-02	3
-8.854	39.170	8.4141E-02	2
-8.808	39.169	9.8418E-02	3
-8.762	39.167	1.1112E-01	2
-8.716	39.165	1.6865E-01	3
-8.670	39.164	1.5634E-01	3
-8.623	39.162	1.3174E-01	3
-8.576	39.160	9.5954E-02	2
-8.532	39.158	1.3024E-01	3
-8.486	39.157	7.2544E-02	2
-8.441	39.155	5.3369E-02	3
-8.396	39.153	6.6588E-02	2
-8.352	39.151	6.1532E-02	3
-8.308	39.150	5.7003E-02	3
-8.265	39.148	6.5621E-02	3
-9.247	39.251	1.0362E-01	2
-9.197	39.248	1.0269E-01	3
-9.149	39.246	1.0503E-01	0
-9.099	39.244	9.2878E-02	3
-9.050	39.242	7.9214E-02	0
-9.001	39.240	5.7396E-02	3
-8.954	39.238	8.0158E-02	0
-8.906	39.236	6.3608E-02	3
-8.859	39.234	7.3590E-02	2
-8.812	39.232	6.2294E-02	3
-8.766	39.230	6.5078E-02	2
-8.720	39.228	7.7183E-02	3
-8.674	39.226	1.1904E-01	1
-8.628	39.224	1.5450E-01	3
-8.582	39.221	1.2641E-01	0
-8.536	39.219	8.2553E-02	3
-8.491	39.217	6.1202E-02	0
-8.446	39.215	6.0679E-02	3
-8.401	39.213	6.9889E-02	2
-8.357	39.211	6.3068E-02	3
-8.313	39.209	6.8872E-02	3
-8.269	39.206	6.1383E-02	3
-9.249	39.233	9.7011E-02	3
-9.198	39.231	7.2780E-02	3
-9.149	39.229	6.7766E-02	3
-9.100	39.227	8.1186E-02	3
-9.050	39.225	7.0407E-02	3
-9.001	39.223	5.9980E-02	3
-8.955	39.221	6.4275E-02	3
-8.908	39.219	6.7527E-02	3
-8.860	39.217	6.6591E-02	3
-8.813	39.215	5.9336E-02	3
-8.766	39.213	6.6420E-02	3
-8.721	39.211	7.4487E-02	3
-8.675	39.209	1.2091E-01	3
-8.629	39.207	1.7060E-01	3
-8.583	39.205	1.4824E-01	2
-8.536	39.203	1.0734E-01	3
-8.491	39.201	6.1878E-02	3
-8.447	39.198	7.3028E-02	3
-8.402	39.196	6.4350E-02	3
-8.358	39.194	6.1846E-02	3
-8.314	39.192	6.0381E-02	3
-8.270	39.190	5.6455E-02	3
-9.250	39.216	9.9498E-02	0
-9.199	39.214	5.7432E-02	3
-9.150	39.212	6.1709E-02	0
-9.101	39.210	7.9793E-02	3
-9.049	39.208	6.3217E-02	0
-9.002	39.206	5.1529E-02	3
-8.956	39.204	1.3354E-01	0
-8.908	39.202	1.1298E-01	3
-8.861	39.200	6.6263E-02	2
-8.813	39.198	5.9259E-02	3
-8.767	39.196	9.1835E-02	1
-8.722	39.194	1.2187E-01	3
-8.676	39.192	1.6198E-01	0
-8.630	39.190	1.3718E-01	3
-8.583	39.188	1.5057E-01	1
-8.537	39.186	1.2492E-01	3
-8.493	39.184	8.5384E-02	0
-8.448	39.182	7.7487E-02	3
-8.404	39.180	7.5169E-02	0
-8.359	39.178	6.8807E-02	3
-8.315	39.176	5.8903E-02	2
-8.271	39.174	6.9240E-02	3
-9.250	39.199	1.0053E-01	3
-9.200	39.197	8.7591E-02	3
-9.150	39.195	5.8665E-02	3
-9.100	39.193	7.7742E-02	3
-9.046	39.191	4.8996E-02	2
-9.002	39.189	4.8087E-02	3
-8.957	39.187	7.7705E-02	2
-8.909	39.185	5.4949E-02	3
-8.861	39.183	7.4289E-02	2
-8.814	39.181	7.9748E-02	3
-8.768	39.179	9.3149E-02	3
-8.723	39.177	1.3276E-01	3
-8.677	39.176	1.5640E-01	3
-8.630	39.174	1.3464E-01	3
-8.584	39.171	1.3573E-01	3
-8.538	39.169	1.1924E-01	3
-8.494	39.168	9.5461E-02	3
-8.448	39.165	5.8170E-02	3
-8.403	39.163	6.0702E-02	3
-8.359	39.161	6.2358E-02	3
-8.315	39.159	5.9418E-02	3
-8.272	39.157	6.9290E-02	3
-9.201	39.180	6.3185E-02	3
-9.151	39.178	6.7960E-02	0
-9.098	39.176	7.0423E-02	3
-9.046	39.174	6.2378E-02	0
-9.004	39.172	5.0447E-02	3
-8.958	39.170	7.1497E-02	0
-8.910	39.168	7.8628E-02	3
-8.862	39.166	8.4693E-02	2
-8.816	39.164	9.5451E-02	3
-8.769	39.163	1.1617E-01	2
-8.724	39.161	1.7158E-01	3
-8.678	39.159	1.7886E-01	0
-8.631	39.157	1.4707E-01	3
-8.584	39.155	9.2806E-02	0
-8.540	39.153	1.2494E-01	3
-8.495	39.151	8.2583E-02	0
-8.449	39.149	5.2680E-02	3
-8.405	39.147	6.9095E-02	1
-8.361	39.145	6.4616E-02	3
-8.316	39.143	5.4597E-02	1
-8.273	39.141	6.9973E-02	3
-9.202	39.162	5.3163E-02	3
-9.152	39.160	5.8780E-02	1
-9.101	39.159	7.4428E-02	3
-9.053	39.157	6.5116E-02	2
-9.006	39.155	4.9830E-02	3
-8.958	39.153	4.7195E-02	2
-8.911	39.151	9.6826E-02	3
-8.863	39.149	9.7938E-02	3
-8.817	39.148	8.8845E-02	3
-8.771	39.146	9.9565E-02	3
-8.725	39.144	1.6942E-01	3
-8.678	39.142	1.6477E-01	3
-8.632	39.140	1.4118E-01	3
-8.585	39.138	6.5492E-02	3
-8.541	39.136	8.6746E-02	3
-8.496	39.134	6.1153E-02	1
-8.451	39.132	5.8272E-02	3
-8.406	39.131	6.1582E-02	3
-8.362	39.129	5.8971E-02	3
-8.317	39.127	5.2759E-02	3
-8.274	39.125	6.3341E-02	3
-9.203	39.145	7.3267E-02	3
-9.151	39.143	7.6929E-02	0
-9.101	39.141	8.2427E-02	3
-9.055	39.140	1.0202E-01	0
-9.007	39.138	7.7420E-02	3
-8.960	39.136	7.6921E-02	0
-8.912	39.134	9.7141E-02	3
-8.864	39.133	9.5094E-02	2
-8.818	39.131	7.4694E-02	3
-8.772	39.129	9.4928E-02	0
-8.726	39.127	1.4466E-01	3
-8.679	39.125	1.8890E-01	0
-8.633	39.123	1.3509E-01	3
-8.587	39.122	7.9805E-02	0
-8.542	39.120	8.0279E-02	3
-8.497	39.118	7.3086E-02	2
-8.452	39.116	6.5680E-02	3
-8.407	39.114	6.4122E-02	2
-8.363	39.112	6.1942E-02	3
-8.319	39.110	6.8625E-02	2
-8.275	39.108	5.9129E-02	3
-9.203	39.128	6.5182E-02	3
-9.151	39.126	5.7720E-02	2
-9.103	39.124	7.9742E-02	3
-9.056	39.123	7.3287E-02	3
-9.008	39.121	7.8986E-02	3
-8.961	39.119	5.8269E-02	2
-8.913	39.117	7.0330E-02	3
-8.865	39.116	7.1989E-02	3
-8.819	39.114	8.1160E-02	3
-8.773	39.112	1.0254E-01	3
-8.727	39.110	1.2893E-01	3
-8.680	39.109	1.0009E-01	3
-8.634	39.107	7.0440E-02	3
-8.588	39.105	7.0922E-02	2
-8.542	39.103	7.2689E-02	3
-8.497	39.101	7.3881E-02	2
-8.452	39.099	6.0386E-02	3
-8.407	39.098	6.6799E-02	3
-8.363	39.096	5.9757E-02	3
-8.320	39.094	6.1399E-02	3
-8.276	39.092	7.2902E-02	3
-9.203	39.111	7.0306E-02	3
-9.152	39.109	7.5572E-02	0
-9.105	39.107	9.1510E-02	3
-9.056	39.106	9.0213E-02	1
-9.008	39.104	7.0946E-02	3
-8.962	39.102	7.2741E-02	0
-8.914	39.100	5.4205E-02	3
-8.867	39.099	6.4388E-02	0
-8.820	39.097	6.3234E-02	3
-8.774	39.095	1.4564E-01	0
-8.727	39.094	1.2421E-01	3
-8.681	39.092	1.0509E-01	0
-8.635	39.090	7.4789E-02	3
-8.589	39.088	8.1712E-02	0
-8.543	39.087	7.8710E-02	3
-8.498	39.085	6.8713E-02	2
-8.453	39.083	7.1845E-02	3
-8.409	39.081	6.4906E-02	2
-8.364	39.079	5.8161E-02	3
-8.321	39.078	5.8540E-02	2
-8.277	39.076	5.2793E-02	3
-9.204	39.093	8.3269E-02	3
-9.154	39.092	8.0323E-02	3
-9.106	39.090	9.1245E-02	3
-9.057	39.088	8.8664E-02	3
-9.009	39.087	1.3293E-01	3
-8.963	39.085	6.8399E-02	3
-8.915	39.084	6.2350E-02	3
-8.868	39.082	7.1171E-02	3
-8.822	39.080	1.0902E-01	3
-8.775	39.079	1.3811E-01	3
-8.728	39.077	1.3677E-01	3
-8.682	39.075	1.2431E-01	3
-8.636	39.073	7.3316E-02	3
-8.590	39.072	7.8360E-02	2
-8.545	39.070	6.5395E-02	3
-8.499	39.068	6.7485E-02	2
-8.454	39.066	7.6373E-02	3
-8.409	39.065	6.3694E-02	3
-8.366	39.063	6.1386E-02	3
-8.322	39.061	6.6053E-02	3
-8.279	39.059	6.2155E-02	3
-9.208	39.160	5.8243E-02	3
-9.158	39.158	7.5328E-02	0
-9.106	39.156	7.9327E-02	3
-9.059	39.154	8.9991E-02	0
-9.012	39.152	5.9925E-02	3
-8.964	39.149	5.9136E-02	0
-8.917	39.147	9.8811E-02	3
-8.869	39.145	1.0290E-01	1
-8.823	39.143	8.1968E-02	3
-8.777	39.141	8.5234E-02	2
-8.731	39.139	1.5824E-01	3
-8.685	39.137	1.7234E-01	2
-8.638	39.135	1.5243E-01	3
-8.592	39.133	7.8886E-02	0
-8.547	39.131	8.5087E-02	3
-8.502	39.128	7.6039E-02	0
-8.457	39.126	6.4033E-02	3
-8.413	39.124	6.1796E-02	1
-8.368	39.122	5.7774E-02	3
-8.324	39.120	6.0891E-02	2
-8.280	39.118	6.4473E-02	3
-9.209	39.143	8.0177E-02	3
-9.157	39.140	6.1823E-02	2
-9.107	39.138	7.9150E-02	3
-9.061	39.137	8.6366E-02	2
-9.013	39.135	8.1702E-02	3
-8.966	39.132	7.0074E-02	3
-8.918	39.130	9.4670E-02	3
-8.870	39.128	9.0339E-02	2
-8.824	39.126	8.2626E-02	3
-8.778	39.124	8.1914E-02	3
-8.732	39.122	1.4216E-01	3
-8.685	39.120	1.5092E-01	2
-8.639	39.118	1.2350E-01	3
-8.594	39.116	7.7704E-02	2
-8.548	39.114	7.5590E-02	3
-8.503	39.112	7.8337E-02	2
-8.458	39.110	6.5962E-02	3
-8.413	39.108	6.6496E-02	3
-8.369	39.105	6.4361E-02	3
-8.325	39.103	6.5792E-02	3
-8.282	39.101	6.0644E-02	3
-9.209	39.125	6.3900E-02	3
-9.157	39.123	7.3412E-02	0
-9.109	39.121	8.2292E-02	3
-9.061	39.119	8.9444E-02	0
-9.013	39.117	7.6170E-02	3
-8.967	39.116	6.9068E-02	0
-8.918	39.113	6.0988E-02	3
-8.871	39.111	6.8778E-02	2
-8.825	39.109	7.5287E-02	3
-8.779	39.108	1.0744E-01	2
-8.733	39.106	1.2987E-01	3
-8.686	39.103	1.1211E-01	0
-8.640	39.101	6.9512E-02	3
-8.594	39.099	6.9189E-02	1
-8.548	39.097	7.3932E-02	3
-8.503	39.095	7.4868E-02	0
-8.458	39.093	6.5017E-02	3
-8.414	39.091	7.2316E-02	0
-8.369	39.089	5.9333E-02	3
-8.326	39.087	5.9875E-02	2
-8.283	39.085	7.3588E-02	3
-9.209	39.108	7.8290E-02	3
-9.157	39.106	6.2416E-02	2
-9.111	39.104	9.0289E-02	3
-9.063	39.102	9.4661E-02	3
-9.013	39.100	8.8928E-02	3
-8.968	39.099	6.6431E-02	3
-8.920	39.097	5.7120E-02	3
-8.872	39.095	5.4773E-02	2
-8.826	39.093	6.8012E-02	3
-8.780	39.091	1.2769E-01	3
-8.733	39.089	1.2723E-01	3
-8.687	39.087	1.1723E-01	2
-8.641	39.085	8.0674E-02	3
-8.595	39.083	7.7004E-02	2
-8.550	39.081	7.7382E-02	3
-8.504	39.079	7.1326E-02	3
-8.459	39.077	7.4571E-02	3
-8.415	39.075	6.4477E-02	3
-8.371	39.073	5.9419E-02	3
-8.327	39.071	6.0942E-02	3
-8.283	39.069	5.6230E-02	3
-9.210	39.091	8.6624E-02	3
-9.160	39.089	9.9236E-02	0
-9.112	39.087	9.2113E-02	3
-9.063	39.085	1.0334E-01	0
-9.014	39.083	1.2622E-01	3
-8.969	39.082	8.5274E-02	0
-8.921	39.080	6.2030E-02	3
-8.873	39.078	8.5360E-02	2
-8.827	39.076	1.1381E-01	3
-8.781	39.074	1.4036E-01	2
-8.734	39.072	1.2816E-01	3
-8.688	39.070	1.3448E-01	0
-8.642	39.068	6.6218E-02	3
-8.596	39.066	8.0504E-02	0
-8.551	39.064	6.2874E-02	3
-8.506	39.062	7.3270E-02	0
-8.460	39.060	7.5298E-02	3
-8.415	39.058	7.0147E-02	0
-8.372	39.056	6.3417E-02	3
-8.328	39.054	7.0612E-02	1
-8.285	39.052	6.6747E-02	3
-9.211	39.074	7.7897E-02	3
-9.161	39.072	8.9810E-02	2
-9.112	39.070	9.5438E-02	3
-9.064	39.068	7.8433E-02	3
-9.016	39.066	8.8284E-02	3
-8.970	39.065	9.1071E-02	1
-8.922	39.063	7.4816E-02	3
-8.875	39.061	1.0360E-01	1
-8.828	39.059	1.2552E-01	3
-8.782	39.057	1.2882E-01	3
-8.735	39.055	1.3447E-01	3
-8.689	39.053	1.1494E-01	3
-8.642	39.051	7.1205E-02	3
-8.597	39.049	4.7802E-02	3
-8.551	39.048	5.5720E-02	3
-8.506	39.046	6.3669E-02	3
-8.461	39.044	6.3821E-02	3
-8.417	39.042	5.4291E-02	3
-8.373	39.040	5.5314E-02	3
-8.329	39.038	6.8080E-02	3
-8.286	39.036	6.1738E-02	3
-9.212	39.056	7.4017E-02	3
-9.162	39.055	9.2373E-02	0
-9.112	39.053	8.6613E-02	3
-9.063	39.051	9.6364E-02	0
-9.016	39.049	9.7616E-02	3
-8.971	39.048	1.2670E-01	0
-8.923	39.046	1.3137E-01	3
-8.876	39.044	1.2948E-01	2
-8.829	39.042	1.5557E-01	3
-8.783	39.040	1.5231E-01	0
-8.736	39.038	1.0485E-01	3
-8.689	39.037	1.0184E-01	0
-8.643	39.035	7.0568E-02	3
-8.597	39.033	5.2597E-02	0
-8.552	39.031	6.4286E-02	3
-8.507	39.029	7.3268E-02	2
-8.462	39.027	7.0110E-02	3
-8.418	39.025	5.1497E-02	2
-8.375	39.023	5.1326E-02	3
-8.331	39.022	5.9302E-02	2
-8.288	39.020	7.4502E-02	3
-9.211	39.039	7.0332E-02	3
-9.162	39.037	7.9295E-02	3
-9.111	39.036	8.4022E-02	3
-9.063	39.034	7.0346E-02	1
-9.017	39.032	8.1237E-02	3
-8.972	39.031	1.3678E-01	1
-8.924	39.029	9.7812E-02	3
-8.877	39.027	9.3996E-02	1
-8.830	39.025	9.1875E-02	3
-8.783	39.023	1.3392E-01	3
-8.737	39.022	1.1256E-01	3
-8.691	39.020	6.9435E-02	3
-8.644	39.018	5.0254E-02	3
-8.598	39.016	4.4426E-02	3
-8.553	39.014	5.2156E-02	3
-8.508	39.013	6.0931E-02	3
-8.464	39.011	6.4291E-02	3
-8.420	39.009	6.0839E-02	3
-8.376	39.007	1.0119E-01	3
-8.333	39.005	1.1751E-01	3
-8.289	39.003	9.0543E-02	3
-9.212	39.022	7.0136E-02	3
-9.162	39.020	9.1418E-02	0
-9.112	39.018	7.6886E-02	3
-9.065	39.017	7.7758E-02	1
-9.018	39.015	8.8769E-02	3
-8.972	39.014	1.0956E-01	0
-8.925	39.012	1.1028E-01	3
-8.878	39.010	1.5639E-01	0
-8.831	39.008	1.3783E-01	3
-8.784	39.007	1.5843E-01	0
-8.738	39.005	1.3559E-01	3
-8.692	39.003	8.1312E-02	0
-8.645	39.001	5.5069E-02	3
-8.599	39.000	6.1848E-02	0
-8.554	38.998	5.0259E-02	3
-8.509	38.996	6.5853E-02	2
-8.466	38.994	7.7036E-02	3
-8.422	38.993	1.0175E-01	2
-8.378	38.991	1.1376E-01	3
-8.333	38.989	8.5436E-02	2
-8.290	38.987	9.1736E-02	3
-9.213	39.005	8.1879E-02	3
-9.162	39.003	6.9903E-02	3
-9.115	39.001	7.2014E-02	3
-9.067	39.000	9.0059E-02	3
-9.020	38.998	8.8004E-02	3
-8.973	38.997	9.7162E-02	2
-8.926	38.995	1.1823E-01	3
-8.879	38.993	1.3030E-01	3
-8.832	38.992	1.1809E-01	3
-8.785	38.990	1.3033E-01	3
-8.738	38.988	1.3443E-01	3
-8.692	38.986	1.0567E-01	3
-8.646	38.985	6.2588E-02	3
-8.601	38.983	7.6268E-02	3
-8.555	38.981	6.3310E-02	3
-8.511	38.980	9.5075E-02	3
-8.467	38.978	1.0665E-01	3
-8.422	38.976	8.7879E-02	3
-8.378	38.974	5.6237E-02	3
-8.334	38.972	5.6818E-02	3
-8.290	38.971	6.2463E-02	3
-9.219	39.072	7.5366E-02	3
-9.169	39.069	9.4482E-02	0
-9.120	39.067	9.4861E-02	3
-9.071	39.065	9.2840E-02	0
-9.024	39.063	8.7556E-02	3
-8.978	39.061	1.0709E-01	0
-8.930	39.059	7.7452E-02	3
-8.883	39.057	1.1721E-01	0
-8.837	39.055	1.2918E-01	3
-8.790	39.053	1.4719E-01	0
-8.743	39.051	1.3314E-01	3
-8.697	39.049	1.2936E-01	0
-8.651	39.046	8.2973E-02	3
-8.605	39.044	5.1511E-02	2
-8.559	39.042	5.9798E-02	3
-8.514	39.040	6.2283E-02	1
-8.470	39.038	6.4082E-02	3
-8.425	39.036	6.1165E-02	0
-8.382	39.034	5.5127E-02	3
-8.338	39.031	7.3423E-02	0
-8.295	39.029	6.4163E-02	3
-8.252	39.027	7.2573E-02	0
-9.220	39.054	7.5400E-02	3
-9.170	39.052	8.2954E-02	1
-9.120	39.050	8.9463E-02	3
-9.071	39.048	8.5868E-02	1
-9.024	39.046	9.1188E-02	3
-8.979	39.044	1.2309E-01	3
-8.931	39.042	1.2385E-01	3
-8.884	39.040	1.1794E-01	3
-8.837	39.038	1.4269E-01	3
-8.791	39.036	1.3420E-01	3
-8.744	39.034	1.0487E-01	3
-8.698	39.032	9.0700E-02	3
-8.651	39.030	6.6875E-02	3
-8.605	39.028	4.6946E-02	3
-8.560	39.025	5.1699E-02	3
-8.515	39.023	8.1126E-02	3
-8.471	39.021	7.2642E-02	3
-8.427	39.019	5.6641E-02	3
-8.383	39.017	5.5753E-02	3
-8.340	39.015	7.4418E-02	3
-8.296	39.013	7.7844E-02	3
-8.253	39.011	7.1164E-02	3
-9.219	39.037	7.6910E-02	3
-9.170	39.035	9.1777E-02	0
-9.119	39.033	8.4516E-02	3
-9.071	39.031	8.0281E-02	0
-9.025	39.029	7.3704E-02	3
-8.979	39.027	1.4301E-01	0
-8.933	39.025	1.0539E-01	3
-8.885	39.023	1.2975E-01	0
-8.838	39.021	1.0045E-01	3
-8.791	39.019	1.3925E-01	1
-8.745	39.017	1.2666E-01	3
-8.699	39.015	7.4767E-02	1
-8.652	39.013	4.9559E-02	3
-8.606	39.011	4.7514E-02	2
-8.562	39.009	5.0472E-02	3
-8.516	39.007	6.3541E-02	0
-8.472	39.005	6.3638E-02	3
-8.429	39.003	8.6456E-02	0
-8.385	39.001	1.2222E-01	3
-8.341	38.999	1.3591E-01	0
-8.298	38.997	9.4103E-02	3
-8.254	38.995	9.5856E-02	0
-9.220	39.020	6.8621E-02	3
-9.170	39.018	7.5200E-02	3
-9.121	39.016	7.5772E-02	3
-9.073	39.014	7.9523E-02	1
-9.026	39.012	9.2577E-02	3
-8.980	39.010	9.9204E-02	3
-8.933	39.008	1.0224E-01	3
-8.886	39.006	1.3452E-01	3
-8.839	39.004	1.3084E-01	3
-8.792	39.002	1.4608E-01	3
-8.746	39.000	1.3964E-01	3
-8.700	38.998	8.1287E-02	3
-8.653	38.996	5.9294E-02	3
-8.608	38.994	6.3171E-02	3
-8.563	38.992	5.1105E-02	3
-8.518	38.990	7.7836E-02	3
-8.474	38.988	8.4624E-02	3
-8.430	38.986	9.8163E-02	3
-8.385	38.984	7.9557E-02	3
-8.341	38.982	6.5788E-02	3
-8.298	38.980	8.0849E-02	3
-8.255	38.978	8.9790E-02	3
-9.222	39.003	8.3172E-02	3
-9.170	39.001	8.5812E-02	0
-9.121	38.999	7.1291E-02	3
-9.075	38.997	1.0230E-01	0
-9.028	38.995	8.3839E-02	3
-8.980	38.993	1.0315E-01	0
-8.934	38.991	1.1278E-01	3
-8.887	38.989	1.4673E-01	0
-8.840	38.987	1.1672E-01	3
-8.793	38.986	1.2701E-01	1
-8.747	38.984	1.2852E-01	3
-8.700	38.982	1.3699E-01	0
-8.654	38.980	6.8919E-02	3
-8.609	38.978	7.9132E-02	2
-8.564	38.976	6.5055E-02	3
-8.519	38.974	1.0887E-01	0
-8.475	38.972	1.1371E-01	3
-8.431	38.970	8.5466E-02	0
-8.386	38.968	5.9747E-02	3
-8.342	38.966	6.2244E-02	0
-8.298	38.964	6.1603E-02	3
-8.255	38.962	6.8058E-02	0
-9.222	38.985	7.2987E-02	3
-9.170	38.983	6.4595E-02	3
-9.121	38.981	6.3183E-02	3
-9.075	38.980	8.1101E-02	3
-9.028	38.978	6.8399E-02	3
-8.981	38.976	7.3946E-02	3
-8.935	38.974	1.0757E-01	3
-8.888	38.972	1.1606E-01	3
-8.841	38.971	1.0714E-01	3
-8.794	38.969	1.1254E-01	3
-8.748	38.967	9.2117E-02	3
-8.701	38.965	7.7155E-02	3
-8.655	38.963	5.2344E-02	3
-8.610	38.961	7.5517E-02	3
-8.565	38.959	7.2582E-02	3
-8.520	38.957	1.3623E-01	2
-8.476	38.955	1.3943E-01	3
-8.431	38.953	6.0176E-02	3
-8.387	38.951	5.3772E-02	3
-8.343	38.949	5.5644E-02	2
-8.299	38.948	5.6221E-02	3
-8.256	38.946	6.1802E-02	3
-9.222	38.968	6.7598E-02	3
-9.171	38.966	8.3527E-02	0
-9.122	38.964	7.0412E-02	3
-9.074	38.963	8.7961E-02	0
-9.028	38.961	8.3959E-02	3
-8.983	38.959	1.0197E-01	0
-8.936	38.957	1.1289E-01	3
-8.889	38.956	1.1398E-01	0
-8.842	38.954	1.0608E-01	3
-8.795	38.952	1.0460E-01	0
-8.749	38.950	7.3570E-02	3
-8.703	38.948	1.0015E-01	0
-8.657	38.946	1.0440E-01	3
-8.611	38.944	1.1049E-01	0
-8.566	38.943	1.0211E-01	3
-8.522	38.941	1.2575E-01	0
-8.477	38.939	1.0901E-01	3
-8.432	38.937	6.3759E-02	0
-8.388	38.935	5.3261E-02	3
-8.344	38.933	6.4123E-02	0
-8.300	38.931	5.7965E-02	3
-8.257	38.929	6.4363E-02	0
-9.222	38.951	7.7433E-02	3
-9.173	38.949	7.6839E-02	3
-9.123	38.947	7.7902E-02	3
-9.075	38.945	6.6263E-02	3
-9.029	38.944	6.9978E-02	3
-8.984	38.942	8.7711E-02	3
-8.937	38.940	1.0537E-01	3
-8.890	38.939	1.0394E-01	3
-8.843	38.937	9.6775E-02	3
-8.796	38.935	7.3582E-02	3
-8.749	38.933	6.1972E-02	3
-8.703	38.931	6.8610E-02	3
-8.657	38.930	5.6167E-02	3
-8.612	38.928	8.8533E-02	3
-8.567	38.926	1.1160E-01	3
-8.522	38.924	7.3951E-02	1
-8.478	38.922	6.3476E-02	3
-8.433	38.920	5.2505E-02	3
-8.389	38.919	5.7650E-02	3
-8.345	38.917	5.7959E-02	3
-8.302	38.915	6.1776E-02	3
-8.258	38.913	6.2927E-02	3
-9.223	38.933	9.4908E-02	2
-9.175	38.932	9.0529E-02	0
-9.125	38.930	6.6376E-02	3
-9.076	38.928	8.9361E-02	0
-9.031	38.927	9.0095E-02	3
-8.985	38.925	1.1624E-01	0
-8.938	38.923	1.1262E-01	3
-8.891	38.922	1.3580E-01	0
-8.844	38.920	1.1756E-01	3
-8.797	38.918	7.8076E-02	0
-8.750	38.916	6.2363E-02	2
-8.704	38.915	7.8863E-02	0
-8.658	38.913	1.0343E-01	3
-8.613	38.911	7.6728E-02	0
-8.568	38.909	5.8189E-02	3
-8.523	38.908	6.4899E-02	0
-8.478	38.906	6.7063E-02	3
-8.434	38.904	5.8551E-02	0
-8.390	38.902	5.2868E-02	3
-8.346	38.900	6.0476E-02	0
-8.303	38.899	5.7693E-02	3
-8.259	38.897	6.3419E-02	2
-9.223	38.916	7.6244E-02	3
-9.176	38.915	6.2864E-02	3
-9.128	38.913	6.8282E-02	3
-9.078	38.911	7.1184E-02	3
-9.033	38.910	1.1074E-01	3
-8.986	38.908	9.6598E-02	3
-8.939	38.907	1.2361E-01	3
-8.891	38.905	9.5351E-02	3
-8.844	38.903	7.7100E-02	3
-8.798	38.901	6.1913E-02	3
-8.751	38.900	5.7189E-02	3
-8.705	38.898	6.5295E-02	3
-8.659	38.896	7.5410E-02	3
-8.613	38.895	5.9654E-02	3
-8.568	38.893	5.6599E-02	3
-8.524	38.891	5.7024E-02	2
-8.479	38.889	5.2953E-02	3
-8.434	38.888	6.0899E-02	3
-8.390	38.886	5.7750E-02	3
-8.346	38.884	5.7620E-02	3
-8.303	38.882	5.8758E-02	3
-8.260	38.880	6.1505E-02	2
-9.228	38.983	7.4856E-02	3
-9.176	38.981	8.2161E-02	0
-9.127	38.979	6.3954E-02	3
-9.080	38.977	9.1277E-02	0
-9.033	38.975	7.2732E-02	3
-8.987	38.973	8.7817E-02	0
-8.941	38.971	1.0774E-01	3
-8.894	38.968	1.3286E-01	0
-8.847	38.966	1.0207E-01	3
-8.800	38.964	1.1462E-01	0
-8.754	38.962	9.4767E-02	3
-8.708	38.960	1.0601E-01	0
-8.662	38.958	7.1285E-02	3
-8.616	38.956	6.4575E-02	2
-8.571	38.953	6.8351E-02	3
-8.527	38.951	1.2689E-01	2
-8.482	38.949	1.4426E-01	3
-8.438	38.947	7.6434E-02	0
-8.393	38.945	5.0526E-02	3
-8.349	38.943	6.1833E-02	0
-8.305	38.941	5.6806E-02	3
-8.262	38.938	6.4883E-02	0
-9.228	38.966	6.5328E-02	3
-9.177	38.964	7.1767E-02	3
-9.128	38.961	7.7346E-02	3
-9.080	38.959	7.6260E-02	3
-9.034	38.958	8.6623E-02	3
-8.988	38.956	9.2404E-02	3
-8.942	38.954	1.1171E-01	3
-8.895	38.952	9.5206E-02	3
-8.848	38.949	1.0282E-01	3
-8.801	38.947	9.8192E-02	3
-8.755	38.945	6.6177E-02	3
-8.708	38.943	6.4874E-02	3
-8.663	38.941	9.1093E-02	3
-8.618	38.939	1.2261E-01	3
-8.573	38.937	1.3119E-01	3
-8.528	38.935	1.0607E-01	2
-8.483	38.933	9.0322E-02	3
-8.438	38.931	5.6087E-02	2
-8.394	38.928	5.7413E-02	3
-8.351	38.926	6.0790E-02	2
-8.307	38.924	6.1201E-02	3
-8.263	38.922	6.3799E-02	2
-9.228	38.948	7.9289E-02	3
-9.179	38.946	9.5284E-02	0
-9.129	38.944	7.7474E-02	3
-9.081	38.942	8.2846E-02	0
-9.035	38.940	7.1331E-02	3
-8.990	38.939	1.0282E-01	0
-8.943	38.937	1.0355E-01	3
-8.896	38.935	1.2662E-01	0
-8.849	38.933	1.0649E-01	3
-8.802	38.931	6.8979E-02	1
-8.755	38.928	6.0821E-02	3
-8.709	38.926	8.7331E-02	0
-8.663	38.924	6.7082E-02	3
-8.618	38.922	6.3766E-02	2
-8.573	38.920	8.1851E-02	3
-8.529	38.918	7.1805E-02	0
-8.484	38.916	6.3313E-02	3
-8.439	38.914	5.9690E-02	0
-8.395	38.912	5.5000E-02	3
-8.351	38.910	6.1593E-02	0
-8.308	38.908	5.8465E-02	3
-8.265	38.906	6.8373E-02	0
-9.229	38.931	9.7995E-02	3
-9.180	38.929	7.7236E-02	3
-9.131	38.927	6.4528E-02	3
-9.082	38.925	7.1478E-02	3
-9.036	38.923	9.2326E-02	3
-8.991	38.922	9.4963E-02	3
-8.944	38.920	1.2370E-01	3
-8.897	38.918	1.1257E-01	3
-8.849	38.916	1.2355E-01	3
-8.803	38.914	6.9167E-02	3
-8.756	38.912	6.5275E-02	3
-8.710	38.910	6.3747E-02	2
-8.664	38.908	1.0824E-01	3
-8.619	38.906	7.8417E-02	2
-8.574	38.904	6.2406E-02	3
-8.529	38.902	5.5863E-02	3
-8.484	38.900	6.4301E-02	3
-8.440	38.898	5.2958E-02	2
-8.396	38.896	5.4894E-02	3
-8.352	38.894	5.4877E-02	3
-8.309	38.892	5.8157E-02	3
-8.265	38.889	6.4177E-02	3
-9.228	38.914	7.1162E-02	3
-9.181	38.912	7.6009E-02	0
-9.134	38.910	7.1333E-02	3
-9.084	38.908	8.7438E-02	0
-9.039	38.906	1.1344E-01	3
-8.992	38.905	1.1417E-01	0
-8.945	38.903	1.2894E-01	3
-8.897	38.901	1.0631E-01	0
-8.850	38.899	7.1630E-02	3
-8.804	38.897	5.9224E-02	1
-8.757	38.895	5.5999E-02	3
-8.711	38.893	7.0876E-02	0
-8.665	38.891	6.9391E-02	3
-8.619	38.889	5.6194E-02	1
-8.574	38.887	5.2426E-02	3
-8.530	38.885	6.6793E-02	0
-8.485	38.883	5.2254E-02	3
-8.440	38.881	6.8897E-02	0
-8.396	38.879	6.4180E-02	3
-8.353	38.877	6.6150E-02	0
-8.310	38.875	6.2321E-02	3
-8.266	38.873	6.4784E-02	0
-9.229	38.897	6.4940E-02	3
-9.181	38.895	6.0193E-02	3
-9.133	38.893	6.9527E-02	3
-9.085	38.891	8.2369E-02	3
-9.040	38.889	1.2404E-01	3
-8.993	38.888	1.0890E-01	3
-8.946	38.886	1.2448E-01	3
-8.898	38.884	8.4052E-02	3
-8.851	38.882	6.2628E-02	3
-8.805	38.880	5.9738E-02	3
-8.758	38.878	6.2944E-02	3
-8.712	38.876	7.4871E-02	2
-8.666	38.874	7.5287E-02	3
-8.620	38.872	6.5248E-02	3
-8.575	38.871	7.1123E-02	3
-8.530	38.869	5.7394E-02	1
-8.486	38.867	5.3079E-02	3
-8.441	38.865	5.9687E-02	2
-8.397	38.863	6.1648E-02	3
-8.353	38.861	5.8082E-02	2
-8.311	38.859	6.2574E-02	3
-8.267	38.857	5.9126E-02	3
-9.231	38.879	5.9027E-02	3
-9.182	38.878	7.0159E-02	0
-9.135	38.876	7.6542E-02	3
-9.088	38.874	1.3683E-01	0
-9.041	38.872	9.9766E-02	3
-8.994	38.871	8.1090E-02	0
-8.946	38.869	8.9963E-02	3
-8.899	38.867	1.1797E-01	0
-8.852	38.865	7.5816E-02	3
-8.805	38.863	5.7409E-02	0
-8.759	38.861	7.7760E-02	3
-8.713	38.860	8.5982E-02	0
-8.667	38.858	6.8261E-02	3
-8.621	38.856	7.9566E-02	0
-8.576	38.854	7.5331E-02	3
-8.531	38.852	7.0545E-02	0
-8.487	38.850	5.7684E-02	3
-8.443	38.848	7.0121E-02	0
-8.398	38.846	5.9481E-02	3
-8.354	38.844	6.5695E-02	0
-8.311	38.843	5.9513E-02	3
-8.268	38.841	6.6979E-02	0
-9.232	38.862	5.6535E-02	3
-9.185	38.861	7.6171E-02	3
-9.138	38.859	1.1191E-01	3
-9.090	38.857	1.3559E-01	3
-9.043	38.855	9.2874E-02	3
-8.995	38.854	7.7613E-02	3
-8.947	38.852	7.9633E-02	3
-8.900	38.850	6.9989E-02	3
-8.853	38.848	5.9568E-02	3
-8.806	38.846	5.3058E-02	3
-8.760	38.845	6.2136E-02	3
-8.714	38.843	7.0045E-02	3
-8.668	38.841	6.3698E-02	3
-8.622	38.839	7.4322E-02	3
-8.577	38.837	9.5670E-02	3
-8.532	38.835	7.0652E-02	1
-8.487	38.834	6.4464E-02	3
-8.443	38.832	6.7163E-02	2
-8.399	38.830	5.8396E-02	3
-8.355	38.828	5.1473E-02	2
-8.312	38.826	5.7420E-02	3
-8.269	38.824	6.9388E-02	2
-9.234	38.845	6.2111E-02	3
-9.188	38.843	1.1554E-01	0
-9.140	38.842	9.3608E-02	3
-9.091	38.840	1.4049E-01	0
-9.044	38.838	7.5890E-02	3
-8.996	38.837	8.7087E-02	0
-8.948	38.835	8.3085E-02	3
-8.901	38.833	8.7444E-02	0
-8.854	38.831	6.1976E-02	3
-8.807	38.830	5.5000E-02	0
-8.761	38.828	6.1781E-02	3
-8.715	38.826	6.8599E-02	0
-8.669	38.824	5.6434E-02	3
-8.623	38.823	6.0410E-02	0
-8.578	38.821	7.2558E-02	3
-8.533	38.819	7.2030E-02	0
-8.489	38.817	6.0787E-02	3
-8.444	38.815	7.2734E-02	0
-8.400	38.814	5.9119E-02	3
-8.356	38.812	5.6326E-02	0
-8.313	38.810	5.0950E-02	3
-8.269	38.808	5.3813E-02	2
-9.233	38.828	6.0346E-02	3
-9.187	38.826	7.5281E-02	2
-9.140	38.825	1.1046E-01	3
-9.092	38.823	1.1975E-01	3
-9.044	38.821	7.0097E-02	3
-8.997	38.820	7.7167E-02	3
-8.949	38.818	7.8795E-02	3
-8.902	38.816	8.0392E-02	3
-8.855	38.815	6.5681E-02	3
-8.808	38.813	4.8537E-02	2
-8.762	38.811	5.9007E-02	3
-8.716	38.809	6.1504E-02	2
-8.670	38.808	5.4799E-02	3
-8.625	38.806	5.3856E-02	3
-8.580	38.804	5.5552E-02	3
-8.535	38.802	5.6304E-02	2
-8.490	38.801	5.7537E-02	3
-8.445	38.799	6.4603E-02	2
-8.401	38.797	6.3656E-02	3
-8.357	38.795	4.8766E-02	1
-8.313	38.794	5.7162E-02	3
-8.270	38.792	5.5453E-02	3
-9.237	38.894	6.3034E-02	3
-9.188	38.892	7.4411E-02	0
-9.140	38.890	6.8101E-02	3
-9.093	38.888	1.0326E-01	0
-9.048	38.886	1.2193E-01	3
-9.001	38.884	1.1294E-01	0
-8.954	38.882	1.2323E-01	3
-8.907	38.880	1.0396E-01	0
-8.860	38.878	7.0285E-02	3
-8.813	38.876	6.5305E-02	0
-8.767	38.874	6.7063E-02	3
-8.720	38.871	8.0251E-02	0
-8.674	38.869	7.0774E-02	3
-8.629	38.867	6.9309E-02	0
-8.583	38.865	7.4104E-02	3
-8.539	38.863	6.6678E-02	0
-8.494	38.861	5.7838E-02	3
-8.450	38.858	7.0544E-02	0
-8.406	38.856	6.3099E-02	3
-8.362	38.854	6.1764E-02	2
-8.319	38.852	6.2730E-02	3
-8.276	38.850	6.4885E-02	0
-9.239	38.877	6.0615E-02	3
-9.190	38.875	6.1370E-02	2
-9.143	38.873	7.5463E-02	3
-9.096	38.871	1.1820E-01	3
-9.050	38.869	1.1472E-01	3
-9.002	38.867	6.6860E-02	3
-8.955	38.865	8.4207E-02	3
-8.907	38.863	1.0796E-01	3
-8.860	38.861	7.2944E-02	3
-8.814	38.859	5.2991E-02	3
-8.767	38.857	6.9615E-02	3
-8.721	38.855	8.2005E-02	3
-8.675	38.853	7.1204E-02	3
-8.629	38.850	7.0101E-02	2
-8.584	38.848	8.2013E-02	3
-8.539	38.846	6.7522E-02	3
-8.495	38.844	5.9658E-02	3
-8.451	38.842	6.4041E-02	3
-8.406	38.840	5.9624E-02	3
-8.362	38.838	5.4398E-02	3
-8.319	38.836	5.6419E-02	3
-8.277	38.833	6.8867E-02	3
-9.240	38.860	5.9127E-02	3
-9.193	38.858	8.5964E-02	0
-9.147	38.856	1.0619E-01	3
-9.098	38.854	1.4408E-01	0
-9.051	38.852	9.9858E-02	3
-9.003	38.850	8.5755E-02	0
-8.955	38.848	8.2092E-02	3
-8.908	38.846	7.7428E-02	0
-8.861	38.844	6.0393E-02	3
-8.815	38.842	5.8867E-02	0
-8.768	38.840	5.8591E-02	3
-8.722	38.838	7.5003E-02	0
-8.676	38.836	6.7120E-02	2
-8.630	38.834	7.5562E-02	0
-8.585	38.832	9.5343E-02	3
-8.540	38.830	8.4926E-02	0
-8.496	38.828	6.4409E-02	3
-8.451	38.825	7.2660E-02	0
-8.407	38.823	5.7214E-02	3
-8.363	38.821	5.8879E-02	0
-8.320	38.819	5.1192E-02	3
-8.277	38.817	6.8693E-02	0
-9.241	38.843	6.0800E-02	3
-9.196	38.841	9.4023E-02	3
-9.148	38.839	9.4633E-02	3
-9.099	38.837	1.2895E-01	3
-9.052	38.835	7.9951E-02	3
-9.004	38.833	7.6290E-02	3
-8.956	38.831	8.0859E-02	3
-8.909	38.829	8.2750E-02	3
-8.862	38.827	7.1663E-02	3
-8.815	38.825	5.5156E-02	0
-8.769	38.823	6.0797E-02	3
-8.723	38.821	6.3947E-02	1
-8.677	38.819	5.3515E-02	3
-8.632	38.817	5.2569E-02	2
-8.586	38.815	6.0467E-02	3
-8.542	38.813	6.4577E-02	3
-8.497	38.811	5.9731E-02	3
-8.452	38.809	6.5294E-02	3
-8.408	38.807	6.7683E-02	3
-8.364	38.805	5.0072E-02	3
-8.320	38.803	5.3848E-02	3
-8.277	38.801	5.7066E-02	3
-9.240	38.825	6.6928E-02	3
-9.194	38.824	8.7159E-02	0
-9.148	38.822	1.1508E-01	3
-9.099	38.820	1.4334E-01	0
-9.053	38.818	7.4561E-02	3
-9.005	38.816	8.2352E-02	0
-8.957	38.814	8.2734E-02	3
-8.910	38.812	8.5556E-02	0
-8.863	38.810	7.0377E-02	3
-8.816	38.808	5.5713E-02	0
-8.770	38.806	5.7881E-02	3
-8.724	38.804	6.9644E-02	0
-8.678	38.803	5.6969E-02	3
-8.633	38.801	6.7029E-02	0
-8.588	38.799	5.4657E-02	3
-8.543	38.797	5.1866E-02	2
-8.498	38.795	5.7654E-02	3
-8.454	38.793	7.1808E-02	0
-8.409	38.791	6.1410E-02	3
-8.365	38.789	5.7110E-02	0
-8.322	38.787	5.8103E-02	3
-8.279	38.785	5.9856E-02	0
-9.242	38.808	1.1009E-01	3
-9.195	38.806	1.3985E-01	3
-9.148	38.805	1.3647E-01	3
-9.101	38.803	1.0901E-01	3
-9.053	38.801	6.3043E-02	3
-9.006	38.799	6.0006E-02	3
-8.958	38.797	8.0891E-02	3
-8.911	38.795	6.6421E-02	3
-8.864	38.793	5.9154E-02	3
-8.817	38.792	5.0626E-02	3
-8.771	38.790	5.5284E-02	3
-8.725	38.788	6.9530E-02	3
-8.679	38.786	6.9093E-02	3
-8.634	38.784	6.7682E-02	3
-8.588	38.782	6.1787E-02	3
-8.543	38.780	4.8080E-02	3
-8.499	38.778	6.2907E-02	3
-8.455	38.776	5.8634E-02	3
-8.411	38.774	5.8063E-02	3
-8.367	38.772	6.1704E-02	3
-8.323	38.770	6.4086E-02	3
-8.280	38.768	5.0284E-02	3
-9.244	38.791	8.8246E-02	3
-9.197	38.789	1.6434E-01	0
-9.149	38.788	1.5624E-01	2
-9.102	38.786	1.4808E-01	0
-9.054	38.784	5.6833E-02	3
-9.006	38.782	7.0880E-02	0
-8.959	38.780	8.0969E-02	3
-8.912	38.778	7.3614E-02	0
-8.864	38.777	6.8937E-02	3
-8.818	38.775	6.8568E-02	0
-8.772	38.773	6.5972E-02	3
-8.725	38.771	6.6200E-02	2
-8.680	38.769	8.9048E-02	3
-8.634	38.767	7.5340E-02	1
-8.589	38.765	6.8704E-02	3
-8.544	38.763	6.3432E-02	0
-8.499	38.762	6.6147E-02	3
-8.455	38.760	5.7701E-02	0
-8.412	38.758	5.9336E-02	3
-8.368	38.756	6.9474E-02	0
-8.324	38.754	7.2461E-02	3
-8.281	38.752	5.6215E-02	0
-9.245	38.774	1.2771E-01	3
-9.198	38.772	1.3390E-01	3
-9.149	38.770	1.6025E-01	3
-9.102	38.769	1.3293E-01	3
-9.055	38.767	5.2943E-02	3
-9.007	38.765	5.9275E-02	3
-8.960	38.763	8.4363E-02	3
-8.913	38.762	7.3551E-02	3
-8.866	38.760	6.2225E-02	3
-8.819	38.758	6.2187E-02	3
-8.772	38.756	8.8385E-02	3
-8.726	38.754	6.4717E-02	3
-8.680	38.752	8.7803E-02	3
-8.635	38.751	8.3153E-02	3
-8.590	38.749	6.5287E-02	3
-8.546	38.747	6.9255E-02	3
-8.501	38.745	8.0457E-02	3
-8.456	38.743	6.0556E-02	3
-8.412	38.741	5.4255E-02	3
-8.368	38.739	5.7903E-02	3
-8.324	38.738	5.7022E-02	3
-8.281	38.736	4.8464E-02	3
-9.247	38.757	1.5988E-01	2
-9.199	38.755	1.8373E-01	0
-9.151	38.753	1.6213E-01	3
-9.103	38.752	1.4314E-01	0
-9.056	38.750	4.7542E-02	3
-9.008	38.748	7.8504E-02	0
-8.961	38.746	1.1238E-01	3
-8.914	38.745	8.8936E-02	0
-8.867	38.743	7.3560E-02	3
-8.820	38.741	7.9917E-02	0
-8.773	38.739	8.6912E-02	3
-8.727	38.738	6.8970E-02	0
-8.681	38.736	6.4668E-02	3
-8.636	38.734	1.0947E-01	0
-8.591	38.732	8.1864E-02	3
-8.546	38.730	7.3016E-02	0
-8.502	38.729	5.8681E-02	2
-8.458	38.727	6.3676E-02	0
-8.414	38.725	5.8222E-02	3
-8.369	38.723	6.5667E-02	0
-8.325	38.721	7.0105E-02	3
-8.282	38.719	6.1510E-02	0
-9.248	38.739	1.0117E-01	3
-9.199	38.738	1.0973E-01	3
-9.151	38.736	1.6060E-01	3
-9.104	38.734	1.1583E-01	3
-9.057	38.733	4.6402E-02	3
-9.009	38.731	7.5709E-02	3
-8.961	38.729	1.1266E-01	3
-8.914	38.728	9.5710E-02	3
-8.868	38.726	7.3730E-02	3
-8.821	38.724	6.2760E-02	3
-8.774	38.723	9.3343E-02	3
-8.728	38.721	9.9247E-02	3
-8.682	38.719	9.0611E-02	3
-8.637	38.717	7.8164E-02	3
-8.592	38.716	6.6548E-02	3
-8.547	38.714	5.4443E-02	3
-8.503	38.712	4.8746E-02	3
-8.458	38.710	5.6415E-02	3
-8.415	38.709	6.1821E-02	3
-8.371	38.707	5.3540E-02	3
-8.327	38.705	5.4213E-02	3
-8.283	38.703	5.3813E-02	3
-9.248	38.806	1.0437E-01	3
-9.200	38.804	1.7506E-01	0
-9.154	38.802	1.4754E-01	3
-9.106	38.800	1.3910E-01	0
-9.059	38.798	6.7141E-02	3
-9.012	38.796	6.9838E-02	0
-8.964	38.793	8.0466E-02	2
-8.917	38.791	7.6567E-02	0
-8.870	38.789	6.6795E-02	3
-8.823	38.787	5.9154E-02	0
-8.777	38.785	5.5774E-02	3
-8.731	38.783	7.7189E-02	0
-8.685	38.781	8.0520E-02	3
-8.640	38.778	7.1118E-02	0
-8.594	38.776	7.0132E-02	3
-8.549	38.774	6.0601E-02	0
-8.505	38.772	6.8831E-02	3
-8.461	38.770	6.2675E-02	0
-8.417	38.768	5.8718E-02	3
-8.373	38.765	5.8849E-02	1
-8.330	38.763	6.9860E-02	3
-8.286	38.761	5.8568E-02	0
-9.250	38.789	8.1996E-02	3
-9.203	38.787	1.3535E-01	3
-9.154	38.785	1.5480E-01	3
-9.107	38.783	1.3998E-01	3
-9.060	38.781	6.2312E-02	3
-9.012	38.779	5.7378E-02	3
-8.965	38.776	8.1034E-02	3
-8.918	38.774	6.7205E-02	3
-8.870	38.772	7.0628E-02	3
-8.824	38.770	6.3050E-02	3
-8.778	38.768	6.9185E-02	3
-8.732	38.766	6.4345E-02	2
-8.686	38.764	8.9766E-02	3
-8.640	38.762	8.8128E-02	3
-8.596	38.760	6.9317E-02	3
-8.550	38.758	5.8432E-02	3
-8.506	38.755	6.9150E-02	3
-8.461	38.753	5.4879E-02	3
-8.418	38.751	5.7539E-02	3
-8.374	38.749	5.9627E-02	3
-8.330	38.747	6.6084E-02	3
-8.287	38.745	5.3044E-02	3
-9.204	38.769	1.6114E-01	0
-9.155	38.767	1.6233E-01	3
-9.108	38.766	1.6212E-01	0
-9.061	38.764	5.7568E-02	3
-9.013	38.762	6.9632E-02	0
-8.966	38.760	9.2695E-02	3
-8.919	38.757	8.6129E-02	0
-8.872	38.755	6.2075E-02	3
-8.825	38.753	7.2822E-02	0
-8.778	38.751	1.0675E-01	3
-8.732	38.749	7.7938E-02	0
-8.686	38.747	7.3649E-02	3
-8.641	38.745	9.7514E-02	0
-8.596	38.743	6.7187E-02	3
-8.552	38.741	7.9747E-02	0
-8.507	38.739	7.8475E-02	3
-8.463	38.737	7.0910E-02	0
-8.419	38.735	5.7651E-02	3
-8.375	38.733	6.6588E-02	0
-8.331	38.731	6.5098E-02	3
-8.287	38.728	6.1479E-02	0
-9.204	38.752	1.6062E-01	3
-9.156	38.750	1.6529E-01	3
-9.109	38.748	1.3156E-01	2
-9.062	38.747	4.9437E-02	3
-9.014	38.745	6.3901E-02	2
-8.966	38.743	1.0934E-01	3
-8.919	38.741	8.1551E-02	2
-8.873	38.739	8.0486E-02	3
-8.826	38.737	6.5396E-02	3
-8.779	38.735	7.2795E-02	3
-8.733	38.733	6.2866E-02	3
-8.687	38.731	6.7654E-02	3
-8.642	38.728	9.8682E-02	3
-8.597	38.726	8.6164E-02	3
-8.552	38.724	6.3204E-02	1
-8.508	38.722	5.3957E-02	3
-8.464	38.720	5.4590E-02	3
-8.420	38.718	6.1832E-02	3
-8.376	38.716	5.8494E-02	3
-8.332	38.714	6.2877E-02	3
-8.288	38.712	5.9136E-02	3
-9.205	38.735	1.2123E-01	0
-9.157	38.733	1.4900E-01	3
-9.110	38.731	1.4674E-01	0
-9.063	38.729	4.7595E-02	3
-9.015	38.728	9.4700E-02	0
-8.967	38.726	1.1416E-01	3
-8.920	38.724	1.1973E-01	0
-8.873	38.722	7.3928E-02	3
-8.827	38.720	8.0372E-02	0
-8.780	38.718	1.0190E-01	3
-8.734	38.716	1.3225E-01	0
-8.688	38.714	8.9899E-02	3
-8.643	38.712	7.9842E-02	0
-8.598	38.710	7.1478E-02	3
-8.553	38.708	5.4402E-02	2
-8.509	38.706	5.1138E-02	3
-8.464	38.704	6.7792E-02	0
-8.421	38.702	6.5820E-02	3
-8.377	38.700	5.7342E-02	0
-8.333	38.698	5.3125E-02	3
-8.290	38.696	5.5830E-02	0
-9.206	38.718	1.1465E-01	3
-9.158	38.716	1.7226E-01	3
-9.111	38.714	1.0376E-01	3
-9.063	38.712	4.9187E-02	3
-9.016	38.711	1.0324E-01	3
-8.968	38.709	1.5847E-01	3
-8.921	38.707	1.2444E-01	3
-8.874	38.705	8.1018E-02	3
-8.828	38.703	6.7215E-02	3
-8.781	38.701	9.2226E-02	3
-8.735	38.699	1.2314E-01	3
-8.689	38.697	1.0814E-01	3
-8.644	38.695	9.8471E-02	3
-8.598	38.693	9.6203E-02	3
-8.554	38.691	6.3040E-02	3
-8.509	38.689	7.4707E-02	3
-8.465	38.687	8.7943E-02	3
-8.421	38.686	6.5751E-02	3
-8.378	38.684	5.5372E-02	3
-8.335	38.682	5.2857E-02	3
-8.291	38.680	4.7522E-02	3
-9.209	38.701	1.6223E-01	0
-9.161	38.699	8.8596E-02	3
-9.112	38.697	4.4639E-02	0
-9.064	38.695	4.9824E-02	3
-9.017	38.694	8.5261E-02	0
-8.969	38.692	1.0215E-01	3
-8.922	38.690	1.2997E-01	0
-8.875	38.688	6.6306E-02	3
-8.829	38.686	6.8646E-02	0
-8.782	38.684	1.1113E-01	3
-8.736	38.682	1.2248E-01	2
-8.690	38.681	1.0680E-01	3
-8.645	38.679	1.3176E-01	1
-8.599	38.677	1.0961E-01	3
-8.555	38.675	6.5454E-02	0
-8.510	38.673	7.7331E-02	3
-8.466	38.671	1.3793E-01	0
-8.422	38.669	1.0363E-01	3
-8.378	38.667	6.4670E-02	0
-8.335	38.665	5.0688E-02	3
-8.292	38.663	5.2226E-02	0
-9.210	38.684	3.6600E-02	3
-9.161	38.682	8.7877E-02	3
-9.113	38.680	3.5428E-02	3
-9.065	38.678	6.7645E-02	3
-9.018	38.677	9.6278E-02	3
-8.970	38.675	1.2217E-01	3
-8.923	38.673	1.2016E-01	3
-8.876	38.671	1.1008E-01	3
-8.830	38.669	6.0373E-02	3
-8.783	38.668	9.1299E-02	3
-8.737	38.666	1.2384E-01	3
-8.692	38.664	1.1391E-01	3
-8.646	38.662	9.2324E-02	3
-8.601	38.660	9.2415E-02	3
-8.556	38.658	6.0136E-02	3
-8.511	38.656	6.9135E-02	3
-8.467	38.655	7.7324E-02	3
-8.423	38.653	6.4543E-02	3
-8.379	38.651	6.7741E-02	3
-8.335	38.649	6.0773E-02	3
-8.292	38.647	5.8372E-02	3
-9.210	38.666	1.1694E-01	0
-9.162	38.665	1.2638E-01	3
-9.114	38.663	6.8183E-02	0
-9.066	38.661	1.5367E-01	3
-9.018	38.660	1.3708E-01	0
-8.971	38.658	1.1383E-01	3
-8.923	38.656	1.1088E-01	0
-8.877	38.654	7.1304E-02	3
-8.830	38.653	6.2601E-02	0
-8.784	38.651	7.8078E-02	3
-8.738	38.649	1.1297E-01	0
-8.692	38.647	1.4869E-01	3
-8.647	38.645	9.7311E-02	0
-8.602	38.644	5.6289E-02	3
-8.557	38.642	4.9541E-02	0
-8.513	38.640	5.7587E-02	3
-8.468	38.638	6.2147E-02	0
-8.424	38.636	5.8134E-02	3
-8.380	38.634	5.6969E-02	0
-8.336	38.633	4.7444E-02	3
-8.292	38.631	5.9774E-02	0
-9.211	38.649	1.1459E-01	3
-9.162	38.648	1.5291E-01	3
-9.115	38.646	1.0285E-01	3
-9.067	38.644	1.1815E-01	3
-9.019	38.643	1.2719E-01	3
-8.972	38.641	1.0696E-01	3
-8.924	38.639	1.1617E-01	3
-8.878	38.637	9.5062E-02	3
-8.831	38.636	6.2349E-02	3
-8.785	38.634	6.3380E-02	3
-8.739	38.632	1.0440E-01	3
-8.694	38.630	1.4517E-01	3
-8.648	38.629	6.7126E-02	3
-8.603	38.627	4.3223E-02	3
-8.558	38.625	4.8996E-02	3
-8.514	38.623	6.0503E-02	3
-8.470	38.622	5.1791E-02	3
-8.425	38.620	5.3883E-02	3
-8.381	38.618	5.3565E-02	3
-8.337	38.616	5.1695E-02	3
-8.293	38.614	5.1867E-02	3
-8.250	38.613	5.2669E-02	3
-9.215	38.715	1.3991E-01	0
-9.166	38.713	1.6218E-01	3
-9.119	38.711	1.2776E-01	0
-9.072	38.709	4.4950E-02	3
-9.024	38.707	9.3456E-02	1
-8.976	38.705	1.5008E-01	3
-8.929	38.703	1.4450E-01	0
-8.883	38.701	8.4347E-02	3
-8.836	38.699	6.9880E-02	0
-8.790	38.696	9.1089E-02	3
-8.744	38.694	1.3036E-01	0
-8.698	38.692	1.1771E-01	3
-8.652	38.690	1.2503E-01	0
-8.607	38.688	1.1709E-01	3
-8.562	38.686	7.7694E-02	0
-8.517	38.683	7.8993E-02	3
-8.473	38.681	1.3140E-01	0
-8.429	38.679	9.2772E-02	3
-8.386	38.677	6.3338E-02	0
-8.343	38.675	5.2078E-02	3
-8.299	38.672	4.9968E-02	0
-8.256	38.670	5.1358E-02	3
-9.217	38.698	1.2960E-01	3
-9.169	38.696	8.3534E-02	3
-9.121	38.694	3.5109E-02	3
-9.073	38.692	4.3536E-02	3
-9.025	38.690	7.4943E-02	3
-8.977	38.688	1.0114E-01	3
-8.930	38.686	1.2891E-01	3
-8.883	38.684	7.7355E-02	3
-8.837	38.682	5.6763E-02	3
-8.791	38.680	9.7773E-02	3
-8.745	38.677	1.2532E-01	3
-8.699	38.675	9.7958E-02	3
-8.653	38.673	1.2174E-01	3
-8.608	38.671	1.0466E-01	3
-8.563	38.669	6.3707E-02	3
-8.519	38.667	6.3734E-02	3
-8.474	38.665	1.0057E-01	3
-8.430	38.663	9.0088E-02	3
-8.386	38.660	6.7797E-02	3
-8.343	38.658	5.9739E-02	3
-8.300	38.656	5.2709E-02	3
-8.257	38.654	6.9552E-02	3
-9.218	38.681	4.4401E-02	0
-9.169	38.679	1.0006E-01	3
-9.121	38.677	4.4454E-02	1
-9.073	38.675	7.2889E-02	3
-9.026	38.673	9.7601E-02	2
-8.978	38.671	1.1767E-01	3
-8.931	38.669	1.1273E-01	1
-8.884	38.667	1.0771E-01	3
-8.838	38.665	7.3648E-02	0
-8.791	38.663	8.1019E-02	3
-8.746	38.661	1.3258E-01	0
-8.700	38.659	1.1874E-01	3
-8.654	38.657	1.0555E-01	0
-8.609	38.655	8.3602E-02	3
-8.564	38.652	7.1014E-02	0
-8.520	38.650	6.1608E-02	3
-8.475	38.648	7.7911E-02	0
-8.431	38.646	6.0357E-02	3
-8.387	38.644	6.8046E-02	0
-8.343	38.642	5.5712E-02	3
-8.300	38.640	6.0546E-02	0
-8.257	38.638	5.8506E-02	3
-9.218	38.664	9.3006E-02	3
-9.169	38.662	1.3518E-01	3
-9.122	38.660	7.3253E-02	3
-9.074	38.658	1.4651E-01	3
-9.026	38.656	1.4510E-01	3
-8.979	38.654	1.2057E-01	3
-8.932	38.652	1.0292E-01	3
-8.885	38.650	8.1823E-02	3
-8.839	38.648	5.1662E-02	3
-8.792	38.646	6.6072E-02	3
-8.746	38.644	9.8266E-02	3
-8.701	38.642	1.5212E-01	3
-8.655	38.640	9.5114E-02	3
-8.610	38.638	4.4941E-02	3
-8.565	38.636	4.2930E-02	3
-8.521	38.634	5.7456E-02	3
-8.477	38.632	5.4984E-02	3
-8.432	38.630	5.8022E-02	3
-8.388	38.628	5.3007E-02	3
-8.344	38.626	4.8840E-02	3
-8.301	38.624	5.4865E-02	3
-8.258	38.621	5.7544E-02	3
-9.219	38.647	1.3329E-01	0
-9.170	38.645	1.5184E-01	3
-9.123	38.643	1.1822E-01	0
-9.075	38.641	1.0980E-01	3
-9.027	38.639	1.3283E-01	0
-8.980	38.637	1.0357E-01	3
-8.932	38.635	1.2565E-01	0
-8.886	38.633	1.1162E-01	3
-8.839	38.631	9.4035E-02	0
-8.793	38.629	6.7931E-02	3
-8.747	38.627	1.1351E-01	0
-8.702	38.625	1.5836E-01	3
-8.656	38.623	9.1313E-02	0
-8.611	38.621	5.0237E-02	3
-8.566	38.619	5.9286E-02	0
-8.522	38.617	6.1496E-02	3
-8.478	38.615	5.9613E-02	0
-8.433	38.613	5.3233E-02	3
-8.389	38.611	5.7089E-02	0
-8.345	38.609	5.3099E-02	3
-8.301	38.607	5.1987E-02	1
-8.258	38.605	5.1434E-02	3
-9.220	38.630	8.7596E-02	3
-9.171	38.628	1.4190E-01	3
-9.123	38.626	1.3602E-01	3
-9.076	38.624	1.0762E-01	3
-9.028	38.622	9.6726E-02	3
-8.980	38.620	9.0895E-02	3
-8.933	38.618	9.1959E-02	3
-8.886	38.616	1.2638E-01	3
-8.840	38.614	1.3996E-01	3
-8.794	38.613	1.3487E-01	3
-8.748	38.611	1.1340E-01	3
-8.703	38.609	1.4753E-01	3
-8.658	38.607	9.0746E-02	3
-8.612	38.605	6.4636E-02	3
-8.567	38.603	5.0645E-02	3
-8.523	38.601	5.3993E-02	3
-8.479	38.599	5.5864E-02	3
-8.435	38.597	5.7895E-02	3
-8.390	38.595	5.2654E-02	3
-8.346	38.593	4.9893E-02	3
-8.302	38.591	5.5599E-02	3
-8.259	38.589	5.0143E-02	3
-9.221	38.612	5.9896E-02	1
-9.172	38.611	1.3338E-01	3
-9.124	38.609	1.3155E-01	0
-9.076	38.607	1.1313E-01	3
-9.028	38.605	9.6612E-02	0
-8.981	38.603	1.0585E-01	3
-8.934	38.601	1.2500E-01	0
-8.887	38.599	1.1952E-01	3
-8.841	38.598	1.6841E-01	0
-8.795	38.596	1.5290E-01	3
-8.749	38.594	1.0280E-01	0
-8.704	38.592	9.8931E-02	3
-8.659	38.590	1.0291E-01	0
-8.614	38.588	6.0332E-02	3
-8.569	38.586	7.3425E-02	0
-8.525	38.584	6.6769E-02	3
-8.480	38.582	6.1951E-02	0
-8.435	38.581	5.4614E-02	3
-8.391	38.579	6.1809E-02	0
-8.347	38.577	5.2064E-02	3
-8.304	38.575	5.6369E-02	0
-8.261	38.573	4.8925E-02	3
-9.222	38.595	2.4035E-02	3
-9.173	38.593	9.3055E-02	3
-9.125	38.592	6.4909E-02	3
-9.077	38.590	1.0139E-01	3
-9.029	38.588	1.0104E-01	3
-8.982	38.586	1.3008E-01	3
-8.934	38.584	1.0099E-01	3
-8.887	38.583	1.1332E-01	3
-8.842	38.581	1.1840E-01	3
-8.796	38.579	1.2172E-01	3
-8.751	38.577	8.3481E-02	3
-8.705	38.575	7.0867E-02	3
-8.659	38.573	5.8028E-02	3
-8.614	38.572	5.4129E-02	3
-8.569	38.570	4.7468E-02	3
-8.525	38.568	5.5828E-02	3
-8.481	38.566	4.6400E-02	3
-8.436	38.564	5.0385E-02	3
-8.392	38.562	5.3170E-02	3
-8.348	38.560	5.5865E-02	3
-8.305	38.558	5.1305E-02	3
-8.262	38.557	4.9869E-02	3
-9.223	38.578	1.5041E-02	2
-9.174	38.576	6.6517E-02	3
-9.125	38.575	9.4103E-02	0
-9.078	38.573	1.2193E-01	3
-9.030	38.571	1.4720E-01	0
-8.982	38.569	1.0485E-01	3
-8.934	38.567	1.0877E-01	0
-8.888	38.566	9.4662E-02	3
-8.843	38.564	1.0448E-01	0
-8.797	38.562	8.8901E-02	3
-8.752	38.560	8.6915E-02	0
-8.706	38.559	5.3647E-02	3
-8.660	38.557	5.3086E-02	0
-8.615	38.555	4.8357E-02	3
-8.570	38.553	5.0160E-02	0
-8.526	38.551	4.3073E-02	3
-8.482	38.550	5.5649E-02	0
-8.438	38.548	5.7497E-02	3
-8.393	38.546	6.6044E-02	0
-8.349	38.544	5.5534E-02	3
-8.306	38.542	6.2417E-02	0
-8.264	38.540	5.1978E-02	2
-9.224	38.561	6.6452E-03	3
-9.175	38.559	5.2939E-02	3
-9.126	38.557	6.5617E-02	3
-9.078	38.556	1.2947E-01	3
-9.031	38.554	1.2672E-01	3
-8.983	38.552	1.0135E-01	3
-8.934	38.551	5.4061E-02	3
-8.890	38.549	8.6773E-02	3
-8.844	38.547	1.0808E-01	3
-8.799	38.545	8.5988E-02	3
-8.753	38.544	6.6147E-02	3
-8.707	38.542	4.8142E-02	3
-8.661	38.540	4.6036E-02	3
-8.616	38.538	5.0143E-02	3
-8.571	38.537	4.6011E-02	3
-8.527	38.535	5.0058E-02	3
-8.484	38.533	5.6057E-02	3
-8.439	38.531	5.5855E-02	3
-8.395	38.529	5.9626E-02	3
-8.350	38.528	5.1757E-02	3
-8.308	38.526	5.3372E-02	3
-8.266	38.524	5.0793E-02	3
-9.227	38.627	9.5638E-02	0
-9.177	38.625	1.3801E-01	3
-9.129	38.623	1.6036E-01	0
-9.082	38.621	1.1824E-01	3
-9.034	38.619	9.1704E-02	1
-8.986	38.616	9.6402E-02	3
-8.939	38.614	1.0617E-01	0
-8.893	38.612	1.2697E-01	3
-8.846	38.610	1.6761E-01	0
-8.800	38.608	1.5128E-01	3
-8.754	38.606	1.2139E-01	0
-8.709	38.603	1.3064E-01	3
-8.664	38.601	1.1987E-01	0
-8.619	38.599	6.8420E-02	3
-8.574	38.597	6.2531E-02	0
-8.530	38.595	6.4114E-02	3
-8.485	38.593	6.4330E-02	0
-8.441	38.590	5.7660E-02	3
-8.396	38.588	6.1120E-02	0
-8.353	38.586	4.9371E-02	3
-8.309	38.584	5.5923E-02	0
-8.266	38.581	5.3750E-02	3
-9.228	38.610	3.9498E-02	3
-9.178	38.608	1.3564E-01	3
-9.130	38.606	1.0669E-01	3
-9.082	38.604	1.1786E-01	3
-9.035	38.602	8.5159E-02	3
-8.987	38.599	1.1060E-01	3
-8.940	38.597	1.0804E-01	3
-8.893	38.595	1.1276E-01	3
-8.847	38.593	1.4446E-01	3
-8.801	38.591	1.4628E-01	3
-8.755	38.589	9.6600E-02	3
-8.710	38.587	8.3400E-02	3
-8.665	38.585	7.6551E-02	3
-8.620	38.583	6.0806E-02	3
-8.575	38.580	6.2537E-02	3
-8.531	38.578	6.0538E-02	3
-8.486	38.576	5.3086E-02	3
-8.442	38.574	5.2684E-02	3
-8.397	38.572	5.6634E-02	3
-8.353	38.570	5.8537E-02	3
-8.310	38.567	5.5310E-02	3
-8.267	38.565	5.0227E-02	3
-9.228	38.593	2.3202E-02	0
-9.179	38.591	8.3539E-02	3
-9.131	38.589	8.0190E-02	0
-9.083	38.587	1.0142E-01	3
-9.036	38.585	1.0455E-01	2
-8.988	38.582	1.4191E-01	3
-8.940	38.580	1.0793E-01	1
-8.893	38.578	1.1777E-01	3
-8.848	38.576	1.2967E-01	0
-8.802	38.574	1.2183E-01	3
-8.757	38.572	1.0000E-01	0
-8.711	38.570	6.7823E-02	3
-8.665	38.568	6.1805E-02	0
-8.620	38.566	5.0417E-02	3
-8.575	38.564	5.1085E-02	0
-8.531	38.562	5.3436E-02	3
-8.487	38.560	5.4854E-02	0
-8.443	38.558	5.4735E-02	3
-8.398	38.555	6.1496E-02	0
-8.355	38.553	5.4798E-02	3
-8.311	38.551	5.7304E-02	0
-8.269	38.549	5.1156E-02	3
-9.229	38.575	1.0800E-02	3
-9.180	38.573	6.2563E-02	3
-9.131	38.571	7.2403E-02	3
-9.083	38.569	1.2929E-01	3
-9.036	38.568	1.3200E-01	3
-8.988	38.565	9.7887E-02	3
-8.940	38.563	8.2620E-02	3
-8.894	38.561	8.0293E-02	3
-8.849	38.559	9.0303E-02	3
-8.803	38.557	8.4276E-02	3
-8.758	38.555	7.8045E-02	3
-8.712	38.553	4.9524E-02	3
-8.666	38.551	4.5992E-02	3
-8.621	38.549	5.0104E-02	3
-8.576	38.547	4.7242E-02	3
-8.532	38.545	4.2823E-02	3
-8.488	38.543	4.9556E-02	3
-8.444	38.541	5.6665E-02	3
-8.400	38.539	6.2744E-02	3
-8.355	38.537	5.5803E-02	3
-8.313	38.535	5.7182E-02	3
-8.270	38.533	5.4872E-02	3
-9.230	38.558	7.3551E-03	0
-9.180	38.556	4.7235E-02	3
-9.132	38.554	6.9741E-02	0
-9.084	38.552	1.1121E-01	3
-9.037	38.550	1.4597E-01	0
-8.989	38.548	1.0154E-01	3
-8.940	38.546	6.1241E-02	0
-8.896	38.545	9.6020E-02	3
-8.850	38.543	1.3468E-01	0
-8.805	38.541	9.1452E-02	3
-8.759	38.539	7.4623E-02	0
-8.713	38.537	5.4186E-02	3
-8.667	38.535	5.0182E-02	0
-8.622	38.533	5.2009E-02	3
-8.578	38.531	5.2538E-02	0
-8.534	38.529	5.0251E-02	3
-8.490	38.527	6.4289E-02	0
-8.445	38.525	5.8643E-02	3
-8.401	38.523	6.1982E-02	0
-8.357	38.521	5.1949E-02	3
-8.314	38.519	5.5464E-02	1
-8.272	38.517	5.4249E-02	3
-9.231	38.541	1.9529E-03	3
-9.182	38.539	3.7840E-02	3
-9.133	38.537	5.7299E-02	3
-9.085	38.535	5.7517E-02	3
-9.037	38.533	9.8292E-02	3
-8.989	38.532	9.5504E-02	3
-8.941	38.530	5.7416E-02	3
-8.897	38.528	1.5122E-01	3
-8.851	38.526	1.3705E-01	3
-8.805	38.524	1.0137E-01	3
-8.760	38.522	6.9714E-02	3
-8.714	38.520	5.5241E-02	3
-8.668	38.518	4.5102E-02	3
-8.623	38.516	5.4917E-02	3
-8.579	38.514	5.1686E-02	3
-8.535	38.512	5.5322E-02	3
-8.491	38.510	5.5271E-02	3
-8.446	38.508	5.8362E-02	3
-8.402	38.506	5.6939E-02	3
-8.359	38.504	5.2574E-02	3
-8.315	38.502	5.7675E-02	3
-8.273	38.500	5.5346E-02	3
-9.232	38.524	1.4638E-03	1
-9.183	38.522	3.9972E-02	3
-9.134	38.520	6.3948E-02	0
-9.086	38.518	8.0531E-02	3
-9.038	38.516	9.3448E-02	0
-8.990	38.515	7.6507E-02	3
-8.944	38.513	4.8238E-02	0
-8.899	38.511	3.1072E-02	3
-8.852	38.509	8.7488E-02	0
-8.806	38.507	9.5367E-02	3
-8.761	38.505	8.2983E-02	0
-8.715	38.503	5.7215E-02	3
-8.669	38.501	5.7574E-02	0
-8.624	38.500	5.3559E-02	3
-8.580	38.498	6.0325E-02	0
-8.535	38.496	5.2465E-02	3
-8.492	38.494	6.0823E-02	0
-8.447	38.492	5.6937E-02	3
-8.403	38.490	6.0170E-02	0
-8.360	38.488	5.8220E-02	3
-8.317	38.486	6.9288E-02	0
-8.274	38.484	5.9531E-02	3
-9.233	38.507	1.2999E-03	3
-9.184	38.505	5.3696E-02	3
-9.135	38.503	6.2325E-02	3
-9.086	38.501	6.1636E-02	3
-9.038	38.499	6.0956E-02	3
-8.990	38.498	5.1508E-02	3
-8.944	38.496	6.9984E-02	3
-8.900	38.494	5.6444E-02	3
-8.853	38.492	4.1948E-02	3
-8.807	38.490	1.1466E-01	3
-8.762	38.489	7.0770E-02	3
-8.716	38.487	6.1270E-02	3
-8.670	38.485	5.3460E-02	3
-8.625	38.483	5.5904E-02	3
-8.581	38.481	5.8994E-02	3
-8.536	38.479	5.7278E-02	3
-8.492	38.477	5.5250E-02	3
-8.448	38.475	5.0817E-02	3
-8.405	38.474	5.1246E-02	3
-8.362	38.472	5.0589E-02	3
-8.318	38.470	5.7203E-02	3
-8.275	38.468	6.0863E-02	3
-9.234	38.489	8.6649E-04	2
-9.185	38.488	4.7013E-02	3
-9.135	38.486	7.5336E-02	1
-9.087	38.484	7.2494E-02	3
-9.038	38.482	6.4078E-02	0
-8.990	38.481	4.1637E-02	3
-8.947	38.479	4.7685E-02	0
-8.901	38.477	9.2656E-02	3
-8.854	38.475	4.6643E-02	0
-8.808	38.474	5.8674E-02	3
-8.763	38.472	6.1190E-02	0
-8.717	38.470	6.1132E-02	3
-8.671	38.468	6.0165E-02	0
-8.627	38.466	6.0511E-02	3
-8.582	38.465	6.7466E-02	0
-8.537	38.463	5.9467E-02	3
-8.493	38.461	5.5870E-02	0
-8.450	38.459	5.2090E-02	3
-8.407	38.457	6.3897E-02	0
-8.363	38.455	5.2790E-02	3
-8.319	38.454	6.3078E-02	0
-8.276	38.452	6.2169E-02	3
-9.235	38.472	1.7171E-03	3
-9.185	38.471	5.2738E-02	3
-9.135	38.469	9.3614E-02	3
-9.087	38.467	9.8865E-02	3
-9.038	38.465	5.2838E-02	3
-8.993	38.464	3.2291E-02	3
-8.948	38.462	9.2987E-03	3
-8.902	38.460	2.2913E-02	3
-8.855	38.459	6.6503E-02	3
-8.809	38.457	2.3672E-02	3
-8.764	38.455	4.0673E-02	3
-8.718	38.453	6.1965E-02	3
-8.672	38.452	5.0299E-02	3
-8.628	38.450	6.8498E-02	3
-8.583	38.448	4.9636E-02	3
-8.539	38.446	5.7081E-02	3
-8.495	38.445	5.1485E-02	3
-8.451	38.443	5.9101E-02	3
-8.408	38.441	5.8755E-02	3
-8.364	38.439	5.2770E-02	3
-8.321	38.437	5.5486E-02	3
-8.278	38.435	5.5525E-02	3
-9.239	38.539	2.0327E-03	2
-9.190	38.536	2.8975E-02	3
-9.142	38.534	6.7045E-02	0
-9.093	38.532	6.0727E-02	3
-9.045	38.530	9.4987E-02	0
-8.998	38.528	9.7741E-02	3
-8.951	38.526	6.5814E-02	0
-8.905	38.524	1.2183E-01	3
-8.859	38.521	1.5486E-01	0
-8.814	38.519	1.0814E-01	3
-8.768	38.517	7.9527E-02	0
-8.723	38.515	6.0225E-02	3
-8.677	38.513	5.1985E-02	0
-8.631	38.511	5.5362E-02	3
-8.587	38.508	6.1089E-02	0
-8.543	38.506	5.1333E-02	3
-8.499	38.504	6.1804E-02	0
-8.454	38.502	5.9095E-02	3
-8.411	38.500	6.3136E-02	0
-8.367	38.497	5.6673E-02	3
-8.324	38.495	6.7545E-02	0
-8.281	38.493	5.8834E-02	3
-9.240	38.521	1.5307E-03	3
-9.191	38.519	3.3129E-02	3
-9.143	38.517	5.4854E-02	3
-9.094	38.515	7.9225E-02	3
-9.046	38.513	7.5141E-02	3
-8.998	38.511	7.8082E-02	3
-8.952	38.509	4.3279E-02	3
-8.907	38.507	2.3422E-02	3
-8.861	38.505	5.2623E-02	3
-8.814	38.502	1.1061E-01	3
-8.769	38.500	8.4291E-02	3
-8.723	38.498	5.8317E-02	3
-8.678	38.496	5.3631E-02	3
-8.632	38.494	5.2032E-02	3
-8.588	38.492	5.5955E-02	3
-8.543	38.490	5.5370E-02	3
-8.499	38.488	5.7274E-02	3
-8.455	38.485	5.4496E-02	3
-8.412	38.483	5.2350E-02	3
-8.369	38.481	5.4030E-02	3
-8.325	38.479	5.5809E-02	3
-8.282	38.477	6.4115E-02	3
-9.241	38.504	3.3862E-03	0
-9.192	38.502	4.2465E-02	3
-9.143	38.500	7.6961E-02	0
-9.094	38.498	6.0200E-02	3
-9.046	38.496	6.7472E-02	0
-8.998	38.494	5.0052E-02	3
-8.951	38.492	7.8763E-02	0
-8.908	38.490	8.0895E-02	3
-8.862	38.488	4.5998E-02	0
-8.815	38.486	9.9020E-02	3
-8.770	38.484	8.8213E-02	0
-8.724	38.482	6.3916E-02	3
-8.679	38.479	6.3140E-02	0
-8.634	38.477	5.6088E-02	3
-8.589	38.475	6.9863E-02	0
-8.544	38.473	5.6145E-02	3
-8.500	38.471	5.9324E-02	0
-8.456	38.469	4.8276E-02	3
-8.414	38.467	5.8607E-02	0
-8.370	38.465	5.1706E-02	3
-8.326	38.463	6.3219E-02	0
-8.283	38.460	6.2082E-02	3
-9.242	38.487	1.3382E-03	3
-9.193	38.485	3.7756E-02	3
-9.143	38.483	7.9234E-02	3
-9.094	38.481	8.5722E-02	3
-9.047	38.479	6.2423E-02	3
-8.998	38.477	4.1893E-02	3
-8.955	38.475	2.6862E-02	3
-8.909	38.473	7.0817E-02	3
-8.862	38.471	4.9423E-02	3
-8.816	38.469	3.1753E-02	3
-8.771	38.467	4.3818E-02	3
-8.725	38.465	6.2909E-02	3
-8.680	38.463	4.9568E-02	3
-8.635	38.461	6.1164E-02	3
-8.590	38.459	5.9378E-02	3
-8.545	38.457	6.0849E-02	3
-8.502	38.455	5.2019E-02	3
-8.458	38.453	5.6117E-02	3
-8.415	38.451	6.0704E-02	3
-8.371	38.448	5.9136E-02	3
-8.328	38.446	5.6968E-02	3
-8.284	38.444	6.2443E-02	3
-9.242	38.470	3.7782E-03	0
-9.193	38.468	4.0186E-02	3
-9.143	38.466	9.4025E-02	0
-9.094	38.464	1.0227E-01	3
-9.047	38.462	6.1278E-02	0
-9.001	38.460	3.4603E-02	3
-8.956	38.458	1.1832E-02	0
-8.910	38.456	1.1969E-02	3
-8.863	38.454	7.3346E-02	0
-8.817	38.452	4.3074E-02	3
-8.772	38.450	4.3835E-02	0
-8.726	38.448	6.3405E-02	3
-8.681	38.446	5.9119E-02	0
-8.636	38.444	7.2178E-02	3
-8.591	38.442	5.8059E-02	0
-8.547	38.440	5.4500E-02	3
-8.503	38.438	5.9417E-02	0
-8.459	38.436	6.0208E-02	3
-8.416	38.434	6.4436E-02	0
-8.373	38.432	4.8788E-02	3
-8.330	38.430	5.9391E-02	0
-8.287	38.428	5.3260E-02	3
-9.243	38.453	2.9066E-03	3
-9.193	38.451	3.9059E-02	3
-9.143	38.449	7.5130E-02	3
-9.095	38.447	1.0213E-01	3
-9.048	38.445	6.7217E-02	3
-9.004	38.443	7.7352E-03	3
-8.957	38.441	3.8874E-03	3
-8.911	38.439	3.0466E-03	3
-8.864	38.437	2.4411E-02	3
-8.818	38.435	8.3912E-02	3
-8.773	38.433	7.6819E-02	3
-8.727	38.432	5.7145E-02	3
-8.682	38.430	6.4052E-02	3
-8.637	38.428	7.3762E-02	3
-8.592	38.426	5.8748E-02	3
-8.548	38.424	6.3665E-02	3
-8.504	38.422	5.7205E-02	3
-8.460	38.420	5.2779E-02	3
-8.417	38.418	6.9283E-02	3
-8.373	38.416	4.7250E-02	3
-8.331	38.414	5.4281E-02	3
-8.287	38.412	6.2100E-02	3
-9.244	38.435	8.1752E-03	0
-9.194	38.433	5.3063E-02	3
-9.145	38.432	5.6151E-02	0
-9.099	38.430	1.5899E-02	3
-9.052	38.428	4.8850E-03	0
-9.005	38.426	2.7067E-04	3
-8.958	38.424	8.7791E-04	0
-8.911	38.422	-2.4074E-35	3
-8.865	38.421	7.4727E-03	0
-8.819	38.419	7.1239E-02	3
-8.774	38.417	1.0111E-01	0
-8.728	38.415	1.0060E-01	3
-8.683	38.413	1.0152E-01	0
-8.638	38.411	7.9732E-02	3
-8.594	38.409	9.7022E-02	0
-8.550	38.407	7.8208E-02	3
-8.505	38.405	7.4913E-02	0
-8.462	38.403	7.6365E-02	3
-8.418	38.401	8.3559E-02	0
-8.374	38.399	5.2024E-02	3
-8.332	38.398	6.4358E-02	0
-8.289	38.396	6.4822E-02	3
-9.245	38.418	9.6889E-03	3
-9.195	38.416	3.6762E-02	3
-9.148	38.415	2.1115E-03	3
-9.101	38.413	0.0000E+00	3
-9.053	38.411	-9.6297E-35	3
-9.006	38.409	0.0000E+00	3
-8.959	38.407	3.6111E-35	3
-8.912	38.406	-3.0093E-36	3
-8.866	38.404	-4.8148E-35	3
-8.820	38.402	4.7395E-02	3
-8.774	38.400	1.1122E-01	3
-8.729	38.398	1.5887E-01	3
-8.684	38.396	1.4175E-01	3
-8.639	38.394	9.1366E-02	3
-8.594	38.393	7.8718E-02	3
-8.550	38.391	8.2866E-02	3
-8.506	38.389	8.6079E-02	3
-8.463	38.387	9.4934E-02	3
-8.419	38.385	6.5977E-02	3
-8.375	38.383	6.5464E-02	3
-8.332	38.381	5.8858E-02	3
-8.290	38.379	5.8283E-02	3
-9.246	38.401	2.0898E-03	0
-9.197	38.399	1.5192E-04	3
-9.149	38.398	0.0000E+00	0
-9.101	38.396	0.0000E+00	2
-9.054	38.394	0.0000E+00	0
-9.007	38.392	0.0000E+00	2
-8.960	38.390	5.8039E-06	0
-8.913	38.389	0.0000E+00	3
-8.867	38.387	1.5249E-03	0
-8.821	38.385	3.1655E-02	3
-8.775	38.383	1.1285E-01	0
-8.730	38.382	1.2630E-01	3
-8.684	38.380	1.4014E-01	0
-8.640	38.378	9.7970E-02	3
-8.595	38.376	9.5876E-02	0
-8.551	38.374	9.7337E-02	3
-8.508	38.372	1.2621E-01	0
-8.464	38.371	7.8385E-02	3
-8.419	38.369	6.9626E-02	0
-8.376	38.367	7.1822E-02	3
-8.333	38.365	6.5224E-02	0
-8.291	38.363	6.5767E-02	3
-9.247	38.384	1.0042E-03	3
-9.198	38.382	3.2338E-04	3
-9.150	38.380	0.0000E+00	3
-9.102	38.379	0.0000E+00	3
-9.055	38.377	0.0000E+00	3
-9.008	38.375	0.0000E+00	3
-8.961	38.374	0.0000E+00	3
-8.914	38.372	0.0000E+00	3
-8.868	38.370	4.8148E-35	3
-8.822	38.368	1.7892E-02	3
-8.776	38.367	9.1550E-02	3
-8.731	38.365	1.1187E-01	3
-8.685	38.363	1.4034E-01	3
-8.640	38.361	9.2848E-02	3
-8.596	38.360	8.8740E-02	3
-8.552	38.358	7.6976E-02	3
-8.509	38.356	7.7099E-02	3
-8.464	38.354	6.3862E-02	3
-8.420	38.352	6.3422E-02	3
-8.377	38.350	5.6955E-02	3
-9.249	38.450	2.9162E-03	2
-9.200	38.448	3.6729E-02	3
-9.149	38.445	8.8493E-02	0
-9.102	38.443	9.1746E-02	3
-9.055	38.441	6.7247E-02	0
-9.010	38.439	6.8830E-03	3
-8.963	38.437	4.7560E-03	0
-8.917	38.435	2.4724E-03	3
-8.870	38.433	1.5423E-02	0
-8.824	38.430	7.9914E-02	3
-8.779	38.428	9.0724E-02	0
-8.734	38.426	6.6543E-02	3
-8.689	38.424	7.6052E-02	0
-8.644	38.422	7.9736E-02	3
-8.599	38.420	8.3184E-02	0
-8.555	38.417	6.9556E-02	3
-8.510	38.415	6.9267E-02	0
-8.467	38.413	6.0879E-02	3
-8.424	38.411	8.8994E-02	0
-8.380	38.409	5.2669E-02	3
-8.337	38.406	6.0873E-02	0
-8.294	38.404	6.7557E-02	3
-8.251	38.402	6.3329E-02	0
-9.200	38.430	4.8658E-02	3
-9.152	38.428	3.8161E-02	3
-9.106	38.426	9.4737E-03	3
-9.058	38.424	6.0160E-04	3
-9.011	38.422	1.7938E-04	3
-8.964	38.420	0.0000E+00	3
-8.918	38.418	9.8402E-06	3
-8.871	38.416	2.5384E-04	3
-8.825	38.414	5.4356E-02	3
-8.780	38.412	9.8988E-02	3
-8.734	38.409	1.1544E-01	3
-8.689	38.407	1.1552E-01	3
-8.645	38.405	8.7366E-02	3
-8.600	38.403	8.5287E-02	3
-8.556	38.401	8.1635E-02	3
-8.511	38.399	8.2768E-02	3
-8.468	38.397	8.6259E-02	3
-8.425	38.394	8.0713E-02	3
-8.380	38.392	5.8122E-02	3
-8.338	38.390	6.1372E-02	3
-8.295	38.388	6.2705E-02	3
-8.252	38.386	6.4937E-02	3
-9.202	38.413	2.9805E-02	3
-9.154	38.411	3.9277E-03	0
-9.107	38.409	9.6297E-35	3
-9.059	38.407	3.5437E-04	0
-9.012	38.405	-9.4040E-38	3
-8.965	38.403	8.4724E-04	0
-8.918	38.401	1.3075E-04	3
-8.872	38.399	2.2648E-03	0
-8.826	38.397	3.2526E-02	3
-8.781	38.395	1.1705E-01	0
-8.735	38.393	1.6789E-01	3
-8.690	38.391	1.7935E-01	0
-8.645	38.389	8.8590E-02	3
-8.601	38.386	9.0974E-02	0
-8.556	38.384	8.8541E-02	3
-8.512	38.382	1.0484E-01	0
-8.469	38.380	9.4042E-02	3
-8.425	38.378	6.9872E-02	0
-8.381	38.376	7.0478E-02	3
-8.338	38.374	6.5381E-02	0
-8.296	38.372	6.0227E-02	3
-8.253	38.369	7.3078E-02	0
-9.203	38.396	4.2149E-04	3
-9.155	38.394	0.0000E+00	3
-9.107	38.392	0.0000E+00	3
-9.060	38.390	0.0000E+00	3
-9.013	38.388	0.0000E+00	3
-8.966	38.386	0.0000E+00	3
-8.919	38.384	2.7792E-05	3
-8.873	38.382	-9.6297E-35	3
-8.827	38.380	2.0337E-02	3
-8.781	38.378	9.9095E-02	3
-8.736	38.376	1.0993E-01	3
-8.690	38.374	1.2890E-01	3
-8.646	38.372	1.0768E-01	3
-8.601	38.370	8.8629E-02	3
-8.557	38.368	9.1898E-02	3
-8.514	38.366	1.0748E-01	3
-8.470	38.364	7.3196E-02	3
-8.425	38.362	6.7851E-02	3
-8.382	38.360	6.9087E-02	3
-8.340	38.357	5.6873E-02	3
-8.298	38.355	6.1297E-02	3
-8.254	38.353	6.4021E-02	3
-9.204	38.379	7.9907E-04	3
-9.156	38.377	0.0000E+00	0
-9.108	38.375	0.0000E+00	3
-9.061	38.373	0.0000E+00	0
-9.014	38.371	0.0000E+00	3
-8.967	38.369	2.9724E-04	0
-8.920	38.367	3.5642E-04	3
-8.874	38.365	1.8170E-03	0
-8.828	38.363	9.5301E-03	3
-8.782	38.361	8.6243E-02	0
-8.737	38.359	1.0638E-01	3
-8.691	38.357	1.2924E-01	0
-8.646	38.355	8.7317E-02	3
-8.602	38.353	9.2190E-02	0
-8.558	38.351	7.8539E-02	3
-9.205	38.362	3.8671E-04	3
-9.157	38.360	0.0000E+00	3
-9.109	38.358	0.0000E+00	3
-9.062	38.356	0.0000E+00	3
-9.015	38.354	0.0000E+00	3
-8.968	38.352	1.9320E-04	3
-8.921	38.350	5.0254E-04	3
-9.213	38.359	7.7969E-04	3
-9.165	38.357	0.0000E+00	0
-9.117	38.355	0.0000E+00	3
-9.070	38.353	0.0000E+00	0
-9.023	38.351	0.0000E+00	3
