-8.397	39.349	2.9329E-02	3
-8.342	39.347	2.3853E-02	3
-8.288	39.346	2.3061E-02	3
-8.622	39.337	9.5865E-02	0
-8.567	39.335	1.0225E-01	3
-8.511	39.334	9.7016E-02	3
-8.454	39.332	3.9244E-02	3
-8.398	39.331	3.3298E-02	3
-8.344	39.329	4.0869E-02	3
-8.289	39.328	3.8417E-02	3
-8.623	39.319	9.4120E-02	3
-8.568	39.317	1.3370E-01	3
-8.512	39.316	1.2048E-01	3
-8.455	39.314	5.6069E-02	3
-8.400	39.313	5.6449E-02	3
-8.344	39.311	4.3817E-02	3
-8.289	39.310	4.2394E-02	3
-8.402	39.350	3.0156E-02	3
-8.348	39.348	2.5510E-02	3
-8.294	39.346	2.2967E-02	3
-8.628	39.339	2.5565E-02	3
-8.572	39.337	9.7999E-02	3
-8.517	39.335	1.0333E-01	3
-8.460	39.334	4.7773E-02	3
-8.404	39.332	3.1277E-02	3
-8.350	39.330	4.2360E-02	3
-8.295	39.328	3.9588E-02	3
-8.628	39.321	1.3429E-01	0
-8.573	39.319	1.3096E-01	3
-8.517	39.317	1.2445E-01	3
-8.461	39.316	6.3239E-02	3
-8.406	39.314	5.8154E-02	3
-8.350	39.312	4.3914E-02	3
-8.295	39.310	4.4218E-02	3
-8.629	39.303	1.0270E-01	3
-8.574	39.301	1.1624E-01	3
-8.517	39.299	1.0514E-01	3
-8.460	39.298	3.5831E-02	3
-8.405	39.296	5.1235E-02	3
-8.350	39.294	5.8869E-02	3
-8.296	39.293	4.6161E-02	3
-8.630	39.284	1.1327E-01	3
-8.574	39.283	1.2847E-01	3
-8.518	39.281	6.7069E-02	3
-8.460	39.280	3.8808E-02	3
-8.405	39.278	4.0025E-02	3
-8.351	39.276	4.1669E-02	3
-8.296	39.275	5.6857E-02	3
-8.631	39.266	1.2561E-01	3
-8.575	39.265	1.2725E-01	3
-8.518	39.263	5.9720E-02	3
-8.461	39.262	5.6302E-02	3
-8.406	39.260	5.3436E-02	3
-8.352	39.259	5.1586E-02	3
-8.297	39.257	6.4007E-02	3
-8.632	39.248	1.0532E-01	3
-8.575	39.247	1.0731E-01	3
-8.518	39.245	5.6413E-02	3
-8.462	39.244	4.1977E-02	3
-8.407	39.242	5.3431E-02	3
-8.353	39.241	5.3763E-02	3
-8.298	39.239	4.2454E-02	3
-8.632	39.230	1.0870E-01	3
-8.576	39.229	7.6221E-02	3
-8.519	39.227	4.8240E-02	3
-8.463	39.226	5.3473E-02	3
-8.408	39.224	5.5362E-02	3
-8.353	39.223	5.3869E-02	3
-8.300	39.221	5.7110E-02	3
-8.638	39.305	4.6771E-02	3
-8.582	39.303	1.1966E-01	3
-8.526	39.301	1.1946E-01	2
-8.469	39.299	3.9910E-02	3
-8.414	39.297	4.6231E-02	3
-8.358	39.295	6.8580E-02	3
-8.304	39.293	4.8115E-02	3
-8.250	39.291	3.7995E-02	3
-8.638	39.287	8.1731E-02	3
-8.583	39.285	1.2486E-01	3
-8.526	39.283	7.7278E-02	3
-8.469	39.281	3.8848E-02	3
-8.413	39.279	3.7081E-02	3
-8.359	39.278	3.9452E-02	3
-8.305	39.276	5.3093E-02	3
-8.251	39.274	4.4525E-02	3
-8.639	39.269	8.4482E-02	3
-8.583	39.267	1.3123E-01	3
-8.526	39.265	6.7978E-02	3
-8.470	39.263	5.1258E-02	3
-8.414	39.262	5.5598E-02	3
-8.360	39.260	4.8630E-02	3
-8.306	39.258	6.6660E-02	3
-8.252	39.256	5.4804E-02	3
-8.640	39.251	7.7586E-02	3
-8.583	39.249	1.1880E-01	3
-8.526	39.247	7.0253E-02	3
-8.470	39.245	4.1791E-02	3
-8.415	39.244	5.3792E-02	3
-8.361	39.242	5.3856E-02	3
-8.306	39.240	4.4331E-02	3
-8.253	39.238	4.9270E-02	3
-8.641	39.233	1.2762E-01	0
-8.584	39.231	7.8286E-02	3
-8.527	39.229	5.0329E-02	3
-8.471	39.227	4.8036E-02	3
-8.416	39.226	5.5326E-02	3
-8.362	39.224	5.3948E-02	3
-8.308	39.222	5.5120E-02	3
-8.254	39.221	5.5980E-02	3
-8.641	39.214	7.4670E-02	3
-8.584	39.213	1.0843E-01	3
-8.527	39.211	5.4100E-02	3
-8.472	39.210	5.3366E-02	3
-8.417	39.208	5.5613E-02	3
-8.362	39.206	4.8416E-02	3
-8.308	39.204	5.4129E-02	3
-8.254	39.203	4.7009E-02	3
-8.642	39.196	1.0749E-01	3
-8.585	39.195	1.2811E-01	3
-8.528	39.193	8.6743E-02	3
-8.473	39.192	5.9670E-02	3
-8.418	39.190	6.0145E-02	3
-8.363	39.188	5.2567E-02	3
-8.309	39.187	4.5902E-02	3
-8.255	39.185	5.1160E-02	3
-8.642	39.178	7.3267E-02	3
-8.585	39.177	1.1918E-01	3
-8.529	39.175	8.0969E-02	3
-8.474	39.174	6.5056E-02	3
-8.418	39.172	5.1678E-02	3
-8.364	39.170	5.7468E-02	3
-8.309	39.169	4.7924E-02	3
-8.256	39.167	6.4257E-02	3
-8.643	39.160	1.0204E-01	3
-8.585	39.159	7.3349E-02	3
-8.530	39.157	1.0116E-01	3
-8.474	39.156	4.7755E-02	3
-8.419	39.154	4.6233E-02	3
-8.364	39.153	5.1419E-02	3
-8.310	39.151	4.8896E-02	3
-8.257	39.150	5.9182E-02	3
-8.643	39.142	1.1609E-01	3
-8.585	39.141	5.5516E-02	3
-8.531	39.139	6.9969E-02	3
-8.475	39.138	4.2489E-02	3
-8.420	39.136	4.9928E-02	3
-8.365	39.135	5.1186E-02	3
-8.311	39.133	4.6459E-02	3
-8.257	39.132	5.6665E-02	3
-8.647	39.217	7.1037E-02	3
-8.590	39.215	1.1519E-01	3
-8.533	39.213	6.1310E-02	3
-8.478	39.211	5.5931E-02	3
-8.423	39.209	5.8625E-02	3
-8.368	39.207	5.0455E-02	3
-8.314	39.205	5.6265E-02	3
-8.260	39.203	4.7936E-02	3
-8.647	39.198	1.0509E-01	3
-8.590	39.196	1.3187E-01	3
-8.533	39.195	9.4630E-02	3
-8.478	39.193	5.8627E-02	3
-8.424	39.191	6.2548E-02	3
-8.369	39.189	5.3827E-02	3
-8.315	39.187	4.8656E-02	3
-8.260	39.185	5.0367E-02	3
-8.648	39.180	7.9296E-02	3
-8.590	39.178	1.2386E-01	3
-8.534	39.177	8.4887E-02	3
-8.480	39.175	6.7076E-02	3
-8.424	39.173	5.4239E-02	3
-8.369	39.171	6.0021E-02	3
-8.315	39.169	4.9027E-02	3
-8.261	39.167	6.3020E-02	3
-8.648	39.162	1.1000E-01	3
-8.591	39.160	7.9394E-02	3
-8.535	39.159	1.0435E-01	3
-8.479	39.157	5.4980E-02	3
-8.424	39.155	4.5744E-02	3
-8.370	39.153	5.4097E-02	3
-8.316	39.151	4.9227E-02	3
-8.262	39.150	5.9895E-02	3
-8.649	39.144	1.1946E-01	3
-8.591	39.142	5.9966E-02	3
-8.536	39.141	7.3505E-02	3
-8.480	39.139	4.4959E-02	3
-8.425	39.137	4.9551E-02	3
-8.371	39.135	5.3204E-02	3
-8.316	39.134	4.7030E-02	3
-8.263	39.132	5.7080E-02	3
-8.649	39.126	1.3037E-01	3
-8.592	39.124	7.2860E-02	3
-8.537	39.123	7.0053E-02	3
-8.482	39.121	5.5075E-02	3
-8.426	39.119	6.2167E-02	3
-8.371	39.117	5.6967E-02	3
-8.317	39.116	5.1303E-02	3
-8.264	39.114	5.0169E-02	3
-8.650	39.108	4.6202E-02	3
-8.594	39.106	6.2064E-02	3
-8.537	39.104	6.5289E-02	3
-8.481	39.103	6.0594E-02	3
-8.426	39.101	5.4666E-02	3
-8.372	39.100	4.9209E-02	3
-8.318	39.098	4.9731E-02	3
-8.265	39.096	5.0508E-02	3
-8.650	39.090	7.3608E-02	3
-8.593	39.088	6.7768E-02	3
-8.537	39.086	7.4701E-02	3
-8.482	39.085	5.9569E-02	3
-8.427	39.083	6.0351E-02	3
-8.372	39.082	5.1628E-02	3
-8.319	39.080	4.4893E-02	3
-8.265	39.079	4.3718E-02	3
-8.651	39.071	6.9763E-02	3
-8.594	39.070	6.8007E-02	3
-8.539	39.068	5.4781E-02	3
-8.483	39.067	6.2468E-02	3
-8.427	39.065	6.5822E-02	3
-8.373	39.064	4.9417E-02	3
-8.320	39.062	5.3438E-02	3
-8.266	39.061	4.9941E-02	3
-8.651	39.053	5.7822E-02	3
-8.595	39.052	3.4047E-02	3
-8.539	39.050	4.5768E-02	3
-8.483	39.049	6.0669E-02	3
-8.428	39.048	4.6150E-02	3
-8.374	39.046	4.4188E-02	3
-8.320	39.045	6.0323E-02	3
-8.268	39.043	4.7064E-02	3
-8.658	39.128	7.5091E-02	3
-8.601	39.127	7.5017E-02	3
-8.545	39.125	6.9891E-02	3
-8.490	39.123	5.9238E-02	3
-8.435	39.121	5.8744E-02	3
-8.380	39.119	5.6134E-02	3
-8.325	39.117	5.3496E-02	3
-8.272	39.115	5.0661E-02	3
-8.658	39.110	6.3220E-02	3
-8.602	39.108	6.9703E-02	3
-8.546	39.107	6.6532E-02	3
-8.490	39.105	6.1938E-02	3
-8.434	39.103	5.3792E-02	3
-8.380	39.101	5.3192E-02	3
-8.326	39.099	5.0603E-02	3
-8.273	39.097	5.0324E-02	3
-8.659	39.092	5.0866E-02	3
-8.602	39.090	6.3311E-02	3
-8.546	39.089	7.4311E-02	3
-8.490	39.087	5.7725E-02	3
-8.435	39.085	6.1166E-02	3
-8.381	39.083	5.1320E-02	3
-8.327	39.081	4.4692E-02	3
-8.273	39.079	4.6232E-02	3
-8.659	39.074	6.4340E-02	3
-8.603	39.072	7.0116E-02	3
-8.547	39.070	5.8438E-02	3
-8.491	39.069	6.0954E-02	3
-8.436	39.067	6.6923E-02	3
-8.381	39.065	5.0878E-02	3
-8.328	39.063	5.3648E-02	3
-8.275	39.061	4.8684E-02	3
-8.659	39.056	5.3982E-02	3
-8.603	39.054	3.8086E-02	3
-8.547	39.052	4.6193E-02	3
-8.492	39.051	6.1759E-02	3
-8.436	39.049	5.0422E-02	3
-8.382	39.047	4.4376E-02	3
-8.329	39.045	5.8246E-02	3
-8.276	39.044	4.7065E-02	3
-8.660	39.038	3.9450E-02	3
-8.603	39.036	3.6821E-02	3
-8.548	39.034	5.8746E-02	3
-8.492	39.033	5.9531E-02	3
-8.437	39.031	4.8556E-02	3
-8.384	39.029	4.2388E-02	3
-8.330	39.028	5.5300E-02	3
-8.277	39.026	6.3520E-02	3
-8.660	39.020	2.8379E-02	3
-8.604	39.018	2.8393E-02	3
-8.548	39.016	4.3808E-02	3
-8.493	39.015	5.2143E-02	3
-8.439	39.013	4.8330E-02	3
-8.385	39.012	6.4210E-02	3
-8.332	39.010	8.8399E-02	3
-8.278	39.008	7.3411E-02	3
-8.661	39.001	3.8051E-02	3
-8.605	39.000	4.4227E-02	3
-8.549	38.998	4.3037E-02	3
-8.494	38.997	5.5248E-02	3
-8.441	38.995	8.3920E-02	3
-8.387	38.994	1.2430E-01	3
-8.332	38.992	9.7706E-02	3
-8.279	38.991	8.8981E-02	3
-8.662	38.983	4.3129E-02	2
-8.606	38.982	6.6875E-02	2
-8.550	38.980	6.2256E-02	3
-8.496	38.979	9.8616E-02	3
-8.442	38.977	1.1073E-01	3
-8.387	38.976	5.3422E-02	3
-8.332	38.974	4.8708E-02	3
-8.279	38.973	5.8567E-02	3
-8.662	38.965	3.9765E-02	3
-8.606	38.964	6.5124E-02	3
-8.551	38.962	7.6817E-02	3
-8.497	38.961	1.4217E-01	3
-8.442	38.959	6.9530E-02	3
-8.387	38.958	4.7672E-02	3
-8.333	38.956	4.6779E-02	3
-8.279	38.955	4.3631E-02	3
-8.666	39.040	4.0898E-02	1
-8.609	39.038	4.1331E-02	3
-8.553	39.036	5.7755E-02	3
-8.498	39.034	6.1490E-02	3
-8.443	39.032	5.2350E-02	3
-8.389	39.030	4.3715E-02	3
-8.336	39.028	5.6590E-02	3
-8.283	39.026	6.3126E-02	3
-8.666	39.022	3.4835E-02	3
-8.610	39.020	2.9846E-02	3
-8.554	39.018	4.2001E-02	3
-8.499	39.016	5.4962E-02	3
-8.445	39.014	5.1721E-02	3
-8.391	39.012	5.7237E-02	3
-8.338	39.010	8.8015E-02	3
-8.284	39.008	7.5079E-02	3
-8.667	39.004	3.6629E-02	2
-8.610	39.002	4.4422E-02	2
-8.555	39.000	4.2598E-02	3
-8.500	38.998	5.4395E-02	3
-8.446	38.996	7.9716E-02	3
-8.392	38.994	1.2260E-01	3
-8.338	38.993	1.0626E-01	3
-8.285	38.991	8.7788E-02	3
-8.668	38.986	4.4148E-02	3
-8.611	38.984	6.6266E-02	3
-8.556	38.982	5.9200E-02	3
-8.501	38.980	9.2780E-02	3
-8.447	38.978	1.1599E-01	3
-8.392	38.977	5.8197E-02	3
-8.338	38.975	4.8050E-02	3
-8.284	38.973	5.8567E-02	3
-8.668	38.967	4.4948E-02	1
-8.612	38.966	6.5277E-02	2
-8.557	38.964	7.3906E-02	2
-8.502	38.962	1.3926E-01	3
-8.448	38.960	7.7520E-02	3
-8.393	38.959	4.8846E-02	3
-8.339	38.957	4.8129E-02	3
-8.284	38.955	4.3896E-02	3
-8.669	38.949	9.0638E-02	3
-8.613	38.948	8.0146E-02	3
-8.558	38.946	7.3199E-02	3
-8.503	38.944	1.3702E-01	3
-8.448	38.943	8.2590E-02	3
-8.393	38.941	4.8209E-02	3
-8.339	38.939	5.0867E-02	3
-8.285	38.937	5.7808E-02	3
-8.669	38.931	5.2922E-02	1
-8.614	38.930	6.6378E-02	2
-8.559	38.928	8.8250E-02	2
-8.503	38.926	8.7262E-02	3
-8.448	38.925	5.9862E-02	3
-8.394	38.923	5.6632E-02	3
-8.340	38.921	5.9595E-02	3
-8.287	38.920	5.2411E-02	3
-8.670	38.913	1.1706E-01	3
-8.614	38.911	7.2786E-02	3
-8.559	38.910	5.1144E-02	3
-8.504	38.908	5.5630E-02	3
-8.449	38.907	4.5853E-02	3
-8.394	38.905	4.8432E-02	3
-8.341	38.904	4.7904E-02	3
-8.288	38.902	5.2263E-02	3
-8.671	38.895	5.2020E-02	1
-8.614	38.893	5.5413E-02	2
-8.559	38.892	4.3993E-02	2
-8.504	38.890	4.4703E-02	3
-8.449	38.889	5.0943E-02	3
-8.395	38.887	5.0862E-02	3
-8.341	38.886	4.9112E-02	3
-8.288	38.884	5.1556E-02	3
-8.671	38.877	6.4216E-02	3
-8.615	38.875	6.0115E-02	3
-8.559	38.874	5.7082E-02	3
-8.505	38.872	4.5813E-02	3
-8.450	38.871	4.7404E-02	3
-8.395	38.869	5.3091E-02	3
-8.342	38.868	5.0302E-02	3
-8.289	38.866	5.9472E-02	3
-8.678	38.952	4.9792E-02	1
-8.622	38.950	7.1109E-02	3
-8.566	38.948	6.5685E-02	2
-8.512	38.946	1.2882E-01	3
-8.456	38.944	1.0435E-01	3
-8.402	38.942	4.6964E-02	3
-8.347	38.940	5.0402E-02	3
-8.294	38.938	5.6697E-02	3
-8.678	38.934	4.4668E-02	3
-8.622	38.932	7.2054E-02	3
-8.567	38.930	9.4073E-02	3
-8.512	38.928	9.1970E-02	3
-8.457	38.926	6.2549E-02	3
-8.403	38.924	5.4216E-02	3
-8.349	38.922	5.8217E-02	3
-8.295	38.920	5.3251E-02	3
-8.678	38.916	8.6942E-02	2
-8.622	38.914	7.3888E-02	2
-8.567	38.912	5.5851E-02	2
-8.512	38.910	5.4138E-02	3
-8.457	38.908	4.8429E-02	3
-8.403	38.906	4.6960E-02	3
-8.349	38.904	4.8528E-02	3
-8.296	38.902	5.0963E-02	3
-8.679	38.897	6.5098E-02	3
-8.623	38.896	6.1906E-02	3
-8.567	38.894	4.5784E-02	3
-8.512	38.892	4.5383E-02	3
-8.457	38.890	4.9546E-02	3
-8.403	38.888	5.1992E-02	3
-8.349	38.887	4.8207E-02	3
-8.296	38.885	5.0925E-02	3
-8.679	38.879	7.4223E-02	1
-8.623	38.878	6.1184E-02	2
-8.568	38.876	5.7929E-02	2
-8.513	38.874	4.7878E-02	3
-8.458	38.872	4.6632E-02	3
-8.403	38.870	5.7006E-02	3
-8.350	38.869	5.0759E-02	3
-8.297	38.867	5.9740E-02	3
-8.680	38.861	3.5777E-02	3
-8.624	38.859	6.0825E-02	3
-8.568	38.858	5.8030E-02	3
-8.513	38.856	5.1261E-02	3
-8.459	38.854	5.3323E-02	3
-8.404	38.853	5.0513E-02	3
-8.350	38.851	5.0616E-02	3
-8.297	38.849	5.4277E-02	3
-8.681	38.843	3.7699E-02	1
-8.624	38.841	6.2146E-02	2
-8.568	38.840	7.7603E-02	2
-8.513	38.838	5.4945E-02	3
-8.459	38.836	5.4552E-02	3
-8.404	38.835	4.8581E-02	3
-8.351	38.833	4.4657E-02	3
-8.298	38.831	5.7940E-02	3
-8.682	38.825	3.8639E-02	3
-8.625	38.823	4.2940E-02	3
-8.569	38.822	6.8598E-02	3
-8.514	38.820	5.4478E-02	3
-8.459	38.819	5.3642E-02	3
-8.405	38.817	4.9495E-02	3
-8.351	38.815	4.5200E-02	3
-8.298	38.814	4.4430E-02	3
-8.682	38.807	3.6464E-02	1
-8.626	38.805	4.4644E-02	2
-8.571	38.804	5.0444E-02	2
-8.516	38.802	5.2933E-02	3
-8.461	38.801	5.2537E-02	3
-8.406	38.799	5.8322E-02	3
-8.352	38.798	4.2839E-02	3
-8.298	38.796	6.0323E-02	3
-8.682	38.789	5.8185E-02	3
-8.627	38.787	5.4912E-02	3
-8.571	38.786	4.0507E-02	3
-8.516	38.784	4.5974E-02	3
-8.462	38.783	5.3067E-02	3
-8.407	38.781	5.1373E-02	3
-8.353	38.780	6.2503E-02	3
-8.300	38.778	6.0853E-02	3
-8.686	38.863	4.1448E-02	1
-8.629	38.861	5.8899E-02	2
-8.574	38.859	6.2301E-02	1
-8.519	38.857	5.3521E-02	2
-8.465	38.855	5.4156E-02	3
-8.410	38.853	5.4625E-02	3
-8.356	38.851	5.2478E-02	3
-8.303	38.849	5.5804E-02	3
-8.250	38.847	4.9422E-02	3
-8.687	38.845	4.3666E-02	3
-8.630	38.843	5.8473E-02	3
-8.574	38.841	7.9044E-02	3
-8.519	38.839	5.6995E-02	3
-8.465	38.837	5.4663E-02	3
-8.410	38.835	5.1248E-02	3
-8.356	38.834	4.5641E-02	3
-8.304	38.832	5.6219E-02	3
-8.251	38.830	7.1637E-02	3
-8.687	38.827	4.5647E-02	1
-8.631	38.825	4.6434E-02	2
-8.575	38.823	7.1245E-02	1
-8.520	38.821	5.8076E-02	2
-8.465	38.820	5.5427E-02	3
-8.411	38.818	5.0533E-02	3
-8.357	38.816	4.7367E-02	3
-8.304	38.814	4.4520E-02	3
-8.251	38.812	6.0508E-02	3
-8.688	38.809	3.4435E-02	3
-8.632	38.807	4.4111E-02	3
-8.576	38.805	5.2266E-02	3
-8.521	38.803	5.4812E-02	3
-8.466	38.802	5.2588E-02	3
-8.411	38.800	6.0358E-02	3
-8.357	38.798	4.4099E-02	3
-8.304	38.796	6.0805E-02	3
-8.251	38.794	6.3437E-02	3
-8.688	38.791	4.9766E-02	1
-8.632	38.789	5.6052E-02	2
-8.577	38.787	4.2364E-02	1
-8.522	38.785	4.5131E-02	2
-8.467	38.784	5.4346E-02	3
-8.412	38.782	5.3023E-02	3
-8.359	38.780	6.1487E-02	3
-8.305	38.778	6.4604E-02	3
-8.252	38.776	5.8448E-02	3
-8.688	38.773	1.2357E-01	3
-8.633	38.771	7.0685E-02	3
-8.577	38.769	5.6444E-02	3
-8.522	38.768	5.1972E-02	3
-8.467	38.766	5.0991E-02	3
-8.413	38.764	5.6223E-02	3
-8.360	38.762	6.3514E-02	3
-8.306	38.761	5.8153E-02	3
-8.252	38.759	6.1751E-02	3
-8.689	38.754	1.0753E-01	1
-8.633	38.753	7.5752E-02	2
-8.578	38.751	5.7886E-02	1
-8.523	38.750	5.8552E-02	2
-8.468	38.748	4.8566E-02	2
-8.414	38.746	4.4849E-02	3
-8.360	38.745	6.6162E-02	3
-8.306	38.743	5.0770E-02	3
-8.253	38.741	4.8245E-02	3
-8.690	38.736	6.2767E-02	3
-8.634	38.735	8.5964E-02	3
-8.578	38.733	6.0736E-02	3
-8.524	38.732	6.0533E-02	3
-8.469	38.730	5.3146E-02	3
-8.415	38.728	5.2754E-02	3
-8.360	38.727	6.9323E-02	3
-8.306	38.725	6.5689E-02	3
-8.253	38.723	5.2639E-02	3
-8.690	38.718	8.7772E-02	1
-8.634	38.717	6.6128E-02	2
-8.579	38.715	4.8029E-02	1
-8.524	38.714	4.3391E-02	2
-8.470	38.712	4.3349E-02	2
-8.416	38.711	5.5960E-02	3
-8.362	38.709	5.3824E-02	3
-8.307	38.707	5.5033E-02	3
-8.254	38.706	5.6736E-02	3
-8.691	38.700	8.8128E-02	3
-8.635	38.699	8.4880E-02	3
-8.579	38.697	6.5369E-02	3
-8.524	38.696	4.0009E-02	3
-8.470	38.694	5.5491E-02	3
-8.416	38.693	6.0425E-02	3
-8.362	38.691	4.7995E-02	3
-8.309	38.690	3.9840E-02	3
-8.255	38.688	5.0781E-02	3
-8.697	38.775	7.3069E-02	1
-8.641	38.773	6.9712E-02	2
-8.585	38.771	5.9967E-02	1
-8.530	38.769	5.0979E-02	2
-8.476	38.767	5.2463E-02	3
-8.422	38.765	5.3047E-02	3
-8.368	38.763	6.1958E-02	3
-8.314	38.761	6.6673E-02	3
-8.261	38.759	5.5655E-02	3
-8.697	38.757	8.5797E-02	3
-8.641	38.755	9.0392E-02	3
-8.586	38.753	5.9368E-02	3
-8.531	38.751	5.4723E-02	3
-8.476	38.749	5.0672E-02	3
-8.422	38.747	4.4531E-02	3
-8.368	38.745	6.5188E-02	3
-8.314	38.743	5.6242E-02	3
-8.261	38.741	4.6989E-02	3
-8.698	38.739	4.9011E-02	1
-8.642	38.737	8.2189E-02	2
-8.586	38.735	6.4229E-02	1
-8.532	38.733	6.4085E-02	2
-8.477	38.731	5.7622E-02	3
-8.423	38.729	5.2334E-02	3
-8.368	38.727	6.6741E-02	3
-8.314	38.725	6.7655E-02	3
-8.261	38.724	5.3329E-02	3
-8.698	38.721	7.0006E-02	3
-8.642	38.719	7.2132E-02	3
-8.587	38.717	5.3235E-02	3
-8.532	38.715	4.5810E-02	3
-8.478	38.713	4.1360E-02	3
-8.424	38.712	5.5450E-02	3
-8.370	38.710	5.7058E-02	3
-8.315	38.708	5.6953E-02	3
-8.262	38.706	5.8268E-02	3
-8.699	38.702	9.4061E-02	1
-8.643	38.701	7.9999E-02	2
-8.587	38.699	6.8088E-02	1
-8.532	38.697	4.0514E-02	2
-8.478	38.695	4.9261E-02	3
-8.424	38.694	6.2894E-02	3
-8.370	38.692	4.9205E-02	3
-8.317	38.690	4.2209E-02	3
-8.263	38.688	4.8388E-02	3
-8.700	38.684	8.8501E-02	3
-8.644	38.683	1.1490E-01	3
-8.588	38.681	9.0047E-02	3
-8.533	38.679	6.0008E-02	3
-8.478	38.678	1.1816E-01	3
-8.424	38.676	8.5648E-02	3
-8.371	38.674	5.5410E-02	3
-8.317	38.672	3.8661E-02	3
-8.264	38.670	4.8787E-02	3
-8.700	38.666	8.3447E-02	1
-8.644	38.665	8.3933E-02	2
-8.589	38.663	6.9564E-02	1
-8.534	38.661	4.5538E-02	2
-8.479	38.660	7.4746E-02	2
-8.425	38.658	7.3682E-02	3
-8.371	38.656	6.7279E-02	3
-8.317	38.654	5.0395E-02	3
-8.264	38.653	6.3967E-02	3
-8.701	38.648	1.1025E-01	3
-8.645	38.647	7.1799E-02	3
-8.589	38.645	4.7081E-02	3
-8.535	38.643	3.9082E-02	3
-8.480	38.642	5.8657E-02	3
-8.425	38.640	5.7969E-02	3
-8.371	38.638	4.9455E-02	3
-8.317	38.637	4.5879E-02	3
-8.264	38.635	4.7479E-02	3
-8.702	38.630	1.1532E-01	1
-8.646	38.628	5.2323E-02	2
-8.590	38.627	3.4144E-02	1
-8.536	38.625	4.1976E-02	2
-8.481	38.624	5.2053E-02	2
-8.426	38.622	5.7747E-02	2
-8.372	38.621	4.6724E-02	3
-8.318	38.619	4.5335E-02	3
-8.264	38.617	4.6577E-02	3
-8.703	38.612	1.3403E-01	3
-8.647	38.610	6.9262E-02	3
-8.592	38.609	4.8805E-02	3
-8.537	38.607	4.4790E-02	3
-8.482	38.606	5.2842E-02	3
-8.427	38.604	5.9783E-02	3
-8.373	38.603	4.3717E-02	3
-8.318	38.601	4.7692E-02	3
-8.264	38.600	4.3120E-02	3
-8.706	38.686	9.0950E-02	1
-8.650	38.684	1.1618E-01	3
-8.594	38.682	1.0014E-01	1
-8.539	38.680	5.9350E-02	2
-8.484	38.678	1.1549E-01	1
-8.430	38.676	9.4927E-02	2
-8.377	38.674	5.9324E-02	2
-8.323	38.672	4.1901E-02	3
-8.270	38.670	4.6836E-02	3
-8.706	38.668	8.3842E-02	3
-8.650	38.666	9.5723E-02	3
-8.594	38.664	7.3719E-02	3
-8.539	38.662	4.5106E-02	3
-8.485	38.661	7.6107E-02	3
-8.430	38.659	7.5232E-02	3
-8.376	38.657	6.9483E-02	3
-8.323	38.655	5.2990E-02	3
-8.270	38.653	6.1337E-02	3
-8.707	38.650	1.0612E-01	1
-8.651	38.648	7.8657E-02	3
-8.595	38.646	5.3741E-02	1
-8.540	38.645	3.8929E-02	2
-8.486	38.643	6.0625E-02	2
-8.431	38.641	5.8614E-02	2
-8.377	38.639	5.2300E-02	2
-8.323	38.637	4.7196E-02	3
-8.270	38.635	4.6583E-02	3
-8.707	38.632	1.1066E-01	3
-8.652	38.630	6.0339E-02	3
-8.596	38.628	3.2698E-02	3
-8.541	38.627	4.1590E-02	3
-8.487	38.625	5.3056E-02	3
-8.432	38.623	5.9995E-02	3
-8.377	38.621	4.8688E-02	3
-8.324	38.619	4.6582E-02	3
-8.270	38.617	4.7168E-02	3
-8.708	38.614	1.4443E-01	1
-8.653	38.612	7.5740E-02	3
-8.597	38.610	5.0698E-02	1
-8.542	38.609	4.6414E-02	2
-8.488	38.607	5.2059E-02	1
-8.433	38.605	6.3204E-02	2
-8.379	38.603	4.5383E-02	2
-8.324	38.601	4.8721E-02	2
-8.270	38.599	4.4909E-02	3
-8.709	38.596	1.0857E-01	3
-8.654	38.594	8.5229E-02	3
-8.598	38.592	5.5945E-02	3
-8.543	38.591	6.6450E-02	3
-8.489	38.589	5.1033E-02	3
-8.434	38.587	5.2383E-02	3
-8.379	38.585	4.8100E-02	3
-8.325	38.584	5.3124E-02	3
-8.272	38.582	4.7539E-02	3
-8.710	38.578	6.8118E-02	2
-8.654	38.576	5.1950E-02	3
-8.599	38.574	5.1331E-02	2
-8.543	38.573	4.6856E-02	3
-8.489	38.571	4.0325E-02	2
-8.434	38.569	4.8764E-02	2
-8.379	38.568	5.3028E-02	2
-8.326	38.566	5.6389E-02	2
-8.273	38.564	4.2724E-02	2
-8.711	38.560	4.3405E-02	3
-8.654	38.558	4.5208E-02	3
-8.599	38.556	4.2895E-02	3
-8.544	38.555	3.2036E-02	3
-8.490	38.553	3.7379E-02	3
-8.435	38.551	5.7365E-02	3
-8.380	38.550	5.6521E-02	3
-8.327	38.548	5.7836E-02	3
-8.274	38.546	4.8564E-02	3
-8.711	38.541	3.9939E-02	2
-8.655	38.540	3.8654E-02	3
-8.599	38.538	4.0735E-02	2
-8.545	38.537	3.4470E-02	3
-8.491	38.535	4.6928E-02	2
-8.436	38.534	5.5275E-02	2
-8.381	38.532	6.3752E-02	2
-8.327	38.530	5.6856E-02	2
-8.276	38.529	4.7403E-02	1
-8.712	38.523	4.0697E-02	3
-8.656	38.522	3.6729E-02	3
-8.600	38.520	4.6906E-02	3
-8.546	38.519	4.1369E-02	3
-8.492	38.517	5.2614E-02	3
-8.437	38.516	6.1334E-02	3
-8.383	38.514	4.7056E-02	3
-8.329	38.513	4.7497E-02	3
-8.277	38.511	4.3312E-02	3
-8.718	38.599	9.1306E-02	2
-8.662	38.597	9.1806E-02	3
-8.606	38.595	5.5249E-02	1
-8.552	38.593	5.9580E-02	2
-8.497	38.591	5.3732E-02	1
-8.442	38.589	5.4090E-02	2
-8.387	38.586	5.2005E-02	2
-8.334	38.584	4.8715E-02	3
-8.280	38.582	4.9291E-02	3
-8.719	38.581	6.8374E-02	3
-8.663	38.579	5.5148E-02	3
-8.607	38.577	5.2388E-02	3
-8.552	38.575	4.8214E-02	3
-8.497	38.573	4.4417E-02	3
-8.443	38.571	4.8556E-02	3
-8.388	38.569	5.0419E-02	3
-8.334	38.567	5.7192E-02	3
-8.281	38.565	4.2949E-02	3
-8.719	38.562	4.7236E-02	1
-8.663	38.560	4.5243E-02	3
-8.607	38.559	4.3206E-02	1
-8.552	38.557	3.4335E-02	2
-8.498	38.555	3.5197E-02	1
-8.444	38.553	5.4611E-02	2
-8.389	38.551	5.4503E-02	2
-8.335	38.549	5.7060E-02	3
-8.282	38.547	5.0590E-02	3
-8.720	38.544	3.7193E-02	3
-8.663	38.542	3.9093E-02	3
-8.608	38.541	4.0265E-02	3
-8.553	38.539	3.3597E-02	3
-8.499	38.537	4.4403E-02	3
-8.444	38.535	5.1737E-02	3
-8.390	38.533	6.4618E-02	3
-8.336	38.531	5.5979E-02	3
-8.284	38.529	4.9762E-02	3
-8.720	38.526	4.2870E-02	1
-8.664	38.524	3.5233E-02	3
-8.608	38.523	4.7847E-02	1
-8.554	38.521	3.9169E-02	2
-8.500	38.519	5.4214E-02	1
-8.445	38.517	6.1753E-02	2
-8.391	38.515	5.2282E-02	1
-8.337	38.513	4.5784E-02	2
-8.285	38.512	4.4459E-02	3
-8.721	38.508	4.0027E-02	3
-8.664	38.506	3.8330E-02	3
-8.609	38.504	4.3853E-02	3
-8.555	38.503	3.8429E-02	3
-8.501	38.501	4.7285E-02	3
-8.446	38.499	5.4467E-02	3
-8.392	38.497	4.5608E-02	3
-8.338	38.496	5.9863E-02	3
-8.286	38.494	6.0615E-02	3
-8.722	38.490	3.9862E-02	2
-8.665	38.488	3.8161E-02	3
-8.610	38.487	4.3327E-02	2
-8.555	38.485	4.4228E-02	3
-8.501	38.483	4.8000E-02	1
-8.446	38.481	4.2808E-02	2
-8.393	38.480	4.3384E-02	2
-8.340	38.478	4.9182E-02	2
-8.286	38.476	6.0911E-02	1
-8.723	38.472	4.7561E-02	3
-8.666	38.470	4.7779E-02	3
-8.612	38.469	4.6367E-02	3
-8.556	38.467	4.8124E-02	3
-8.502	38.465	4.3224E-02	3
-8.448	38.464	5.1956E-02	3
-8.395	38.462	5.1554E-02	3
-8.340	38.460	5.2681E-02	3
-8.287	38.458	6.8977E-02	3
-8.723	38.454	4.3464E-02	1
-8.667	38.452	4.5013E-02	3
-8.612	38.450	4.7323E-02	2
-8.557	38.449	4.1015E-02	3
-8.503	38.447	4.6983E-02	2
-8.449	38.446	6.7118E-02	3
-8.396	38.444	6.2537E-02	2
-8.342	38.442	5.0471E-02	2
-8.288	38.441	6.5937E-02	1
-8.724	38.435	3.4010E-02	3
-8.668	38.434	5.3523E-02	3
-8.613	38.432	5.5831E-02	3
-8.558	38.431	4.4394E-02	3
-8.504	38.429	4.6556E-02	3
-8.450	38.428	6.4215E-02	3
-8.397	38.426	4.9129E-02	3
-8.343	38.425	4.6250E-02	3
-8.290	38.423	5.6494E-02	3
-8.727	38.510	4.2820E-02	2
-8.670	38.508	3.8408E-02	3
-8.614	38.506	4.6524E-02	1
-8.560	38.504	4.0218E-02	2
-8.506	38.502	4.9390E-02	2
-8.451	38.500	5.5326E-02	3
-8.398	38.498	4.8495E-02	2
-8.344	38.496	5.9526E-02	2
-8.291	38.494	6.2778E-02	2
-8.727	38.492	3.8842E-02	3
-8.671	38.490	3.9519E-02	3
-8.615	38.488	4.2946E-02	3
-8.561	38.486	4.4502E-02	3
-8.506	38.484	4.8430E-02	3
-8.452	38.482	4.5163E-02	3
-8.398	38.480	4.4668E-02	3
-8.345	38.478	4.8424E-02	3
-8.292	38.476	6.0656E-02	3
-8.728	38.474	4.5951E-02	3
-8.672	38.472	4.8225E-02	3
-8.617	38.470	4.7600E-02	2
-8.561	38.468	4.9426E-02	3
-8.507	38.466	4.5381E-02	1
-8.453	38.464	5.0921E-02	2
-8.400	38.462	5.2968E-02	2
-8.346	38.460	5.1432E-02	3
-8.293	38.458	6.9001E-02	2
-8.728	38.456	4.4528E-02	3
-8.672	38.454	4.3983E-02	3
-8.617	38.452	5.0265E-02	3
-8.562	38.450	4.1447E-02	3
-8.508	38.448	4.7116E-02	3
-8.454	38.446	6.8231E-02	3
-8.401	38.444	6.5465E-02	3
-8.347	38.442	5.1349E-02	3
-8.294	38.441	6.4650E-02	3
-8.729	38.437	3.6781E-02	2
-8.673	38.436	5.0406E-02	3
-8.618	38.434	5.6805E-02	2
-8.563	38.432	4.2008E-02	3
-8.509	38.430	4.7479E-02	2
-8.455	38.428	6.2971E-02	3
-8.402	38.427	5.3659E-02	2
-8.348	38.425	4.5362E-02	3
-8.296	38.423	5.8165E-02	2
-8.730	38.419	6.9155E-02	3
-8.674	38.418	7.4524E-02	3
-8.619	38.416	7.8267E-02	3
-8.565	38.414	6.5296E-02	3
-8.510	38.412	5.5321E-02	3
-8.456	38.411	7.1628E-02	3
-8.403	38.409	5.5566E-02	3
-8.349	38.407	4.7868E-02	3
-8.296	38.405	6.9499E-02	3
-8.730	38.401	1.5444E-01	3
-8.675	38.400	1.0080E-01	3
-8.620	38.398	7.6031E-02	2
-8.565	38.396	7.9930E-02	3
-8.511	38.394	7.4329E-02	3
-8.457	38.393	8.0517E-02	3
-8.403	38.391	6.5708E-02	2
-8.350	38.389	6.4837E-02	3
-8.297	38.388	7.5760E-02	2
-8.730	38.383	1.3639E-01	3
-8.675	38.381	1.1536E-01	3
-8.620	38.380	7.2655E-02	3
-8.565	38.378	8.9770E-02	3
-8.511	38.377	1.1548E-01	3
-8.457	38.375	7.3602E-02	3
-8.403	38.373	6.0559E-02	3
-8.350	38.372	5.9085E-02	3
-8.298	38.370	6.3117E-02	3
-8.731	38.365	9.2481E-02	2
-8.675	38.363	1.1728E-01	3
-8.620	38.362	6.8549E-02	2
-8.566	38.360	5.5223E-02	3
-8.512	38.359	7.8242E-02	3
-8.458	38.357	5.0204E-02	3
-8.404	38.355	4.4840E-02	3
-8.351	38.354	4.3474E-02	3
-8.299	38.352	5.1824E-02	3
-8.738	38.422	5.6978E-02	2
-8.683	38.420	6.6754E-02	3
-8.628	38.418	7.7861E-02	1
-8.573	38.416	6.5975E-02	2
-8.518	38.414	5.5940E-02	2
-8.464	38.412	6.7627E-02	3
-8.411	38.410	6.5890E-02	2
-8.358	38.408	4.1977E-02	2
-8.305	38.406	6.4203E-02	2
-8.251	38.403	6.1108E-02	2
-8.739	38.404	1.2975E-01	3
-8.683	38.402	1.0290E-01	3
-8.628	38.400	7.5832E-02	3
-8.574	38.398	7.9104E-02	3
-8.519	38.396	7.6242E-02	3
-8.465	38.394	8.0083E-02	3
-8.412	38.392	6.8788E-02	3
-8.358	38.390	6.2740E-02	3
-8.306	38.388	7.3261E-02	3
-8.252	38.386	8.0143E-02	3
-8.739	38.386	1.4660E-01	3
-8.683	38.384	1.2308E-01	3
-8.628	38.382	7.2881E-02	2
-8.574	38.380	8.4535E-02	3
-8.520	38.378	1.0842E-01	1
-8.466	38.376	7.8240E-02	2
-8.411	38.374	5.9087E-02	2
-8.358	38.372	6.2008E-02	3
-8.306	38.370	6.2012E-02	2
-8.253	38.368	8.1176E-02	3
-8.739	38.368	8.7438E-02	3
-8.684	38.366	1.2184E-01	3
-8.629	38.364	7.2056E-02	3
-8.574	38.362	5.7860E-02	3
-8.521	38.360	7.3626E-02	3
-8.466	38.358	5.7305E-02	3
-8.412	38.356	4.7246E-02	3
-8.359	38.354	4.5748E-02	3
-8.307	38.353	5.1885E-02	3
-8.254	38.351	6.3693E-02	3
