-8.515	39.349	1.2876E-01	0
-8.479	39.347	9.6574E-02	2
-8.442	39.345	6.0471E-02	0
-8.406	39.343	6.1599E-02	2
-8.372	39.341	7.5493E-02	0
-8.337	39.340	9.1093E-02	2
-8.302	39.338	1.4934E-01	0
-8.267	39.336	1.0753E-01	2
-8.807	39.349	8.7018E-02	0
-8.769	39.347	1.0224E-01	3
-8.732	39.345	1.1345E-01	0
-8.696	39.343	1.0403E-01	3
-8.660	39.341	1.3284E-01	0
-8.624	39.340	1.1151E-01	3
-8.588	39.338	1.3785E-01	0
-8.552	39.336	1.2434E-01	3
-8.517	39.334	1.2948E-01	0
-8.481	39.332	1.5157E-01	3
-8.444	39.330	1.0825E-01	0
-8.408	39.328	7.6073E-02	3
-8.374	39.327	1.0208E-01	0
-8.339	39.325	1.2410E-01	3
-8.304	39.323	1.3519E-01	0
-8.269	39.321	9.4042E-02	3
-8.487	39.348	1.0242E-01	2
-8.450	39.346	6.9519E-02	0
-8.414	39.344	5.7929E-02	2
-8.379	39.342	7.6175E-02	0
-8.344	39.340	7.3666E-02	2
-8.310	39.338	1.5870E-01	0
-8.275	39.336	1.0895E-01	2
-8.777	39.350	9.3226E-02	3
-8.739	39.348	1.1054E-01	0
-8.703	39.346	1.0790E-01	3
-8.667	39.344	1.2708E-01	0
-8.631	39.342	1.1282E-01	3
-8.595	39.340	1.2730E-01	0
-8.560	39.338	1.3129E-01	3
-8.524	39.336	1.2841E-01	0
-8.488	39.333	1.4659E-01	3
-8.452	39.331	1.2507E-01	0
-8.416	39.329	6.6940E-02	3
-8.381	39.327	1.0654E-01	0
-8.346	39.325	1.0924E-01	3
-8.311	39.323	1.5696E-01	0
-8.276	39.321	8.6053E-02	3
-9.041	39.349	8.4066E-02	0
-9.002	39.347	9.2477E-02	2
-8.965	39.345	9.6613E-02	0
-8.927	39.343	8.5709E-02	2
-8.889	39.341	8.1636E-02	0
-8.853	39.339	1.0555E-01	2
-8.816	39.337	1.0653E-01	0
-8.777	39.335	1.1631E-01	2
-8.740	39.333	1.1312E-01	0
-8.704	39.331	1.2154E-01	2
-8.668	39.329	1.4040E-01	0
-8.632	39.327	1.2636E-01	2
-8.597	39.325	1.3262E-01	0
-8.561	39.323	1.2533E-01	2
-8.525	39.321	1.5082E-01	0
-8.489	39.319	1.2845E-01	2
-8.454	39.316	1.0283E-01	0
-8.418	39.314	1.0272E-01	2
-8.383	39.312	8.8811E-02	0
-8.347	39.310	9.6463E-02	2
-8.312	39.308	9.6080E-02	0
-8.277	39.306	1.0428E-01	2
-9.238	39.343	1.7244E-01	3
-9.200	39.341	1.7789E-01	0
-9.159	39.339	1.6616E-01	3
-9.120	39.337	1.2065E-01	0
-9.081	39.335	7.8459E-02	3
-9.042	39.333	1.0662E-01	0
-9.004	39.331	7.3948E-02	3
-8.966	39.329	7.5260E-02	0
-8.929	39.327	1.2216E-01	3
-8.891	39.325	1.2088E-01	0
-8.854	39.323	9.3260E-02	3
-8.817	39.321	1.0313E-01	0
-8.779	39.319	1.1607E-01	3
-8.742	39.317	1.1864E-01	0
-8.706	39.315	1.0218E-01	2
-8.670	39.313	1.4686E-01	0
-8.634	39.312	1.1670E-01	3
-8.598	39.310	1.2191E-01	0
-8.562	39.308	1.3365E-01	3
-8.526	39.306	1.4482E-01	0
-8.490	39.303	7.9062E-02	3
-8.454	39.301	9.8801E-02	0
-8.419	39.299	7.8121E-02	3
-8.383	39.297	1.0562E-01	0
-8.348	39.295	1.1945E-01	3
-8.313	39.293	1.0862E-01	0
-8.278	39.291	1.1666E-01	3
-9.239	39.327	2.5241E-01	3
-9.201	39.326	2.5080E-01	0
-9.160	39.324	1.7274E-01	2
-9.120	39.322	1.9319E-01	0
-9.082	39.320	1.1743E-01	2
-9.044	39.318	1.2130E-01	0
-9.005	39.316	1.0215E-01	2
-8.967	39.314	1.2065E-01	0
-8.930	39.312	1.2765E-01	2
-8.892	39.310	1.5370E-01	0
-8.855	39.308	1.2118E-01	2
-8.817	39.306	1.3953E-01	0
-8.780	39.304	1.1781E-01	2
-8.743	39.302	1.4162E-01	0
-8.707	39.300	1.0803E-01	2
-8.671	39.298	1.3446E-01	0
-8.635	39.296	1.2540E-01	2
-8.599	39.294	1.3697E-01	0
-8.563	39.293	1.1526E-01	2
-8.527	39.291	1.2807E-01	0
-8.490	39.288	7.5324E-02	2
-8.454	39.286	7.4535E-02	0
-8.419	39.285	6.4024E-02	2
-8.384	39.283	1.3864E-01	0
-8.349	39.281	6.5718E-02	2
-8.314	39.279	9.5233E-02	0
-8.280	39.277	9.8863E-02	2
-9.239	39.312	2.8757E-01	3
-9.201	39.310	2.8369E-01	0
-9.161	39.308	2.1960E-01	3
-9.121	39.306	3.0296E-01	0
-9.083	39.304	1.6185E-01	3
-9.045	39.302	1.3291E-01	0
-9.006	39.300	9.9808E-02	3
-8.968	39.298	1.0151E-01	0
-8.931	39.297	1.1123E-01	3
-8.894	39.295	1.6803E-01	0
-8.856	39.293	9.8461E-02	3
-8.818	39.291	1.2635E-01	0
-8.782	39.289	1.1730E-01	2
-8.745	39.287	1.3651E-01	0
-8.709	39.285	1.1377E-01	2
-8.672	39.283	1.3319E-01	0
-8.636	39.281	1.0748E-01	2
-8.601	39.279	1.3752E-01	0
-8.564	39.277	1.2749E-01	3
-8.528	39.276	1.0565E-01	0
-8.492	39.274	7.1801E-02	3
-8.456	39.272	1.0252E-01	0
-8.420	39.270	1.1780E-01	2
-8.385	39.268	1.0951E-01	0
-8.351	39.266	9.7395E-02	2
-8.316	39.264	1.4663E-01	0
-8.281	39.262	1.2625E-01	2
-9.240	39.296	3.2357E-01	3
-9.201	39.294	3.5954E-01	0
-9.163	39.292	1.8133E-01	3
-9.124	39.291	2.0040E-01	0
-9.084	39.289	1.7785E-01	3
-9.046	39.287	1.6170E-01	0
-9.007	39.285	1.2299E-01	3
-8.969	39.283	1.4539E-01	0
-8.932	39.281	8.1558E-02	3
-8.895	39.279	9.3562E-02	0
-8.858	39.277	9.9978E-02	2
-8.820	39.276	1.4325E-01	0
-8.783	39.274	1.1522E-01	2
-8.747	39.272	1.3330E-01	0
-8.710	39.270	1.0760E-01	2
-8.674	39.268	1.2520E-01	0
-8.638	39.266	1.1386E-01	3
-8.602	39.264	1.7031E-01	0
-8.565	39.262	1.4675E-01	3
-8.529	39.260	1.1578E-01	0
-8.493	39.259	8.8034E-02	2
-8.457	39.257	1.1649E-01	0
-8.422	39.255	8.8352E-02	2
-8.387	39.253	1.2022E-01	0
-8.352	39.251	1.1046E-01	2
-8.317	39.249	1.1930E-01	0
-8.283	39.247	1.2157E-01	2
-9.241	39.280	3.4026E-01	3
-9.203	39.279	3.5787E-01	0
-9.165	39.277	2.9452E-01	2
-9.125	39.275	2.5831E-01	0
-9.086	39.273	2.0685E-01	3
-9.047	39.271	2.0735E-01	0
-9.009	39.269	9.9189E-02	3
-8.971	39.268	1.3371E-01	0
-8.934	39.266	7.3883E-02	3
-8.896	39.264	1.1448E-01	0
-8.859	39.262	8.6015E-02	2
-8.821	39.260	1.2006E-01	0
-8.785	39.258	8.3906E-02	2
-8.748	39.257	1.2241E-01	0
-8.711	39.255	1.2757E-01	2
-8.675	39.253	1.2824E-01	0
-8.639	39.251	9.9639E-02	2
-8.603	39.249	1.5197E-01	0
-8.567	39.247	1.4276E-01	2
-8.530	39.245	1.1698E-01	0
-8.494	39.244	8.1042E-02	2
-8.458	39.242	8.3688E-02	0
-8.423	39.240	1.2873E-01	2
-8.388	39.238	9.6839E-02	0
-8.354	39.236	7.9243E-02	2
-8.319	39.234	1.1995E-01	0
-8.284	39.232	7.6986E-02	2
-8.250	39.231	9.0620E-02	0
-9.245	39.333	2.1888E-01	2
-9.207	39.330	2.4578E-01	0
-9.166	39.328	1.7713E-01	2
-9.126	39.326	1.7183E-01	0
-9.088	39.324	1.2295E-01	2
-9.050	39.322	1.1701E-01	0
-9.011	39.320	9.6167E-02	2
-8.973	39.317	1.1276E-01	0
-8.936	39.315	1.4453E-01	3
-8.898	39.313	1.4861E-01	0
-8.861	39.311	1.1804E-01	2
-8.824	39.309	1.3718E-01	0
-8.786	39.307	1.1736E-01	2
-8.749	39.304	1.4087E-01	0
-8.713	39.302	1.1209E-01	2
-8.677	39.300	1.3773E-01	0
-8.641	39.298	1.3108E-01	2
-8.605	39.296	1.3715E-01	0
-8.570	39.294	1.1732E-01	2
-8.534	39.292	1.3321E-01	0
-8.497	39.289	8.2270E-02	2
-8.461	39.287	7.5704E-02	0
-8.425	39.285	5.8000E-02	2
-8.390	39.283	1.3588E-01	0
-8.356	39.281	7.3567E-02	2
-8.321	39.278	9.2241E-02	0
-8.286	39.276	9.8175E-02	2
-8.252	39.274	1.1657E-01	0
-9.245	39.317	2.9700E-01	3
-9.207	39.315	2.7315E-01	0
-9.167	39.313	2.0483E-01	3
-9.127	39.310	2.7443E-01	0
-9.089	39.308	1.4890E-01	3
-9.051	39.306	1.4232E-01	0
-9.012	39.304	1.0933E-01	3
-8.974	39.302	1.0364E-01	0
-8.937	39.300	1.0964E-01	2
-8.900	39.298	1.6684E-01	0
-8.862	39.296	1.1431E-01	2
-8.824	39.293	1.3105E-01	0
-8.788	39.291	1.1915E-01	2
-8.751	39.289	1.3707E-01	0
-8.715	39.287	1.1804E-01	2
-8.678	39.285	1.3045E-01	0
-8.642	39.283	1.0880E-01	2
-8.607	39.281	1.3499E-01	0
-8.571	39.279	1.3027E-01	2
-8.535	39.277	1.1262E-01	0
-8.498	39.274	7.7720E-02	2
-8.462	39.272	9.5356E-02	0
-8.427	39.270	1.1311E-01	2
-8.391	39.268	1.2146E-01	0
-8.357	39.266	9.1401E-02	2
-8.322	39.264	1.4488E-01	0
-8.288	39.262	1.3126E-01	2
-8.253	39.259	1.1269E-01	0
-9.246	39.301	2.9789E-01	2
-9.207	39.299	3.5742E-01	0
-9.169	39.297	1.9797E-01	2
-9.129	39.295	2.6790E-01	0
-9.090	39.293	1.8460E-01	2
-9.051	39.291	1.4181E-01	0
-9.012	39.289	1.2146E-01	2
-8.975	39.287	1.2835E-01	0
-8.938	39.285	9.8909E-02	2
-8.901	39.282	1.0250E-01	0
-8.864	39.280	9.8788E-02	2
-8.826	39.278	1.2976E-01	0
-8.789	39.276	1.2183E-01	2
-8.752	39.274	1.3077E-01	0
-8.716	39.272	1.0625E-01	2
-8.680	39.270	1.2454E-01	0
-8.644	39.268	1.1644E-01	2
-8.608	39.266	1.6621E-01	0
-8.572	39.264	1.5531E-01	2
-8.535	39.262	1.2498E-01	0
-8.499	39.259	8.6282E-02	2
-8.463	39.257	1.1819E-01	0
-8.428	39.255	9.1671E-02	2
-8.393	39.253	1.1507E-01	0
-8.359	39.251	1.1767E-01	2
-8.324	39.249	1.1602E-01	0
-8.289	39.247	1.2085E-01	2
-8.255	39.245	1.4737E-01	0
-9.247	39.285	3.6990E-01	3
-9.208	39.283	3.8363E-01	0
-9.170	39.281	2.5302E-01	2
-9.131	39.279	2.3142E-01	0
-9.092	39.277	2.1059E-01	3
-9.053	39.275	2.2011E-01	0
-9.015	39.273	1.1710E-01	3
-8.976	39.271	1.4397E-01	0
-8.939	39.269	7.3767E-02	3
-8.902	39.267	1.1521E-01	0
-8.865	39.265	8.5234E-02	2
-8.827	39.263	1.3141E-01	0
-8.791	39.261	9.6706E-02	2
-8.754	39.259	1.2545E-01	0
-8.717	39.257	1.3421E-01	2
-8.681	39.255	1.3514E-01	0
-8.645	39.253	1.0020E-01	2
-8.609	39.251	1.4858E-01	0
-8.573	39.249	1.4673E-01	2
-8.536	39.246	1.2622E-01	0
-8.500	39.244	8.2590E-02	2
-8.465	39.242	8.6802E-02	0
-8.429	39.240	1.2189E-01	2
-8.394	39.238	1.0861E-01	0
-8.360	39.236	7.9595E-02	2
-8.325	39.234	1.1720E-01	0
-8.290	39.232	7.9423E-02	2
-8.256	39.230	9.0944E-02	0
-9.248	39.270	2.4104E-01	2
-9.209	39.268	3.8339E-01	0
-9.171	39.266	3.5410E-01	2
-9.132	39.264	3.1056E-01	0
-9.093	39.262	1.5971E-01	2
-9.054	39.260	1.5577E-01	0
-9.015	39.258	1.3019E-01	2
-8.978	39.256	1.0203E-01	0
-8.940	39.254	5.9543E-02	2
-8.903	39.252	7.7234E-02	0
-8.865	39.250	9.6133E-02	2
-8.828	39.248	1.1121E-01	0
-8.792	39.246	7.9513E-02	2
-8.755	39.244	8.5330E-02	0
-8.718	39.242	1.0225E-01	2
-8.682	39.240	1.2920E-01	0
-8.646	39.238	1.0096E-01	2
-8.610	39.236	1.3411E-01	0
-8.574	39.234	1.2410E-01	2
-8.538	39.232	1.1789E-01	0
-8.502	39.229	7.3820E-02	2
-8.466	39.227	1.0571E-01	0
-8.431	39.225	1.1381E-01	2
-8.396	39.223	1.0094E-01	0
-8.361	39.221	1.0353E-01	2
-8.326	39.219	1.4167E-01	0
-8.292	39.217	9.1798E-02	2
-8.257	39.215	9.9984E-02	0
-9.250	39.254	2.5918E-01	2
-9.210	39.252	3.6808E-01	0
-9.172	39.250	4.2383E-01	2
-9.133	39.248	3.3499E-01	0
-9.094	39.246	1.5766E-01	3
-9.055	39.244	1.9694E-01	0
-9.016	39.242	1.3551E-01	2
-8.979	39.240	1.4253E-01	0
-8.942	39.238	8.5548E-02	3
-8.904	39.236	8.0000E-02	0
-8.866	39.234	9.8215E-02	3
-8.830	39.232	9.2199E-02	0
-8.793	39.230	7.7655E-02	2
-8.756	39.228	9.1431E-02	0
-8.720	39.227	9.7665E-02	2
-8.683	39.224	1.2606E-01	0
-8.648	39.223	1.2590E-01	2
-8.611	39.221	1.5839E-01	0
-8.575	39.219	1.2868E-01	2
-8.539	39.216	1.0503E-01	0
-8.503	39.214	9.3651E-02	2
-8.468	39.212	1.1338E-01	0
-8.432	39.210	1.0271E-01	2
-8.397	39.208	9.2189E-02	0
-8.362	39.206	7.0822E-02	2
-8.328	39.204	8.4738E-02	0
-8.293	39.202	9.2988E-02	2
-8.258	39.200	8.7184E-02	0
-9.212	39.237	3.5925E-01	0
-9.173	39.235	3.5735E-01	2
-9.134	39.233	4.0083E-01	0
-9.095	39.231	1.9811E-01	2
-9.056	39.229	1.7238E-01	0
-9.017	39.227	8.8784E-02	2
-8.980	39.225	1.1337E-01	0
-8.943	39.223	7.1986E-02	2
-8.906	39.221	9.0516E-02	0
-8.868	39.219	7.8722E-02	2
-8.831	39.217	9.9234E-02	0
-8.794	39.215	8.9916E-02	2
-8.757	39.213	9.3236E-02	0
-8.721	39.211	9.5640E-02	2
-8.685	39.209	1.2330E-01	0
-8.649	39.207	1.3468E-01	2
-8.612	39.205	1.7753E-01	0
-8.576	39.203	1.3668E-01	2
-8.540	39.201	1.3967E-01	0
-8.504	39.199	1.0001E-01	2
-8.469	39.198	1.1707E-01	0
-8.434	39.196	1.2294E-01	2
-8.399	39.194	1.0461E-01	0
-8.364	39.192	8.8165E-02	2
-8.329	39.190	1.0113E-01	0
-8.294	39.188	8.0357E-02	2
-8.260	39.186	7.7349E-02	0
-9.213	39.221	3.6792E-01	0
-9.174	39.219	3.7688E-01	2
-9.135	39.217	3.9667E-01	0
-9.096	39.215	2.1459E-01	2
-9.056	39.213	1.4296E-01	0
-9.017	39.211	6.3682E-02	2
-8.981	39.209	1.2632E-01	0
-8.944	39.208	1.5856E-01	3
-8.907	39.206	1.3513E-01	0
-8.869	39.204	8.9378E-02	3
-8.832	39.202	9.6849E-02	0
-8.795	39.200	7.1319E-02	2
-8.758	39.198	1.2036E-01	0
-8.722	39.196	1.1761E-01	2
-8.686	39.194	1.2439E-01	0
-8.650	39.192	1.3715E-01	2
-8.613	39.190	1.8964E-01	0
-8.577	39.188	1.5139E-01	2
-8.541	39.186	1.4673E-01	0
-8.506	39.185	1.0442E-01	2
-8.471	39.183	1.1538E-01	0
-8.435	39.181	9.6682E-02	2
-8.400	39.179	9.9051E-02	0
-8.365	39.177	8.0404E-02	2
-8.330	39.175	8.6751E-02	0
-8.296	39.173	6.5643E-02	2
-8.261	39.171	1.0021E-01	0
-9.214	39.205	2.3961E-01	0
-9.175	39.203	2.6162E-01	2
-9.136	39.202	4.6964E-01	0
-9.097	39.200	3.3210E-01	2
-9.055	39.198	2.2232E-01	0
-9.017	39.196	5.1174E-02	2
-8.982	39.194	8.6622E-02	0
-8.945	39.192	1.1827E-01	2
-8.908	39.190	1.0614E-01	0
-8.870	39.188	7.9720E-02	2
-8.832	39.187	8.7996E-02	0
-8.796	39.185	1.0439E-01	2
-8.759	39.183	1.2812E-01	0
-8.724	39.181	1.0946E-01	2
-8.687	39.179	1.2243E-01	0
-8.651	39.177	1.2667E-01	2
-8.615	39.175	1.5774E-01	0
-8.578	39.173	1.5980E-01	2
-8.542	39.171	1.3000E-01	0
-8.507	39.170	1.3046E-01	2
-8.471	39.168	8.6867E-02	0
-8.436	39.166	8.1664E-02	2
-8.401	39.164	1.1522E-01	0
-8.366	39.162	8.6218E-02	2
-8.331	39.160	8.2970E-02	0
-8.297	39.158	7.4342E-02	2
-8.262	39.156	9.4270E-02	0
-9.215	39.190	3.9793E-01	0
-9.176	39.188	1.6865E-01	2
-9.137	39.186	2.4778E-01	0
-9.096	39.184	3.5156E-01	2
-9.053	39.182	1.5819E-01	0
-9.020	39.180	5.3185E-02	2
-8.984	39.179	8.3926E-02	0
-8.946	39.177	7.3010E-02	2
-8.908	39.175	8.3848E-02	0
-8.871	39.173	1.0178E-01	2
-8.834	39.171	1.3126E-01	0
-8.798	39.169	1.2725E-01	2
-8.761	39.168	1.7016E-01	0
-8.725	39.166	1.3546E-01	2
-8.689	39.164	1.4693E-01	0
-8.652	39.162	1.4130E-01	2
-8.616	39.160	1.5741E-01	0
-8.579	39.158	9.4212E-02	2
-8.544	39.156	1.5588E-01	0
-8.508	39.155	1.2382E-01	3
-8.472	39.153	1.1110E-01	0
-8.437	39.151	7.4371E-02	2
-8.402	39.149	1.1669E-01	0
-8.367	39.147	8.6857E-02	2
-8.333	39.145	7.8493E-02	0
-8.298	39.143	7.5556E-02	2
-8.264	39.141	9.6444E-02	0
-9.219	39.242	3.3035E-01	0
-9.180	39.240	3.5088E-01	2
-9.141	39.238	4.2952E-01	0
-9.102	39.235	2.1966E-01	2
-9.064	39.233	2.1708E-01	0
-9.024	39.231	1.3499E-01	2
-8.987	39.229	1.1695E-01	0
-8.950	39.227	8.1630E-02	2
-8.913	39.225	8.2134E-02	0
-8.875	39.222	8.8656E-02	2
-8.838	39.220	8.7715E-02	0
-8.801	39.218	8.7289E-02	2
-8.764	39.216	9.2848E-02	0
-8.728	39.214	9.2786E-02	2
-8.692	39.212	1.2716E-01	0
-8.656	39.209	1.2809E-01	2
-8.620	39.207	1.7856E-01	0
-8.584	39.205	1.3984E-01	2
-8.547	39.203	1.4509E-01	0
-8.511	39.201	1.0337E-01	2
-8.476	39.199	1.1751E-01	0
-8.441	39.196	1.1821E-01	2
-8.406	39.194	1.0624E-01	0
-8.371	39.192	9.3935E-02	2
-8.337	39.190	9.8810E-02	0
-8.302	39.188	8.3161E-02	2
-8.267	39.185	8.0078E-02	0
-9.220	39.226	3.1590E-01	0
-9.181	39.224	3.7910E-01	2
-9.142	39.222	4.3927E-01	0
-9.104	39.220	2.5000E-01	2
-9.064	39.218	1.5757E-01	0
-9.024	39.215	7.2293E-02	2
-8.988	39.213	1.1748E-01	0
-8.951	39.211	1.3500E-01	2
-8.914	39.209	1.2282E-01	0
-8.876	39.207	8.2710E-02	2
-8.839	39.205	9.9654E-02	0
-8.802	39.203	8.3931E-02	2
-8.765	39.201	1.0629E-01	0
-8.729	39.199	1.0350E-01	2
-8.693	39.196	1.3081E-01	0
-8.657	39.194	1.2301E-01	2
-8.621	39.192	1.9240E-01	0
-8.585	39.190	1.4994E-01	2
-8.548	39.188	1.6249E-01	0
-8.513	39.186	1.0640E-01	2
-8.478	39.184	1.1354E-01	0
-8.443	39.181	1.0516E-01	2
-8.408	39.179	1.0279E-01	0
-8.373	39.177	8.2864E-02	2
-8.338	39.175	8.9735E-02	0
-8.303	39.173	6.5208E-02	2
-8.268	39.171	9.8227E-02	0
-9.222	39.211	2.8078E-01	0
-9.182	39.208	2.8601E-01	2
-9.143	39.206	4.5354E-01	0
-9.105	39.204	3.2988E-01	2
-9.064	39.202	2.0364E-01	0
-9.024	39.200	6.0010E-02	2
-8.989	39.198	8.4627E-02	0
-8.952	39.196	1.3262E-01	2
-8.915	39.194	1.4044E-01	0
-8.877	39.192	8.6954E-02	2
-8.840	39.190	8.5014E-02	0
-8.803	39.188	9.2649E-02	2
-8.767	39.185	1.3326E-01	0
-8.730	39.183	1.0784E-01	2
-8.695	39.181	1.2922E-01	0
-8.658	39.179	1.2446E-01	2
-8.622	39.177	1.6137E-01	0
-8.585	39.175	1.4767E-01	2
-8.549	39.173	1.3382E-01	0
-8.514	39.171	1.3350E-01	2
-8.479	39.169	9.7145E-02	0
-8.443	39.167	7.9646E-02	2
-8.408	39.164	1.0704E-01	0
-8.373	39.162	9.4878E-02	2
-8.339	39.160	8.4627E-02	0
-8.304	39.158	7.2605E-02	2
-8.270	39.156	9.7738E-02	0
-9.222	39.195	3.3961E-01	0
-9.183	39.193	1.9352E-01	3
-9.144	39.191	2.5224E-01	0
-9.105	39.189	3.7500E-01	3
-9.062	39.186	2.4750E-01	0
-9.025	39.184	5.6747E-02	2
-8.990	39.183	8.3450E-02	0
-8.953	39.181	8.1629E-02	2
-8.916	39.178	8.3031E-02	0
-8.878	39.176	9.4040E-02	2
-8.841	39.174	1.3091E-01	0
-8.804	39.172	1.1928E-01	2
-8.768	39.170	1.6865E-01	0
-8.732	39.168	1.3321E-01	2
-8.696	39.166	1.4108E-01	0
-8.659	39.164	1.3546E-01	2
-8.623	39.162	1.5912E-01	0
-8.586	39.160	1.0269E-01	2
-8.551	39.158	1.3675E-01	0
-8.516	39.156	1.3175E-01	2
-8.480	39.154	1.1933E-01	0
-8.444	39.152	7.8157E-02	3
-8.409	39.150	1.1215E-01	0
-8.375	39.147	9.5584E-02	3
-8.340	39.145	8.4978E-02	0
-8.305	39.143	7.2590E-02	3
-8.271	39.141	1.0420E-01	0
-9.224	39.179	3.0932E-01	0
-9.184	39.177	2.8688E-01	2
-9.145	39.175	2.3138E-01	0
-9.104	39.173	2.5978E-01	2
-9.062	39.171	1.2415E-01	0
-9.028	39.169	1.0670E-01	2
-8.992	39.167	8.2128E-02	0
-8.955	39.165	7.3980E-02	2
-8.917	39.163	1.2316E-01	0
-8.879	39.161	1.0967E-01	2
-8.843	39.159	1.2053E-01	0
-8.806	39.157	1.1722E-01	2
-8.769	39.155	1.4574E-01	0
-8.733	39.153	1.3382E-01	2
-8.697	39.151	1.5293E-01	0
-8.661	39.149	1.6713E-01	2
-8.624	39.147	1.6639E-01	0
-8.587	39.145	6.9491E-02	2
-8.552	39.143	1.3807E-01	0
-8.517	39.141	1.0869E-01	2
-8.481	39.139	8.0399E-02	0
-8.446	39.137	8.4030E-02	2
-8.411	39.135	1.1543E-01	0
-8.376	39.133	8.3177E-02	2
-8.341	39.131	8.5145E-02	0
-8.307	39.129	8.5395E-02	2
-8.272	39.127	1.0677E-01	0
-9.225	39.164	2.6474E-01	0
-9.185	39.162	3.2894E-01	2
-9.146	39.160	2.6447E-01	0
-9.105	39.158	1.5655E-01	3
-9.068	39.156	1.3531E-01	0
-9.031	39.154	1.0008E-01	3
-8.993	39.152	9.4471E-02	0
-8.956	39.150	9.2322E-02	3
-8.919	39.148	1.4715E-01	0
-8.881	39.146	1.1722E-01	3
-8.844	39.144	1.1084E-01	0
-8.807	39.142	9.0958E-02	2
-8.771	39.140	1.0208E-01	0
-8.735	39.138	1.3879E-01	2
-8.698	39.136	1.6164E-01	0
-8.662	39.134	1.6473E-01	2
-8.625	39.132	1.5467E-01	0
-8.589	39.130	8.9164E-02	2
-8.554	39.128	1.3165E-01	0
-8.518	39.126	1.4453E-01	2
-8.483	39.124	9.8205E-02	0
-8.447	39.122	9.0189E-02	3
-8.412	39.120	9.8895E-02	0
-8.377	39.118	7.7061E-02	3
-8.342	39.116	1.0369E-01	0
-8.308	39.114	8.1352E-02	3
-8.274	39.112	7.8674E-02	0
-9.226	39.148	3.1440E-01	0
-9.187	39.146	2.5796E-01	2
-9.146	39.144	3.3891E-01	0
-9.107	39.142	1.6112E-01	2
-9.070	39.140	1.4919E-01	0
-9.032	39.138	1.0526E-01	2
-8.995	39.136	1.1013E-01	0
-8.957	39.134	1.0645E-01	2
-8.920	39.132	1.5011E-01	0
-8.882	39.131	1.1204E-01	2
-8.845	39.129	1.3401E-01	0
-8.809	39.127	8.6815E-02	2
-8.772	39.125	1.0799E-01	0
-8.736	39.123	1.1660E-01	2
-8.699	39.121	1.6895E-01	0
-8.663	39.119	1.3281E-01	2
-8.627	39.117	1.5692E-01	0
-8.591	39.115	1.0450E-01	2
-8.555	39.113	1.3242E-01	0
-8.519	39.111	1.4019E-01	2
-8.484	39.109	1.0991E-01	0
-8.448	39.107	9.0713E-02	2
-8.413	39.105	1.1153E-01	0
-8.378	39.103	8.4676E-02	2
-8.344	39.101	1.1038E-01	0
-8.310	39.099	9.7809E-02	2
-8.275	39.097	1.0500E-01	0
-9.227	39.132	2.8029E-01	0
-9.188	39.130	3.4980E-01	2
-9.146	39.128	2.3679E-01	0
-9.109	39.127	1.4799E-01	3
-9.071	39.125	1.2827E-01	0
-9.033	39.123	8.2753E-02	2
-8.996	39.121	1.0294E-01	0
-8.959	39.119	8.9984E-02	2
-8.921	39.117	1.2354E-01	0
-8.883	39.115	9.5993E-02	2
-8.846	39.113	1.0165E-01	0
-8.810	39.111	1.0054E-01	2
-8.774	39.109	1.4124E-01	0
-8.737	39.108	1.1371E-01	2
-8.701	39.106	1.3741E-01	0
-8.664	39.104	9.4957E-02	2
-8.628	39.102	1.1565E-01	0
-8.592	39.100	9.2492E-02	3
-8.556	39.098	1.1326E-01	0
-8.520	39.096	1.1257E-01	2
-8.485	39.094	1.1560E-01	0
-8.449	39.092	1.0550E-01	3
-8.414	39.090	1.0250E-01	0
-8.379	39.088	7.4743E-02	3
-8.345	39.086	8.3298E-02	0
-8.311	39.084	6.9461E-02	3
-8.276	39.082	8.6822E-02	0
-9.228	39.117	2.9529E-01	0
-9.187	39.115	2.0050E-01	2
-9.147	39.113	2.5365E-01	0
-9.111	39.111	1.4214E-01	3
-9.073	39.109	1.4939E-01	0
-9.034	39.107	8.4563E-02	3
-8.997	39.106	8.6705E-02	0
-8.960	39.104	8.8678E-02	3
-8.922	39.102	8.0638E-02	0
-8.885	39.100	9.1005E-02	3
-8.848	39.098	9.4032E-02	0
-8.811	39.096	1.1067E-01	2
-8.775	39.094	1.5259E-01	0
-8.738	39.092	8.9728E-02	2
-8.702	39.090	1.4480E-01	0
-8.665	39.089	1.1433E-01	2
-8.629	39.087	1.3623E-01	0
-8.593	39.085	1.2852E-01	2
-8.557	39.083	1.3588E-01	0
-8.522	39.081	8.8363E-02	3
-8.486	39.079	1.0046E-01	0
-8.451	39.077	1.0323E-01	2
-8.416	39.075	1.1146E-01	0
-8.381	39.073	6.8399E-02	2
-8.347	39.071	1.0159E-01	0
-8.312	39.069	1.2195E-01	2
-8.278	39.068	1.0616E-01	0
-9.229	39.101	3.6286E-01	0
-9.188	39.099	3.1316E-01	2
-9.149	39.097	2.1327E-01	0
-9.112	39.096	1.2782E-01	2
-9.074	39.094	1.6986E-01	0
-9.035	39.092	1.3055E-01	2
-8.998	39.090	1.4794E-01	0
-8.962	39.088	8.9191E-02	2
-8.923	39.086	9.0008E-02	0
-8.886	39.085	1.1760E-01	2
-8.849	39.083	1.3923E-01	0
-8.813	39.081	1.4557E-01	3
-8.776	39.079	1.4030E-01	0
-8.739	39.077	1.1153E-01	2
-8.703	39.075	2.0943E-01	0
-8.666	39.073	1.4066E-01	2
-8.630	39.072	1.5231E-01	0
-8.594	39.070	1.2508E-01	3
-8.559	39.068	1.0997E-01	0
-8.523	39.066	1.0366E-01	3
-8.488	39.064	1.0652E-01	0
-8.452	39.062	9.1071E-02	3
-8.417	39.060	9.8748E-02	0
-8.382	39.058	1.1139E-01	2
-8.348	39.057	1.0537E-01	0
-8.313	39.055	8.7551E-02	3
-8.279	39.053	9.4300E-02	0
-9.232	39.153	2.7950E-01	0
-9.192	39.151	2.8251E-01	2
-9.153	39.149	3.7554E-01	0
-9.113	39.146	1.7363E-01	2
-9.076	39.144	1.6068E-01	0
-9.038	39.142	1.2171E-01	2
-9.000	39.140	1.1342E-01	0
-8.963	39.138	9.8770E-02	2
-8.926	39.136	1.5604E-01	0
-8.888	39.133	1.1924E-01	2
-8.851	39.131	1.3486E-01	0
-8.814	39.129	9.4677E-02	2
-8.778	39.127	9.6316E-02	0
-8.742	39.125	1.2437E-01	2
-8.705	39.123	1.6606E-01	0
-8.669	39.120	1.4563E-01	2
-8.633	39.118	1.5632E-01	0
-8.597	39.116	1.0909E-01	2
-8.561	39.114	1.2963E-01	0
-8.525	39.112	1.4783E-01	2
-8.490	39.110	1.1682E-01	0
-8.454	39.107	8.8239E-02	2
-8.419	39.105	1.1320E-01	0
-8.384	39.103	9.0820E-02	2
-8.350	39.101	1.0221E-01	0
-8.316	39.099	1.0238E-01	2
-8.281	39.097	1.1225E-01	0
-9.233	39.137	2.8182E-01	0
-9.194	39.135	2.8532E-01	2
-9.152	39.133	2.2007E-01	0
-9.114	39.131	1.4201E-01	2
-9.077	39.129	1.3159E-01	0
-9.039	39.127	8.2088E-02	3
-9.001	39.125	1.0860E-01	0
-8.965	39.122	8.9106E-02	2
-8.927	39.120	1.2731E-01	0
-8.889	39.118	1.0215E-01	3
-8.852	39.116	1.0811E-01	0
-8.816	39.114	1.0286E-01	3
-8.779	39.112	1.2870E-01	0
-8.743	39.110	1.2424E-01	3
-8.707	39.108	1.3750E-01	0
-8.670	39.105	1.0055E-01	3
-8.634	39.103	1.1766E-01	0
-8.598	39.101	1.0279E-01	3
-8.562	39.099	1.0827E-01	0
-8.526	39.097	1.1620E-01	3
-8.491	39.095	1.1691E-01	0
-8.455	39.092	1.0657E-01	3
-8.420	39.090	1.0803E-01	0
-8.385	39.088	7.6564E-02	2
-8.351	39.086	8.6367E-02	0
-8.317	39.084	6.7131E-02	3
-8.283	39.082	9.0468E-02	0
-9.234	39.122	2.9382E-01	0
-9.194	39.120	2.5038E-01	2
-9.153	39.117	2.9917E-01	0
-9.116	39.115	1.8408E-01	2
-9.078	39.113	1.5761E-01	0
-9.040	39.111	9.2481E-02	2
-9.002	39.109	7.9746E-02	0
-8.966	39.107	9.4674E-02	2
-8.928	39.105	8.8705E-02	0
-8.890	39.103	8.7593E-02	2
-8.854	39.101	9.5543E-02	0
-8.817	39.099	1.0189E-01	2
-8.781	39.097	1.5852E-01	0
-8.744	39.095	9.6679E-02	2
-8.708	39.092	1.4034E-01	0
-8.671	39.090	1.1081E-01	2
-8.635	39.088	1.3708E-01	0
-8.599	39.086	1.2205E-01	2
-8.563	39.084	1.4483E-01	0
-8.527	39.082	9.1099E-02	2
-8.492	39.080	1.0180E-01	0
-8.457	39.078	1.0126E-01	2
-8.422	39.075	1.2012E-01	0
-8.387	39.073	7.0715E-02	2
-8.353	39.071	9.8920E-02	0
-8.318	39.069	1.1777E-01	2
-8.284	39.067	1.1157E-01	0
-9.235	39.106	3.4203E-01	0
-9.194	39.104	3.1903E-01	2
-9.154	39.102	2.2546E-01	0
-9.117	39.100	1.1902E-01	2
-9.080	39.098	1.6298E-01	0
-9.041	39.096	1.2498E-01	2
-9.003	39.094	1.4799E-01	0
-8.967	39.092	8.8475E-02	3
-8.929	39.090	9.4536E-02	0
-8.892	39.088	1.1126E-01	2
-8.855	39.086	1.3788E-01	0
-8.819	39.083	1.3419E-01	2
-8.782	39.081	1.5880E-01	0
-8.745	39.079	9.6639E-02	2
-8.709	39.077	2.0259E-01	0
-8.672	39.075	1.5107E-01	2
-8.636	39.073	1.5731E-01	0
-8.600	39.071	1.3305E-01	3
-8.565	39.069	1.1203E-01	0
-8.529	39.067	1.0802E-01	3
-8.494	39.065	1.0843E-01	0
-8.458	39.063	9.2594E-02	3
-8.423	39.061	1.0328E-01	0
-8.388	39.058	1.0641E-01	2
-8.354	39.056	1.1565E-01	0
-8.319	39.054	8.9861E-02	3
-8.285	39.052	9.5580E-02	0
-8.252	39.050	9.1068E-02	3
-9.236	39.090	3.1846E-01	0
-9.196	39.088	2.2048E-01	2
-9.157	39.086	2.1485E-01	0
-9.118	39.084	2.5831E-01	2
-9.080	39.082	1.4525E-01	0
-9.042	39.080	1.1419E-01	2
-9.004	39.078	1.5065E-01	0
-8.968	39.076	1.0398E-01	2
-8.931	39.074	8.9236E-02	0
-8.893	39.072	1.0876E-01	2
-8.857	39.070	1.7562E-01	0
-8.820	39.068	1.5662E-01	2
-8.783	39.066	1.2703E-01	0
-8.746	39.064	1.3501E-01	2
-8.710	39.062	1.8383E-01	0
-8.673	39.060	1.5588E-01	2
-8.637	39.058	1.3698E-01	0
-8.601	39.056	8.2606E-02	2
-8.566	39.054	1.0447E-01	0
-8.530	39.052	9.9931E-02	2
-8.495	39.050	1.0264E-01	0
-8.459	39.048	8.3891E-02	2
-8.424	39.046	8.2131E-02	0
-8.390	39.044	7.9388E-02	2
-8.355	39.042	9.1001E-02	0
-8.321	39.040	1.0740E-01	2
-8.287	39.038	1.1696E-01	0
-8.253	39.036	1.2705E-01	2
-9.237	39.075	3.8980E-01	0
-9.198	39.073	2.8729E-01	2
-9.158	39.071	2.6074E-01	0
-9.119	39.069	2.2041E-01	2
-9.081	39.067	1.7014E-01	0
-9.043	39.065	1.1929E-01	2
-9.006	39.063	1.3119E-01	0
-8.970	39.061	1.4729E-01	2
-8.932	39.059	9.3329E-02	0
-8.895	39.057	1.2957E-01	2
-8.858	39.055	1.5026E-01	0
-8.821	39.053	1.5547E-01	3
-8.784	39.051	1.8266E-01	0
-8.748	39.049	1.4733E-01	3
-8.711	39.047	1.8314E-01	0
-8.675	39.045	1.2636E-01	3
-8.638	39.043	1.5463E-01	0
-8.602	39.041	9.2160E-02	3
-8.566	39.039	1.0457E-01	0
-8.531	39.037	1.0126E-01	3
-8.496	39.035	1.1735E-01	0
-8.460	39.033	9.6595E-02	3
-8.426	39.031	8.0067E-02	0
-8.391	39.029	8.5803E-02	3
-8.357	39.027	9.1432E-02	0
-8.322	39.025	1.0760E-01	3
-8.289	39.023	1.5098E-01	0
-8.255	39.021	1.2653E-01	3
-9.237	39.059	3.9984E-01	0
-9.199	39.057	2.6164E-01	2
-9.160	39.055	1.9942E-01	0
-9.120	39.053	1.7285E-01	2
-9.081	39.051	1.9189E-01	0
-9.043	39.049	1.4916E-01	2
-9.007	39.047	1.4301E-01	0
-8.971	39.046	1.5272E-01	2
-8.933	39.044	1.5543E-01	0
-8.896	39.042	1.1739E-01	2
-8.859	39.040	1.2571E-01	0
-8.822	39.038	1.0158E-01	2
-8.785	39.036	1.8121E-01	0
-8.749	39.034	1.3976E-01	2
-8.712	39.032	1.6121E-01	0
-8.676	39.030	1.1103E-01	2
-8.639	39.028	1.3137E-01	0
-8.603	39.026	1.1517E-01	2
-8.568	39.024	1.6529E-01	0
-8.532	39.022	1.1165E-01	2
-8.497	39.020	1.1870E-01	0
-8.462	39.018	8.7496E-02	2
-8.427	39.016	1.1697E-01	0
-8.393	39.014	1.0670E-01	2
-8.359	39.012	1.3452E-01	0
-8.325	39.010	1.0924E-01	2
-8.290	39.008	1.4309E-01	0
-8.256	39.006	9.8293E-02	2
-9.238	39.043	3.5908E-01	0
-9.199	39.042	3.2644E-01	2
-9.160	39.040	3.4922E-01	0
-9.120	39.038	1.7672E-01	2
-9.082	39.036	1.4438E-01	0
-9.045	39.034	1.1474E-01	2
-9.008	39.032	1.3356E-01	0
-8.972	39.030	1.6611E-01	2
-8.935	39.028	1.4518E-01	0
-8.897	39.026	9.5776E-02	2
-8.860	39.024	9.3625E-02	0
-8.823	39.023	1.0155E-01	3
-8.787	39.021	1.8493E-01	0
-8.750	39.019	1.7837E-01	3
-8.714	39.017	1.5169E-01	0
-8.677	39.015	1.1474E-01	3
-8.641	39.013	1.2270E-01	0
-8.605	39.011	1.1381E-01	3
-8.569	39.009	1.0711E-01	0
-8.534	39.007	8.9508E-02	3
-8.498	39.005	1.0964E-01	0
-8.464	39.003	1.2216E-01	3
-8.429	39.001	1.4224E-01	0
-8.395	38.999	1.5683E-01	3
-8.360	38.997	1.9274E-01	0
-8.326	38.995	1.2661E-01	3
-8.292	38.993	1.9123E-01	0
-8.258	38.991	1.4942E-01	3
-9.240	39.028	2.6265E-01	0
-9.199	39.026	1.9454E-01	2
-9.160	39.024	2.3846E-01	0
-9.121	39.022	1.7647E-01	2
-9.083	39.020	1.5663E-01	0
-9.046	39.018	1.2791E-01	2
-9.009	39.017	1.3653E-01	0
-8.973	39.015	1.2565E-01	2
-8.936	39.013	1.4222E-01	0
-8.899	39.011	1.2418E-01	2
-8.862	39.009	1.3770E-01	0
-8.825	39.007	1.1373E-01	2
-8.788	39.005	2.0820E-01	0
-8.751	39.003	1.7583E-01	2
-8.715	39.002	1.5061E-01	0
-8.678	39.000	1.1308E-01	2
-8.642	38.998	1.5138E-01	0
-8.606	38.996	1.3260E-01	2
-8.571	38.994	1.1538E-01	0
-8.535	38.992	1.2436E-01	2
-8.500	38.990	1.4789E-01	0
-8.466	38.988	1.4632E-01	2
-8.431	38.986	1.6219E-01	0
-8.396	38.984	1.1611E-01	2
-8.361	38.982	1.0382E-01	0
-8.326	38.981	1.0456E-01	2
-8.292	38.979	1.4380E-01	0
-8.258	38.977	1.1150E-01	2
-9.241	39.012	3.3112E-01	0
-9.201	39.010	2.3494E-01	3
-9.161	39.008	2.7053E-01	0
-9.123	39.007	1.5802E-01	3
-9.086	39.005	1.6371E-01	0
-9.048	39.003	1.4525E-01	3
-9.011	39.001	1.5533E-01	0
-8.974	38.999	1.1955E-01	2
-8.937	38.998	1.2989E-01	0
-8.900	38.996	1.1887E-01	2
-8.863	38.994	1.3908E-01	0
-8.826	38.992	1.1273E-01	3
-8.789	38.990	1.5432E-01	0
-8.752	38.988	1.5755E-01	3
-8.716	38.986	1.9726E-01	0
-8.680	38.985	1.3057E-01	3
-8.643	38.983	1.2114E-01	0
-8.608	38.981	1.1500E-01	3
-8.572	38.979	1.0271E-01	0
-8.536	38.977	1.4193E-01	3
-8.502	38.975	1.4530E-01	0
-8.467	38.973	1.7857E-01	3
-8.432	38.971	1.6302E-01	0
-8.397	38.970	1.1088E-01	3
-8.362	38.968	1.4243E-01	0
-8.328	38.966	1.2811E-01	3
-8.293	38.964	1.5175E-01	0
-8.259	38.962	1.9039E-01	3
-9.245	39.064	3.6618E-01	0
-9.206	39.062	3.1913E-01	2
-9.167	39.060	1.9094E-01	0
-9.128	39.058	1.7784E-01	2
-9.089	39.056	1.9104E-01	0
-9.051	39.053	1.3801E-01	2
-9.014	39.051	1.3231E-01	0
-8.978	39.049	1.6876E-01	2
-8.941	39.047	1.5120E-01	0
-8.904	39.045	1.3912E-01	2
-8.867	39.043	1.3451E-01	0
-8.830	39.041	1.1105E-01	2
-8.793	39.038	1.8746E-01	0
-8.756	39.036	1.4440E-01	2
-8.720	39.034	1.7700E-01	0
-8.683	39.032	1.2163E-01	2
-8.647	39.030	1.4719E-01	0
-8.611	39.027	1.0203E-01	2
-8.575	39.025	1.5487E-01	0
-8.540	39.023	1.2394E-01	2
-8.504	39.021	1.2144E-01	0
-8.469	39.019	9.1370E-02	2
-8.435	39.017	1.0888E-01	0
-8.400	39.014	1.1325E-01	2
-8.366	39.012	1.2636E-01	0
-8.332	39.010	1.1633E-01	2
-8.298	39.008	1.3692E-01	0
-8.264	39.006	1.0714E-01	2
-9.246	39.049	3.5321E-01	0
-9.206	39.047	3.4189E-01	3
-9.168	39.044	3.7465E-01	0
-9.128	39.042	1.8244E-01	3
-9.089	39.040	1.4784E-01	0
-9.052	39.038	1.2805E-01	3
-9.015	39.036	1.3069E-01	0
-8.979	39.034	1.5905E-01	3
-8.942	39.032	1.5718E-01	0
-8.905	39.030	9.1265E-02	3
-8.868	39.027	8.3217E-02	0
-8.831	39.025	7.7615E-02	3
-8.794	39.023	1.7404E-01	0
-8.757	39.021	1.6681E-01	3
-8.721	39.019	1.6618E-01	0
-8.685	39.017	1.0850E-01	3
-8.648	39.015	1.2906E-01	0
-8.612	39.012	1.0426E-01	3
-8.576	39.010	1.2038E-01	0
-8.541	39.008	9.6254E-02	3
-8.506	39.006	1.0023E-01	0
-8.471	39.004	1.1908E-01	3
-8.437	39.002	1.3610E-01	0
-8.402	39.000	1.5275E-01	3
-8.368	38.997	1.9236E-01	0
-8.333	38.995	1.3628E-01	3
-8.299	38.993	1.7750E-01	0
-8.265	38.991	1.5254E-01	3
-9.247	39.033	2.7890E-01	0
-9.206	39.031	1.9562E-01	2
-9.168	39.029	2.1411E-01	0
-9.128	39.027	2.2024E-01	2
-9.090	39.025	1.4634E-01	0
-9.052	39.022	1.2169E-01	2
-9.016	39.020	1.4277E-01	0
-8.980	39.018	1.2814E-01	2
-8.943	39.016	1.5073E-01	0
-8.906	39.014	1.2523E-01	2
-8.869	39.012	1.4741E-01	0
-8.832	39.010	1.1289E-01	2
-8.795	39.008	2.0803E-01	0
-8.758	39.006	1.8743E-01	2
-8.722	39.004	1.6183E-01	0
-8.686	39.002	1.1119E-01	2
-8.649	38.999	1.4829E-01	0
-8.613	38.997	1.4094E-01	2
-8.578	38.995	1.2579E-01	0
-8.542	38.993	1.1405E-01	2
-8.507	38.991	1.4787E-01	0
-8.473	38.989	1.4007E-01	2
-8.438	38.987	1.6770E-01	0
-8.403	38.985	1.2187E-01	2
-8.369	38.983	1.1210E-01	0
-8.334	38.980	9.5044E-02	2
-8.300	38.978	1.5249E-01	0
-8.266	38.976	1.0354E-01	2
-9.247	39.017	3.8719E-01	0
-9.207	39.015	2.6271E-01	3
-9.169	39.013	3.1112E-01	0
-9.129	39.011	1.5131E-01	3
-9.092	39.009	1.7028E-01	0
-9.055	39.007	1.4281E-01	3
-9.018	39.005	1.6435E-01	0
-8.981	39.003	1.2444E-01	3
-8.944	39.001	1.2949E-01	0
-8.907	38.999	1.1728E-01	3
-8.870	38.997	1.4442E-01	0
-8.833	38.995	1.1538E-01	3
-8.796	38.993	1.5438E-01	0
-8.760	38.991	1.6505E-01	3
-8.723	38.989	1.9766E-01	0
-8.687	38.987	1.2966E-01	3
-8.651	38.984	1.3476E-01	0
-8.615	38.982	1.1011E-01	3
-8.579	38.980	1.0466E-01	0
-8.544	38.978	1.3199E-01	3
-8.509	38.976	1.5133E-01	0
-8.474	38.974	1.7006E-01	3
-8.439	38.972	1.8395E-01	0
-8.404	38.970	1.1547E-01	3
-8.370	38.968	1.3527E-01	0
-8.335	38.966	1.3393E-01	3
-8.301	38.964	1.4636E-01	0
-8.266	38.962	1.9070E-01	3
-9.249	39.002	2.5149E-01	0
-9.209	39.000	1.8216E-01	2
-9.169	38.998	2.7461E-01	0
-9.131	38.996	2.0325E-01	2
-9.094	38.994	2.1385E-01	0
-9.057	38.992	1.5071E-01	2
-9.019	38.990	1.4786E-01	0
-8.982	38.988	1.0700E-01	2
-8.946	38.986	1.2918E-01	0
-8.908	38.984	1.3079E-01	2
-8.871	38.982	1.2967E-01	0
-8.834	38.980	1.2331E-01	2
-8.798	38.978	1.4118E-01	0
-8.761	38.976	1.1415E-01	2
-8.724	38.973	1.1790E-01	0
-8.688	38.971	1.7247E-01	2
-8.652	38.969	1.1317E-01	0
-8.616	38.967	1.1965E-01	2
-8.581	38.965	1.4654E-01	0
-8.545	38.963	1.2771E-01	2
-8.511	38.961	1.9133E-01	0
-8.476	38.959	1.9130E-01	2
-8.440	38.957	1.1420E-01	0
-8.405	38.955	1.3830E-01	2
-8.371	38.953	9.9244E-02	0
-8.336	38.951	1.0282E-01	2
-8.302	38.949	1.2607E-01	0
-8.268	38.947	1.6764E-01	2
-9.210	38.984	2.3064E-01	3
-9.169	38.982	2.0165E-01	0
-9.131	38.980	1.6758E-01	3
-9.094	38.978	1.7749E-01	0
-9.057	38.976	1.2726E-01	3
-9.019	38.974	1.3154E-01	0
-8.983	38.972	1.0525E-01	3
-8.947	38.970	1.1050E-01	0
-8.909	38.968	1.1410E-01	3
-8.872	38.966	1.2977E-01	0
-8.835	38.964	1.1755E-01	3
-8.799	38.962	1.4896E-01	0
-8.762	38.960	1.2071E-01	3
-8.726	38.958	1.3807E-01	0
-8.690	38.956	1.2891E-01	3
-8.654	38.954	1.3607E-01	0
-8.618	38.952	1.1571E-01	3
-8.582	38.950	1.0303E-01	0
-8.547	38.948	1.3470E-01	3
-8.512	38.946	1.9227E-01	0
-8.477	38.944	1.7922E-01	3
-8.442	38.942	1.5500E-01	0
-8.407	38.940	1.3503E-01	3
-8.372	38.938	1.4491E-01	0
-8.337	38.936	2.0144E-01	3
-8.303	38.934	1.0833E-01	0
-8.269	38.932	1.2090E-01	3
-9.211	38.968	1.8806E-01	2
-9.171	38.966	1.9022E-01	0
-9.132	38.965	2.1092E-01	2
-9.093	38.963	2.4917E-01	0
-9.057	38.961	1.3862E-01	2
-9.020	38.959	1.3989E-01	0
-8.985	38.957	1.2061E-01	2
-8.948	38.955	1.4871E-01	0
-8.911	38.953	1.1111E-01	2
-8.874	38.951	1.3682E-01	0
-8.837	38.949	1.2640E-01	3
-8.800	38.947	1.4230E-01	0
-8.763	38.945	9.7881E-02	2
-8.727	38.943	1.1092E-01	0
-8.691	38.941	8.5891E-02	2
-8.655	38.939	1.3053E-01	0
-8.619	38.937	9.4726E-02	2
-8.584	38.935	1.3327E-01	0
-8.548	38.933	1.2776E-01	2
-8.513	38.931	1.6015E-01	0
-8.478	38.929	1.1735E-01	2
-8.443	38.927	1.5005E-01	0
-8.408	38.925	1.3530E-01	2
-8.374	38.923	1.4208E-01	0
-8.339	38.921	9.2063E-02	2
-8.305	38.919	1.5847E-01	0
-8.271	38.917	1.0847E-01	2
-9.211	38.953	1.4967E-01	3
-9.173	38.951	2.4578E-01	0
-9.134	38.949	2.0949E-01	3
-9.095	38.947	1.7185E-01	0
-9.058	38.945	1.8633E-01	2
-9.022	38.943	1.2274E-01	0
-8.986	38.942	1.0958E-01	3
-8.949	38.940	1.3446E-01	0
-8.912	38.938	1.2982E-01	3
-8.875	38.936	1.6734E-01	0
-8.838	38.934	1.1473E-01	3
-8.801	38.932	1.3575E-01	0
-8.764	38.930	9.0022E-02	3
-8.728	38.928	1.0695E-01	0
-8.691	38.926	1.0512E-01	3
-8.656	38.924	1.3560E-01	0
-8.620	38.922	9.4715E-02	3
-8.585	38.920	1.3128E-01	0
-8.549	38.918	9.1223E-02	3
-8.514	38.916	1.0293E-01	0
-8.479	38.914	7.6958E-02	3
-8.444	38.912	1.0489E-01	0
-8.409	38.911	7.8672E-02	3
-8.375	38.909	9.6273E-02	0
-8.340	38.907	1.0553E-01	3
-8.306	38.905	1.2269E-01	0
-8.272	38.903	1.1299E-01	3
-9.213	38.937	2.4066E-01	3
-9.175	38.935	2.4294E-01	0
-9.136	38.934	1.5934E-01	3
-9.097	38.932	2.0291E-01	0
-9.060	38.930	1.9296E-01	3
-9.024	38.928	1.9763E-01	0
-8.988	38.926	1.2345E-01	3
-8.950	38.924	1.4375E-01	0
-8.913	38.922	1.2398E-01	3
-8.876	38.921	1.9261E-01	0
-8.839	38.919	1.1971E-01	3
-8.802	38.917	1.1915E-01	0
-8.765	38.915	9.4180E-02	3
-8.729	38.913	1.0881E-01	0
-8.693	38.911	1.1260E-01	2
-8.657	38.909	1.7371E-01	0
-8.621	38.907	1.0403E-01	2
-8.585	38.905	9.3269E-02	0
-8.550	38.903	8.2861E-02	2
-8.515	38.901	1.1900E-01	0
-8.480	38.900	9.1549E-02	2
-8.445	38.898	1.1570E-01	0
-8.410	38.896	1.0016E-01	2
-8.376	38.894	9.6694E-02	0
-8.341	38.892	8.2613E-02	2
-8.307	38.890	1.1575E-01	0
-8.273	38.888	1.5373E-01	2
-9.214	38.922	3.1466E-01	3
-9.176	38.920	2.6924E-01	0
-9.138	38.918	1.6394E-01	3
-9.099	38.916	2.4332E-01	0
-9.061	38.914	1.7053E-01	2
-9.026	38.913	1.8550E-01	0
-8.989	38.911	1.1309E-01	3
-8.952	38.909	1.3414E-01	0
-8.914	38.907	1.0038E-01	3
-8.877	38.905	1.4700E-01	0
-8.840	38.903	1.1370E-01	3
-8.804	38.902	1.1359E-01	0
-8.767	38.900	8.5554E-02	3
-8.730	38.898	1.0094E-01	0
-8.694	38.896	1.0488E-01	3
-8.658	38.894	1.2268E-01	0
-8.622	38.892	8.7255E-02	3
-8.586	38.890	7.4634E-02	0
-8.551	38.888	1.1730E-01	3
-8.516	38.886	1.5172E-01	0
-8.481	38.885	1.1326E-01	3
-8.446	38.883	1.8567E-01	0
-8.411	38.881	1.1725E-01	3
-8.377	38.879	1.2651E-01	0
-8.342	38.877	9.9465E-02	3
-8.309	38.875	1.2498E-01	0
-8.275	38.873	8.1512E-02	3
-9.217	38.973	2.2085E-01	2
-9.176	38.971	1.9260E-01	0
-9.138	38.969	2.0757E-01	2
-9.099	38.967	2.6387E-01	0
-9.063	38.964	1.3731E-01	2
-9.026	38.962	1.4140E-01	0
-8.990	38.960	1.1916E-01	2
-8.954	38.958	1.4285E-01	0
-8.916	38.956	1.1660E-01	2
-8.879	38.954	1.3906E-01	0
-8.842	38.952	1.3320E-01	2
-8.805	38.949	1.5005E-01	0
-8.769	38.947	9.9896E-02	2
-8.732	38.945	1.1172E-01	0
-8.696	38.943	8.9624E-02	2
-8.661	38.941	1.2466E-01	0
-8.625	38.939	9.9748E-02	2
-8.590	38.936	1.2940E-01	0
-8.554	38.934	1.2573E-01	2
-8.519	38.932	1.6093E-01	0
-8.484	38.930	1.2681E-01	2
-8.448	38.928	1.4411E-01	0
-8.414	38.925	1.3152E-01	2
-8.379	38.923	1.5379E-01	0
-8.345	38.921	9.5067E-02	2
-8.311	38.919	1.4325E-01	0
-8.277	38.917	1.2409E-01	2
-9.217	38.958	1.2888E-01	2
-9.178	38.955	2.0374E-01	0
-9.139	38.953	1.7479E-01	2
-9.100	38.951	1.9071E-01	0
-9.064	38.949	1.9923E-01	2
-9.027	38.947	1.3527E-01	0
-8.991	38.945	1.0629E-01	2
-8.955	38.943	1.3545E-01	0
-8.917	38.941	1.2893E-01	3
-8.880	38.938	1.5883E-01	0
-8.843	38.936	1.2051E-01	3
-8.807	38.934	1.3702E-01	0
-8.770	38.932	1.0136E-01	3
-8.734	38.930	1.0408E-01	0
-8.697	38.928	1.0693E-01	3
-8.661	38.926	1.3851E-01	0
-8.626	38.923	9.4457E-02	3
-8.590	38.921	1.3010E-01	0
-8.555	38.919	9.9878E-02	3
-8.520	38.917	1.0257E-01	0
-8.485	38.915	8.2049E-02	3
-8.450	38.913	1.0242E-01	0
-8.415	38.911	8.0456E-02	3
-8.380	38.908	9.6397E-02	0
-8.346	38.906	1.0144E-01	3
-8.312	38.904	1.1758E-01	0
-8.278	38.902	1.1837E-01	3
-9.218	38.942	1.9006E-01	2
-9.180	38.940	2.6712E-01	0
-9.141	38.938	2.2640E-01	2
-9.102	38.936	1.8406E-01	0
-9.065	38.934	1.8840E-01	2
-9.028	38.932	1.7951E-01	0
-8.993	38.930	1.3017E-01	2
-8.956	38.927	1.5137E-01	0
-8.919	38.925	1.2314E-01	2
-8.881	38.923	1.8958E-01	0
-8.845	38.921	1.2995E-01	2
-8.808	38.919	1.1459E-01	0
-8.771	38.917	9.6828E-02	2
-8.735	38.915	1.0850E-01	0
-8.698	38.913	1.0219E-01	2
-8.662	38.910	1.7056E-01	0
-8.627	38.908	1.1276E-01	2
-8.591	38.906	9.8248E-02	0
-8.556	38.904	8.4370E-02	2
-8.521	38.902	1.1214E-01	0
-8.486	38.900	9.9705E-02	2
-8.451	38.898	1.1228E-01	0
-8.416	38.896	1.0358E-01	2
-8.381	38.894	1.0143E-01	0
-8.347	38.891	8.3610E-02	2
-8.313	38.889	1.1044E-01	0
-8.279	38.887	1.3679E-01	2
-9.219	38.926	3.1227E-01	3
-9.181	38.924	2.7177E-01	0
-9.143	38.922	1.4821E-01	3
-9.105	38.920	2.5677E-01	0
-9.066	38.918	1.7789E-01	2
-9.031	38.916	2.0883E-01	0
-8.994	38.914	1.1397E-01	2
-8.957	38.912	1.4124E-01	0
-8.920	38.910	1.0379E-01	2
-8.883	38.908	1.5784E-01	0
-8.846	38.906	1.2529E-01	3
-8.809	38.904	1.2214E-01	0
-8.772	38.902	8.5071E-02	3
-8.736	38.900	1.0303E-01	0
-8.700	38.898	1.0851E-01	3
-8.664	38.895	1.3426E-01	0
-8.628	38.893	9.7397E-02	3
-8.592	38.891	7.8007E-02	0
-8.557	38.889	1.0776E-01	3
-8.522	38.887	1.5623E-01	0
-8.487	38.885	1.0801E-01	3
-8.452	38.883	1.9702E-01	0
-8.417	38.881	1.1670E-01	3
-8.382	38.879	1.3437E-01	0
-8.348	38.877	1.0638E-01	3
-8.314	38.875	1.2529E-01	0
-8.280	38.873	8.2914E-02	3
-9.220	38.911	3.1102E-01	2
-9.182	38.909	3.1544E-01	0
-9.145	38.907	1.9468E-01	2
-9.107	38.905	1.5280E-01	0
-9.068	38.903	1.1408E-01	2
-9.033	38.901	1.6610E-01	0
-8.996	38.899	1.1862E-01	2
-8.958	38.897	1.4076E-01	0
-8.921	38.895	1.1138E-01	2
-8.884	38.893	1.2774E-01	0
-8.847	38.891	8.3560E-02	2
-8.810	38.889	1.0215E-01	0
-8.774	38.887	9.2609E-02	2
-8.737	38.884	1.1591E-01	0
-8.701	38.882	1.1970E-01	2
-8.665	38.880	1.3185E-01	0
-8.629	38.878	1.0074E-01	2
-8.593	38.876	1.4275E-01	0
-8.558	38.874	8.0937E-02	2
-8.523	38.872	9.4572E-02	0
-8.488	38.870	9.4519E-02	2
-8.453	38.868	1.5859E-01	0
-8.418	38.866	1.5186E-01	2
-8.383	38.864	1.1910E-01	0
-8.349	38.862	9.1268E-02	2
-8.316	38.860	1.2273E-01	0
-8.282	38.858	1.0548E-01	2
-9.221	38.895	3.0524E-01	3
-9.182	38.893	3.3876E-01	0
-9.144	38.891	1.9129E-01	3
-9.106	38.889	1.7070E-01	0
-9.070	38.887	1.1606E-01	2
-9.034	38.885	1.5424E-01	0
-8.997	38.883	9.0134E-02	2
-8.959	38.881	1.4811E-01	0
-8.922	38.879	1.4369E-01	3
-8.885	38.877	1.5334E-01	0
-8.848	38.875	1.0422E-01	3
-8.811	38.873	1.0518E-01	0
-8.775	38.871	1.0163E-01	3
-8.738	38.869	1.1893E-01	0
-8.702	38.867	1.0302E-01	3
-8.666	38.865	1.1761E-01	0
-8.630	38.863	1.2056E-01	3
-8.595	38.861	1.3128E-01	0
-8.559	38.859	1.0477E-01	3
-8.524	38.857	1.1031E-01	0
-8.489	38.855	1.0732E-01	3
-8.454	38.853	1.8274E-01	0
-8.419	38.851	1.6842E-01	3
-8.385	38.849	1.2825E-01	0
-8.350	38.847	9.2225E-02	3
-8.317	38.845	9.5935E-02	0
-8.283	38.843	1.3552E-01	3
-9.222	38.880	3.1563E-01	2
-9.184	38.878	3.2607E-01	0
-9.147	38.876	3.1451E-01	2
-9.110	38.874	3.0220E-01	0
-9.072	38.872	1.7594E-01	2
-9.036	38.870	1.5134E-01	0
-8.998	38.868	1.1109E-01	2
-8.961	38.866	1.5483E-01	0
-8.923	38.864	1.5176E-01	2
-8.886	38.862	1.3716E-01	0
-8.849	38.860	1.0003E-01	2
-8.812	38.858	1.0329E-01	0
-8.776	38.856	1.1738E-01	2
-8.740	38.854	1.2242E-01	0
-8.704	38.852	9.3267E-02	2
-8.667	38.850	1.2831E-01	0
-8.631	38.848	1.0918E-01	2
-8.596	38.846	1.5196E-01	0
-8.560	38.844	1.3652E-01	2
-8.525	38.842	1.3189E-01	0
-8.490	38.840	1.2294E-01	2
-8.455	38.838	1.4050E-01	0
-8.421	38.836	1.3535E-01	2
-8.386	38.834	9.8755E-02	0
-8.351	38.832	8.7940E-02	2
-8.318	38.830	9.6787E-02	0
-8.284	38.828	1.2386E-01	2
-8.250	38.826	1.4133E-01	0
-9.224	38.864	2.1135E-01	3
-9.187	38.862	3.4198E-01	0
-9.150	38.860	4.5190E-01	2
-9.112	38.858	4.0188E-01	0
-9.074	38.856	1.8880E-01	2
-9.037	38.855	9.7508E-02	0
-8.999	38.853	7.6052E-02	3
-8.962	38.851	1.2192E-01	0
-8.924	38.849	1.3666E-01	3
-8.887	38.847	1.1782E-01	0
-8.850	38.845	7.2590E-02	3
-8.814	38.843	8.5921E-02	0
-8.777	38.841	6.1001E-02	3
-8.741	38.839	9.4904E-02	0
-8.705	38.837	8.8720E-02	3
-8.669	38.835	1.2398E-01	0
-8.632	38.833	9.5371E-02	3
-8.597	38.831	1.3008E-01	0
-8.561	38.829	1.3677E-01	3
-8.526	38.827	1.4572E-01	0
-8.491	38.825	1.1073E-01	3
-8.456	38.823	1.5814E-01	0
-8.421	38.821	1.0166E-01	3
-8.387	38.820	1.4936E-01	0
-8.352	38.818	1.5207E-01	3
-8.319	38.816	1.3882E-01	0
-8.285	38.814	1.4400E-01	3
-8.251	38.812	1.9360E-01	0
-9.226	38.848	1.9560E-01	2
-9.189	38.847	2.5239E-01	0
-9.152	38.845	3.2009E-01	2
-9.113	38.843	3.4682E-01	0
-9.075	38.841	1.7918E-01	2
-9.038	38.839	7.1036E-02	0
-9.000	38.837	6.2405E-02	2
-8.963	38.835	9.3140E-02	0
-8.926	38.833	1.1515E-01	3
-8.889	38.832	1.6813E-01	0
-8.852	38.830	9.2367E-02	2
-8.815	38.828	8.8876E-02	0
-8.778	38.826	8.8810E-02	2
-8.742	38.824	9.4899E-02	0
-8.706	38.822	1.0993E-01	2
-8.670	38.820	1.1256E-01	0
-8.634	38.818	9.0750E-02	2
-8.598	38.816	1.0042E-01	0
-8.563	38.814	1.0840E-01	2
-8.528	38.812	1.3435E-01	0
-8.493	38.811	1.3449E-01	2
-8.458	38.809	1.6305E-01	0
-8.423	38.807	1.0749E-01	2
-8.388	38.805	1.6193E-01	0
-8.354	38.803	1.3232E-01	2
-8.319	38.801	1.9140E-01	0
-8.286	38.799	1.3055E-01	2
-8.252	38.797	1.4341E-01	0
-9.226	38.833	1.9904E-01	2
-9.190	38.831	2.6556E-01	0
-9.153	38.829	2.9641E-01	2
-9.114	38.827	2.7582E-01	0
-9.077	38.826	1.3922E-01	2
-9.039	38.824	6.6867E-02	0
-9.002	38.822	6.0104E-02	2
-8.964	38.820	8.7437E-02	0
-8.927	38.818	1.0613E-01	3
-8.890	38.816	1.5999E-01	0
-8.853	38.814	1.6017E-01	3
-8.816	38.813	1.1012E-01	0
-8.779	38.811	8.0588E-02	3
-8.743	38.809	1.0493E-01	0
-8.707	38.807	1.3512E-01	3
-8.671	38.805	1.2120E-01	0
-8.636	38.803	8.0673E-02	3
-8.600	38.801	1.1416E-01	0
-8.565	38.799	1.0467E-01	3
-8.529	38.798	1.1661E-01	0
-8.494	38.796	8.0527E-02	3
-8.459	38.794	1.2058E-01	0
-8.424	38.792	1.2412E-01	3
-8.390	38.790	9.9051E-02	0
-8.355	38.788	1.1039E-01	3
-8.321	38.786	1.4964E-01	0
-8.287	38.784	1.0366E-01	3
-8.253	38.782	1.7008E-01	0
-9.230	38.885	2.8403E-01	3
-9.191	38.882	3.1734E-01	0
-9.153	38.880	3.1912E-01	3
-9.116	38.878	2.7724E-01	0
-9.079	38.876	1.7187E-01	2
-9.043	38.874	1.6838E-01	0
-9.005	38.872	9.5353E-02	2
-8.968	38.870	1.4661E-01	0
-8.931	38.867	1.5742E-01	2
-8.894	38.865	1.5492E-01	0
-8.857	38.863	1.1113E-01	2
-8.820	38.861	1.0430E-01	0
-8.783	38.859	1.2139E-01	2
-8.747	38.856	1.2024E-01	0
-8.711	38.854	9.5024E-02	2
-8.675	38.852	1.2011E-01	0
-8.639	38.850	1.2228E-01	2
-8.603	38.848	1.3724E-01	0
-8.568	38.845	1.4611E-01	2
-8.532	38.843	1.2736E-01	0
-8.497	38.841	1.1650E-01	2
-8.463	38.839	1.4641E-01	0
-8.428	38.837	1.3438E-01	2
-8.393	38.834	1.0904E-01	0
-8.359	38.832	8.4186E-02	2
-8.325	38.830	9.7621E-02	0
-8.291	38.828	1.1685E-01	2
-8.258	38.826	1.5014E-01	0
-9.231	38.869	2.0325E-01	2
-9.193	38.867	3.5081E-01	0
-9.156	38.865	4.2030E-01	2
-9.119	38.863	4.3423E-01	0
-9.081	38.861	2.1753E-01	3
-9.044	38.858	1.3335E-01	0
-9.006	38.856	9.0189E-02	2
-8.969	38.854	1.2551E-01	0
-8.932	38.852	1.3476E-01	2
-8.895	38.850	1.2394E-01	0
-8.858	38.848	7.5139E-02	2
-8.821	38.846	8.8421E-02	0
-8.784	38.843	6.8930E-02	3
-8.748	38.841	9.2140E-02	0
-8.712	38.839	9.3384E-02	3
-8.676	38.837	1.1622E-01	0
-8.640	38.835	9.4417E-02	3
-8.604	38.833	1.3035E-01	0
-8.569	38.830	1.3866E-01	3
-8.534	38.828	1.4962E-01	0
-8.499	38.826	1.1272E-01	3
-8.464	38.824	1.4656E-01	0
-8.429	38.822	1.1975E-01	3
-8.394	38.820	1.3312E-01	0
-8.360	38.818	1.6027E-01	3
-8.326	38.815	1.4336E-01	0
-8.292	38.813	1.2358E-01	3
-8.258	38.811	2.1435E-01	0
-9.233	38.853	1.9458E-01	3
-9.196	38.851	2.8672E-01	0
-9.159	38.849	3.4809E-01	3
-9.120	38.847	4.0640E-01	0
-9.082	38.845	2.1656E-01	2
-9.045	38.843	7.9600E-02	0
-9.008	38.841	6.1514E-02	2
-8.970	38.839	9.8303E-02	0
-8.933	38.837	1.1063E-01	2
-8.896	38.835	1.6410E-01	0
-8.859	38.832	9.7131E-02	2
-8.822	38.830	8.3502E-02	0
-8.785	38.828	8.9904E-02	2
-8.749	38.826	8.9900E-02	0
-8.713	38.824	9.0808E-02	2
-8.677	38.822	1.1588E-01	0
-8.641	38.820	9.9834E-02	2
-8.606	38.818	1.0081E-01	0
-8.570	38.815	1.0840E-01	2
-8.535	38.813	1.3404E-01	0
-8.500	38.811	1.2823E-01	2
-8.465	38.809	1.7674E-01	0
-8.430	38.807	1.0337E-01	2
-8.396	38.805	1.6415E-01	0
-8.361	38.803	1.1976E-01	2
-8.327	38.801	2.0562E-01	0
-8.293	38.799	1.3497E-01	2
-8.259	38.796	1.4070E-01	0
-9.234	38.838	1.8768E-01	2
-9.197	38.836	2.5269E-01	0
-9.160	38.834	2.6310E-01	3
-9.122	38.832	2.6692E-01	0
-9.084	38.830	1.9074E-01	3
-9.046	38.828	7.3621E-02	0
-9.009	38.826	5.9519E-02	2
-8.971	38.823	8.3855E-02	0
-8.934	38.821	1.0188E-01	2
-8.897	38.819	1.5037E-01	0
-8.860	38.817	1.5003E-01	2
-8.823	38.815	1.1838E-01	0
-8.787	38.813	7.8734E-02	2
-8.750	38.811	9.4343E-02	0
-8.714	38.809	1.4731E-01	3
-8.679	38.807	1.2112E-01	0
-8.643	38.805	8.3214E-02	3
-8.607	38.803	1.0584E-01	0
-8.572	38.801	1.1125E-01	3
-8.537	38.798	1.2150E-01	0
-8.502	38.796	7.6313E-02	3
-8.467	38.794	1.2695E-01	0
-8.432	38.792	1.1438E-01	3
-8.397	38.790	1.1400E-01	0
-8.363	38.788	9.5727E-02	3
-8.329	38.786	1.5725E-01	0
-8.295	38.784	1.0298E-01	3
-8.261	38.782	1.6665E-01	0
-9.234	38.822	1.9129E-01	2
-9.196	38.820	2.0802E-01	0
-9.160	38.818	2.9554E-01	2
-9.122	38.816	2.6577E-01	0
-9.085	38.814	1.2253E-01	2
-9.048	38.812	6.7551E-02	0
-9.010	38.810	5.7345E-02	2
-8.973	38.808	7.7434E-02	0
-8.935	38.806	1.0203E-01	2
-8.898	38.804	1.1211E-01	0
-8.861	38.802	1.6520E-01	2
-8.824	38.800	1.2284E-01	0
-8.788	38.798	8.4957E-02	2
-8.752	38.796	1.3811E-01	0
-8.715	38.794	1.1247E-01	2
-8.679	38.792	1.4773E-01	0
-8.644	38.790	1.4026E-01	2
-8.608	38.788	1.3553E-01	0
-8.573	38.786	9.3447E-02	2
-8.538	38.784	1.2932E-01	0
-8.503	38.781	1.0209E-01	2
-8.468	38.779	1.7258E-01	0
-8.433	38.777	1.2164E-01	2
-8.399	38.775	1.0476E-01	0
-8.364	38.773	1.0297E-01	2
-8.330	38.771	1.2140E-01	0
-8.296	38.769	9.8944E-02	2
-8.262	38.767	9.2675E-02	0
-9.235	38.807	2.0985E-01	3
-9.198	38.805	3.0617E-01	0
-9.161	38.803	3.5507E-01	3
-9.123	38.801	3.0047E-01	0
-9.086	38.799	1.0509E-01	3
-9.049	38.797	6.2131E-02	0
-9.011	38.795	5.2044E-02	3
-8.974	38.793	7.5430E-02	0
-8.936	38.791	8.2366E-02	2
-8.899	38.789	8.4327E-02	0
-8.862	38.787	1.3087E-01	2
-8.825	38.785	2.1394E-01	0
-8.789	38.783	1.2366E-01	2
-8.753	38.781	1.3952E-01	0
-8.717	38.779	8.9930E-02	3
-8.681	38.777	1.6093E-01	0
-8.645	38.775	1.3144E-01	3
-8.609	38.773	1.3727E-01	0
-8.574	38.771	1.8351E-01	3
-8.538	38.769	1.4225E-01	0
-8.503	38.767	1.4587E-01	3
-8.469	38.765	1.2374E-01	0
-8.434	38.763	1.2294E-01	3
-8.400	38.760	1.1587E-01	0
-8.365	38.758	1.1606E-01	3
-8.331	38.756	1.2390E-01	0
-8.297	38.754	9.5028E-02	3
-8.263	38.752	8.7085E-02	0
-9.237	38.791	1.6808E-01	2
-9.200	38.789	2.9640E-01	0
-9.163	38.787	3.5692E-01	2
-9.124	38.785	3.1789E-01	0
-9.088	38.783	1.0386E-01	2
-9.050	38.781	6.1402E-02	0
-9.012	38.779	5.1543E-02	2
-8.975	38.777	7.8128E-02	0
-8.938	38.775	7.7566E-02	2
-8.900	38.773	9.2052E-02	0
-8.863	38.772	9.1853E-02	2
-8.827	38.770	1.3940E-01	0
-8.790	38.768	1.3693E-01	2
-8.754	38.766	1.0884E-01	0
-8.718	38.764	1.2804E-01	2
-8.682	38.762	1.8726E-01	0
-8.646	38.760	1.3059E-01	2
-8.611	38.758	1.2752E-01	0
-8.576	38.756	1.1642E-01	2
-8.540	38.754	1.5030E-01	0
-8.505	38.752	1.2998E-01	2
-8.470	38.750	1.4963E-01	0
-8.435	38.748	1.3618E-01	2
-8.401	38.746	1.4075E-01	0
-8.367	38.744	1.2424E-01	2
-8.332	38.742	1.8780E-01	0
-8.298	38.740	9.6057E-02	2
-8.264	38.738	1.0558E-01	0
-9.239	38.775	1.7399E-01	3
-9.202	38.774	2.9036E-01	0
-9.163	38.772	2.8487E-01	3
-9.125	38.770	2.7084E-01	0
-9.089	38.768	1.1099E-01	3
-9.051	38.766	6.0107E-02	0
-9.013	38.764	5.2541E-02	2
-8.976	38.762	8.5555E-02	0
-8.939	38.760	9.2079E-02	2
-8.902	38.758	9.7254E-02	0
-8.865	38.756	6.9076E-02	2
-8.828	38.754	1.0218E-01	0
-8.792	38.752	1.5729E-01	2
-8.755	38.750	1.7394E-01	0
-8.719	38.748	9.1090E-02	3
-8.683	38.747	2.1073E-01	0
-8.647	38.745	1.5568E-01	3
-8.612	38.743	1.8615E-01	0
-8.576	38.741	1.0932E-01	3
-8.542	38.739	2.5148E-01	0
-8.507	38.737	1.4817E-01	3
-8.472	38.735	1.2029E-01	0
-8.437	38.733	7.9756E-02	3
-8.402	38.731	1.1516E-01	0
-8.368	38.729	1.5638E-01	3
-8.333	38.727	1.7747E-01	0
-8.299	38.725	1.2469E-01	3
-8.265	38.723	1.3367E-01	0
-9.241	38.760	2.2126E-01	2
-9.203	38.758	2.6405E-01	0
-9.164	38.756	2.3505E-01	2
-9.127	38.754	2.8196E-01	0
-9.090	38.752	9.7916E-02	2
-9.052	38.751	5.8505E-02	0
-9.015	38.749	5.4921E-02	2
-8.977	38.747	1.2477E-01	0
-8.940	38.745	1.2945E-01	2
-8.903	38.743	1.1027E-01	0
-8.866	38.741	8.9914E-02	2
-8.829	38.739	1.0247E-01	0
-8.793	38.737	1.2507E-01	2
-8.756	38.735	1.9231E-01	0
-8.720	38.733	1.6625E-01	2
-8.684	38.731	1.5510E-01	0
-8.648	38.730	1.2963E-01	2
-8.613	38.728	1.7402E-01	0
-8.578	38.726	1.3550E-01	2
-8.543	38.724	1.2816E-01	0
-8.508	38.722	1.6721E-01	2
-8.473	38.720	1.7179E-01	0
-8.438	38.718	1.5958E-01	2
-8.404	38.716	1.7397E-01	0
-8.369	38.714	1.2396E-01	2
-8.335	38.712	1.3742E-01	0
-8.300	38.710	1.4497E-01	2
-8.266	38.708	1.2081E-01	0
-9.242	38.744	1.8946E-01	2
-9.204	38.742	3.3089E-01	0
-9.166	38.741	2.9492E-01	2
-9.128	38.739	2.5847E-01	0
-9.091	38.737	8.1274E-02	2
-9.053	38.735	5.4214E-02	0
-9.016	38.733	6.6998E-02	2
-8.978	38.731	1.5435E-01	0
-8.941	38.730	1.7377E-01	2
-8.904	38.728	1.5419E-01	0
-8.867	38.726	8.7559E-02	2
-8.830	38.724	9.7345E-02	0
-8.794	38.722	1.2351E-01	2
-8.758	38.720	1.5669E-01	0
-8.721	38.718	1.2320E-01	3
-8.685	38.716	1.5720E-01	0
-8.650	38.714	1.4904E-01	3
-8.614	38.713	1.5905E-01	0
-8.579	38.711	1.6229E-01	3
-8.544	38.709	2.0112E-01	0
-8.509	38.707	2.6109E-01	3
-8.474	38.705	1.2136E-01	0
-8.439	38.703	1.8232E-01	3
-8.405	38.701	1.6135E-01	0
-8.371	38.699	1.8957E-01	3
-8.336	38.697	1.7060E-01	0
-8.302	38.696	1.1444E-01	3
-8.268	38.694	1.2291E-01	0
-9.243	38.796	1.3839E-01	3
-9.205	38.794	2.6641E-01	0
-9.168	38.791	3.2894E-01	3
-9.130	38.789	3.5207E-01	0
-9.093	38.787	1.2099E-01	2
-9.056	38.785	6.4650E-02	0
-9.018	38.783	5.1466E-02	2
-8.981	38.781	7.5036E-02	0
-8.944	38.778	7.9924E-02	2
-8.906	38.776	8.7881E-02	0
-8.869	38.774	8.6990E-02	2
-8.833	38.772	1.3898E-01	0
-8.796	38.770	1.4710E-01	2
-8.760	38.767	1.1565E-01	0
-8.724	38.765	1.2542E-01	2
-8.688	38.763	1.7582E-01	0
-8.652	38.761	1.4624E-01	2
-8.617	38.759	1.2338E-01	0
-8.582	38.756	1.2831E-01	2
-8.546	38.754	1.3433E-01	0
-8.511	38.752	1.3652E-01	2
-8.476	38.750	1.5648E-01	0
-8.441	38.748	1.2981E-01	2
-8.407	38.746	1.5183E-01	0
-8.373	38.743	1.1437E-01	2
-8.338	38.741	1.9808E-01	0
-8.304	38.739	1.0256E-01	2
-8.270	38.737	1.0745E-01	0
-9.244	38.780	1.8012E-01	2
-9.208	38.778	3.1240E-01	0
-9.169	38.776	3.1354E-01	2
-9.131	38.774	3.2371E-01	0
-9.094	38.772	1.2703E-01	2
-9.057	38.770	6.4070E-02	0
-9.019	38.767	5.0495E-02	2
-8.982	38.765	7.6933E-02	0
-8.945	38.763	8.3301E-02	3
-8.908	38.761	9.9880E-02	0
-8.871	38.759	7.3887E-02	3
-8.834	38.757	9.4593E-02	0
-8.798	38.754	1.4576E-01	3
-8.761	38.752	1.6546E-01	0
-8.725	38.750	9.3002E-02	3
-8.689	38.748	1.9872E-01	0
-8.653	38.746	1.7709E-01	3
-8.618	38.744	1.7836E-01	0
-8.583	38.741	1.1004E-01	3
-8.548	38.739	2.3468E-01	0
-8.513	38.737	1.6810E-01	3
-8.478	38.735	1.2814E-01	0
-8.443	38.733	8.4058E-02	3
-8.408	38.731	1.0947E-01	0
-8.374	38.729	1.4763E-01	3
-8.340	38.726	1.8900E-01	0
-8.305	38.724	1.2171E-01	3
-8.271	38.722	1.5216E-01	0
-9.246	38.765	2.0880E-01	3
-9.208	38.762	2.3782E-01	0
-9.170	38.760	2.3393E-01	3
-9.132	38.758	3.0790E-01	0
-9.095	38.756	1.1750E-01	2
-9.058	38.754	6.1869E-02	0
-9.020	38.752	5.3672E-02	2
-8.983	38.750	1.0840E-01	0
-8.946	38.748	1.3923E-01	2
-8.909	38.746	1.0759E-01	0
-8.872	38.744	9.0121E-02	2
-8.835	38.741	1.0286E-01	0
-8.799	38.739	1.1786E-01	2
-8.762	38.737	2.0574E-01	0
-8.726	38.735	1.7374E-01	2
-8.690	38.733	1.5904E-01	0
-8.654	38.731	1.2774E-01	2
-8.619	38.729	1.8376E-01	0
-8.584	38.727	1.3391E-01	2
-8.549	38.724	1.4059E-01	0
-8.514	38.722	1.4774E-01	2
-8.479	38.720	1.9241E-01	0
-8.444	38.718	1.4341E-01	2
-8.410	38.716	1.9809E-01	0
-8.376	38.714	1.2236E-01	2
-8.341	38.712	1.4249E-01	0
-8.307	38.709	1.5067E-01	2
-8.273	38.707	1.2882E-01	0
-9.248	38.749	1.8321E-01	2
-9.209	38.747	2.9928E-01	0
-9.171	38.745	2.9513E-01	2
-9.134	38.743	2.8113E-01	0
-9.097	38.741	1.0847E-01	2
-9.059	38.739	5.7203E-02	0
-9.022	38.737	5.5098E-02	3
-8.984	38.735	1.3772E-01	0
-8.947	38.732	1.6141E-01	3
-8.910	38.730	1.5773E-01	0
-8.873	38.728	9.2775E-02	3
-8.836	38.726	1.0006E-01	0
-8.800	38.724	1.1823E-01	3
-8.764	38.722	1.5562E-01	0
-8.727	38.720	1.1931E-01	3
-8.691	38.718	1.5771E-01	0
-8.656	38.716	1.4509E-01	3
-8.620	38.714	1.7175E-01	0
-8.585	38.712	1.4740E-01	3
-8.550	38.709	1.9321E-01	0
-8.515	38.707	2.7740E-01	3
-8.480	38.705	1.3049E-01	0
-8.445	38.703	1.8072E-01	3
-8.411	38.701	1.6662E-01	0
-8.377	38.699	1.8889E-01	3
-8.343	38.697	1.7382E-01	0
-8.308	38.695	1.2838E-01	3
-8.274	38.693	1.1956E-01	0
-9.249	38.733	1.5951E-01	2
-9.210	38.731	3.7941E-01	0
-9.172	38.729	3.5685E-01	2
-9.135	38.727	2.5346E-01	0
-9.098	38.725	8.0653E-02	2
-9.060	38.723	6.8303E-02	0
-9.023	38.721	1.5874E-01	2
-8.985	38.719	2.2635E-01	0
-8.948	38.717	1.8678E-01	2
-8.911	38.715	1.8966E-01	0
-8.874	38.713	1.1611E-01	2
-8.838	38.711	1.0154E-01	0
-8.801	38.709	1.1615E-01	2
-8.765	38.707	1.6217E-01	0
-8.729	38.705	1.5333E-01	2
-8.693	38.703	1.6345E-01	0
-8.657	38.701	1.5410E-01	2
-8.621	38.699	1.7274E-01	0
-8.586	38.697	1.7547E-01	2
-8.551	38.695	1.3302E-01	0
-8.516	38.692	9.8375E-02	2
-8.481	38.690	1.8622E-01	0
-8.446	38.688	2.5120E-01	2
-8.412	38.686	1.9295E-01	0
-8.378	38.684	1.5269E-01	2
-8.344	38.682	1.1778E-01	0
-8.310	38.680	8.7480E-02	2
-8.276	38.678	1.1909E-01	0
-9.212	38.716	2.9805E-01	0
-9.174	38.714	2.7229E-01	2
-9.137	38.712	2.2168E-01	0
-9.099	38.710	5.1988E-02	2
-9.061	38.708	6.0005E-02	0
-9.024	38.706	1.2283E-01	3
-8.987	38.704	1.6483E-01	0
-8.949	38.702	2.0851E-01	3
-8.912	38.700	2.0690E-01	0
-8.876	38.698	1.5564E-01	3
-8.839	38.696	1.4661E-01	0
-8.802	38.694	1.0279E-01	3
-8.766	38.692	1.5832E-01	0
-8.730	38.690	1.4746E-01	3
-8.694	38.688	1.7909E-01	0
-8.658	38.686	1.7604E-01	3
-8.623	38.684	1.5703E-01	0
-8.587	38.682	1.3642E-01	3
-8.552	38.680	1.4582E-01	0
-8.517	38.678	1.6091E-01	3
-8.482	38.676	1.9597E-01	0
-8.447	38.673	1.9267E-01	3
-8.413	38.671	2.2759E-01	0
-8.379	38.669	1.3294E-01	3
-8.345	38.667	1.5808E-01	0
-8.311	38.665	1.0441E-01	3
-8.277	38.663	1.3065E-01	0
-9.214	38.700	3.3569E-01	0
-9.176	38.698	1.2130E-01	2
-9.138	38.696	5.8291E-02	0
-9.100	38.694	3.5657E-02	2
-9.063	38.692	5.8581E-02	0
-9.025	38.690	6.5454E-02	2
-8.988	38.689	1.1451E-01	0
-8.950	38.687	1.9748E-01	2
-8.913	38.685	2.7036E-01	0
-8.877	38.683	1.5349E-01	2
-8.840	38.681	1.4941E-01	0
-8.804	38.679	1.3329E-01	2
-8.767	38.677	1.4762E-01	0
-8.731	38.675	1.5492E-01	2
-8.695	38.673	1.7572E-01	0
-8.659	38.671	1.5562E-01	2
-8.624	38.669	1.5840E-01	0
-8.588	38.667	1.3934E-01	2
-8.553	38.665	1.5984E-01	0
-8.518	38.663	9.8422E-02	2
-8.483	38.661	2.1294E-01	0
-8.449	38.659	1.3797E-01	2
-8.414	38.657	1.6990E-01	0
-8.380	38.655	1.3704E-01	2
-8.346	38.653	1.7978E-01	0
-8.311	38.651	9.3517E-02	2
-8.278	38.649	1.2524E-01	0
-9.216	38.685	1.2716E-01	0
-9.177	38.683	7.7291E-02	3
-9.139	38.681	8.2692E-02	0
-9.102	38.679	3.5712E-02	3
-9.064	38.677	9.2125E-02	0
-9.026	38.675	8.6320E-02	3
-8.989	38.673	1.6211E-01	0
-8.952	38.671	1.8492E-01	2
-8.914	38.669	1.8440E-01	0
-8.878	38.667	1.8411E-01	2
-8.841	38.665	2.1422E-01	0
-8.805	38.663	1.7731E-01	3
-8.769	38.661	1.6088E-01	0
-8.733	38.660	1.4047E-01	3
-8.697	38.658	1.5597E-01	0
-8.661	38.656	1.1064E-01	3
-8.625	38.654	1.2554E-01	0
-8.590	38.652	1.4256E-01	3
-8.555	38.650	1.3469E-01	0
-8.520	38.648	1.9779E-01	3
-8.485	38.646	2.2579E-01	0
-8.450	38.644	1.8982E-01	3
-8.415	38.642	3.1919E-01	0
-8.381	38.640	1.3065E-01	3
-8.346	38.638	1.3485E-01	0
-8.312	38.636	1.1062E-01	3
-8.279	38.634	1.2370E-01	0
-9.216	38.669	1.3816E-01	0
-9.178	38.667	1.4527E-01	2
-9.141	38.665	1.0449E-01	0
-9.103	38.664	5.9171E-02	2
-9.065	38.662	1.9396E-01	0
-9.027	38.660	1.8385E-01	2
-8.990	38.658	1.8128E-01	0
-8.953	38.656	1.3412E-01	2
-8.916	38.654	1.9663E-01	0
-8.879	38.652	1.3418E-01	2
-8.842	38.650	1.6236E-01	0
-8.806	38.648	1.3973E-01	2
-8.770	38.646	2.2367E-01	0
-8.734	38.644	1.5358E-01	2
-8.698	38.643	2.1433E-01	0
-8.662	38.641	1.5341E-01	2
-8.627	38.639	9.9577E-02	0
-8.591	38.637	7.1044E-02	2
-8.556	38.635	1.1345E-01	0
-8.521	38.633	1.2957E-01	2
-8.486	38.631	2.1063E-01	0
-8.452	38.629	1.9275E-01	2
-8.417	38.627	1.7285E-01	0
-8.382	38.625	1.6328E-01	2
-8.348	38.623	1.4876E-01	0
-8.314	38.621	1.0468E-01	2
-8.280	38.619	1.1797E-01	0
-9.217	38.654	1.5112E-01	0
-9.179	38.652	1.4921E-01	2
-9.142	38.650	1.6353E-01	0
-9.104	38.648	1.6607E-01	2
-9.066	38.646	2.0186E-01	0
-9.028	38.644	1.8416E-01	3
-8.991	38.642	2.0548E-01	0
-8.954	38.641	1.6738E-01	2
-8.917	38.639	1.8315E-01	0
-8.880	38.637	1.5162E-01	2
-8.844	38.635	1.3216E-01	0
-8.807	38.633	1.0088E-01	3
-8.771	38.631	1.4827E-01	0
-8.735	38.629	1.5722E-01	3
-8.699	38.627	2.0406E-01	0
-8.663	38.626	1.1935E-01	3
-8.628	38.624	1.3745E-01	0
-8.593	38.622	7.8085E-02	3
-8.558	38.620	1.4479E-01	0
-8.523	38.618	1.7642E-01	3
-8.488	38.616	2.3095E-01	0
-8.453	38.614	2.0841E-01	3
-8.418	38.612	1.4969E-01	0
-8.384	38.610	1.9508E-01	3
-8.349	38.608	1.1232E-01	0
-8.315	38.606	8.8824E-02	3
-8.280	38.605	8.4381E-02	0
-9.221	38.705	3.4743E-01	0
-9.183	38.703	1.7526E-01	2
-9.146	38.701	1.0903E-01	0
-9.108	38.699	3.9742E-02	2
-9.070	38.697	5.4133E-02	0
-9.033	38.694	6.7983E-02	2
-8.995	38.692	8.8969E-02	0
-8.958	38.690	1.8103E-01	2
-8.921	38.688	2.6360E-01	0
-8.884	38.686	1.6280E-01	2
-8.848	38.683	1.4111E-01	0
-8.811	38.681	1.3124E-01	2
-8.775	38.679	1.4420E-01	0
-8.739	38.677	1.5173E-01	2
-8.703	38.675	1.7256E-01	0
-8.667	38.672	1.7519E-01	2
-8.631	38.670	1.6334E-01	0
-8.596	38.668	1.4326E-01	2
-8.561	38.666	1.6331E-01	0
-8.526	38.664	9.9847E-02	2
-8.491	38.661	1.9316E-01	0
-8.457	38.659	1.5376E-01	2
-8.422	38.657	1.7127E-01	0
-8.387	38.655	1.2615E-01	2
-8.353	38.653	1.9798E-01	0
-8.319	38.650	9.9702E-02	2
-8.286	38.648	1.1770E-01	0
-8.252	38.646	1.3124E-01	2
-9.223	38.690	2.1260E-01	0
-9.185	38.688	6.3405E-02	2
-9.147	38.685	7.6038E-02	0
-9.109	38.683	3.4272E-02	2
-9.071	38.681	6.4643E-02	0
-9.034	38.679	7.7998E-02	2
-8.996	38.677	1.4951E-01	0
-8.959	38.675	1.8161E-01	2
-8.922	38.672	1.9507E-01	0
-8.885	38.670	1.8367E-01	2
-8.849	38.668	2.3383E-01	0
-8.812	38.666	1.7972E-01	3
-8.776	38.664	1.6183E-01	0
-8.740	38.662	1.4324E-01	3
-8.704	38.659	1.5304E-01	0
-8.668	38.657	1.1890E-01	3
-8.633	38.655	1.1671E-01	0
-8.597	38.653	1.5168E-01	3
-8.562	38.651	1.2458E-01	0
-8.527	38.649	1.8725E-01	3
-8.492	38.646	2.2956E-01	0
-8.458	38.644	1.8178E-01	3
-8.423	38.642	3.3166E-01	0
-8.389	38.640	1.4335E-01	3
-8.354	38.638	1.3476E-01	0
-8.320	38.636	1.1860E-01	3
-8.286	38.633	1.2633E-01	0
-8.253	38.631	9.6000E-02	3
-9.224	38.674	1.1361E-01	0
-9.185	38.672	1.3422E-01	2
-9.148	38.670	1.2266E-01	0
-9.110	38.668	4.4918E-02	2
-9.072	38.666	1.5438E-01	0
-9.035	38.664	1.6027E-01	2
-8.997	38.661	1.7346E-01	0
-8.960	38.659	1.4983E-01	2
-8.923	38.657	1.9399E-01	0
-8.886	38.655	1.5390E-01	2
-8.850	38.653	1.5931E-01	0
-8.814	38.651	1.4669E-01	2
-8.777	38.649	2.2075E-01	0
-8.741	38.647	1.4405E-01	2
-8.705	38.644	1.8919E-01	0
-8.670	38.642	1.7759E-01	2
-8.634	38.640	1.1089E-01	0
-8.599	38.638	6.8617E-02	2
-8.564	38.636	1.1558E-01	0
-8.529	38.634	1.2387E-01	2
-8.494	38.632	1.8855E-01	0
-8.459	38.630	2.0297E-01	2
-8.425	38.627	1.8360E-01	0
-8.390	38.625	1.5115E-01	2
-8.355	38.623	1.7203E-01	0
-8.321	38.621	9.9842E-02	2
-8.287	38.619	1.2249E-01	0
-8.253	38.617	9.0179E-02	2
-9.225	38.659	1.4697E-01	0
-9.186	38.656	1.3503E-01	2
-9.149	38.654	1.6372E-01	0
-9.111	38.652	1.4223E-01	2
-9.073	38.650	1.8660E-01	0
-9.036	38.648	1.9585E-01	2
-8.999	38.646	2.0666E-01	0
-8.961	38.644	1.5182E-01	2
-8.924	38.642	1.7302E-01	0
-8.888	38.640	1.5689E-01	3
-8.851	38.638	1.2846E-01	0
-8.815	38.636	1.0528E-01	2
-8.778	38.634	1.4646E-01	0
-8.742	38.631	1.7263E-01	3
-8.707	38.629	2.0330E-01	0
-8.671	38.627	1.3681E-01	3
-8.635	38.625	1.3275E-01	0
-8.600	38.623	7.2244E-02	3
-8.565	38.621	1.4237E-01	0
-8.530	38.619	1.6671E-01	3
-8.495	38.617	2.2422E-01	0
-8.461	38.615	2.2580E-01	3
-8.426	38.613	1.6640E-01	0
-8.391	38.610	1.8245E-01	3
-8.357	38.608	1.3332E-01	0
-8.322	38.606	9.3522E-02	3
-8.288	38.604	8.8509E-02	0
-8.254	38.602	8.9543E-02	3
-9.226	38.643	1.4570E-01	0
-9.187	38.641	1.4313E-01	2
-9.150	38.639	1.5398E-01	0
-9.112	38.637	1.7182E-01	2
-9.075	38.635	4.0184E-01	0
-9.037	38.633	2.0334E-01	2
-9.000	38.631	1.7834E-01	0
-8.962	38.629	1.7312E-01	2
-8.925	38.627	1.9425E-01	0
-8.889	38.625	1.6093E-01	2
-8.852	38.623	1.9309E-01	0
-8.816	38.620	1.6963E-01	2
-8.780	38.618	2.3611E-01	0
-8.744	38.616	1.7185E-01	2
-8.708	38.614	2.7308E-01	0
-8.672	38.612	1.4587E-01	2
-8.637	38.610	1.3648E-01	0
-8.601	38.608	1.6141E-01	2
-8.566	38.606	2.0473E-01	0
-8.531	38.604	1.6509E-01	2
-8.497	38.602	1.5912E-01	0
-8.462	38.600	2.0813E-01	2
-8.427	38.598	1.7798E-01	0
-8.392	38.596	1.9269E-01	2
-8.358	38.594	1.3462E-01	0
-8.324	38.591	9.2468E-02	2
-8.290	38.589	1.3120E-01	0
-8.256	38.587	8.1885E-02	3
-9.228	38.627	1.1394E-01	0
-9.189	38.625	1.3967E-01	2
-9.151	38.623	1.5481E-01	0
-9.113	38.621	1.6303E-01	2
-9.076	38.619	3.1366E-01	0
-9.038	38.617	3.2818E-01	2
-9.000	38.615	2.1282E-01	0
-8.963	38.613	1.7051E-01	3
-8.926	38.611	2.0650E-01	0
-8.890	38.609	1.8319E-01	3
-8.853	38.607	1.8204E-01	0
-8.817	38.605	1.7945E-01	2
-8.781	38.603	2.0938E-01	0
-8.745	38.601	1.6200E-01	3
-8.709	38.599	2.2875E-01	0
-8.674	38.597	1.6930E-01	3
-8.638	38.595	1.6452E-01	0
-8.603	38.593	7.9910E-02	3
-8.568	38.591	9.8852E-02	0
-8.533	38.589	1.0830E-01	2
-8.498	38.587	1.7942E-01	0
-8.464	38.585	1.5662E-01	2
-8.428	38.583	1.4239E-01	0
-8.393	38.581	1.1031E-01	3
-8.359	38.579	1.8025E-01	0
-8.325	38.577	1.0572E-01	3
-8.291	38.575	1.2220E-01	0
-8.258	38.573	9.0535E-02	3
-9.229	38.612	5.3325E-02	0
-9.190	38.610	1.3355E-01	2
-9.152	38.608	1.5499E-01	0
-9.114	38.606	1.2029E-01	2
-9.077	38.604	2.6249E-01	0
-9.039	38.602	3.5344E-01	2
-9.002	38.600	2.9324E-01	0
-8.964	38.598	1.6104E-01	2
-8.927	38.596	2.8100E-01	0
-8.891	38.594	1.9194E-01	2
-8.855	38.592	2.2649E-01	0
-8.818	38.590	1.6790E-01	2
-8.782	38.588	1.9092E-01	0
-8.746	38.586	1.7911E-01	2
-8.711	38.584	3.0077E-01	0
-8.675	38.582	1.1065E-01	2
-8.640	38.580	1.6000E-01	0
-8.604	38.578	9.2059E-02	2
-8.569	38.576	1.0597E-01	0
-8.534	38.574	1.6843E-01	2
-8.499	38.572	2.3154E-01	0
-8.464	38.570	2.2530E-01	2
-8.430	38.568	2.5870E-01	0
-8.395	38.566	1.3805E-01	2
-8.360	38.564	1.9027E-01	0
-8.327	38.562	1.1066E-01	2
-8.293	38.560	1.1352E-01	0
-8.259	38.558	1.0679E-01	2
-9.230	38.596	2.6339E-02	0
-9.191	38.594	8.3387E-02	2
-9.153	38.592	1.0612E-01	0
-9.115	38.590	9.0634E-02	2
-9.078	38.589	2.2560E-01	0
-9.040	38.587	3.2242E-01	2
-9.003	38.585	3.5338E-01	0
-8.965	38.583	1.8434E-01	3
-8.928	38.581	1.8646E-01	0
-8.891	38.579	2.2960E-01	3
-8.856	38.577	2.2225E-01	0
-8.820	38.575	1.8162E-01	2
-8.784	38.573	2.2062E-01	0
-8.748	38.571	1.3227E-01	3
-8.712	38.569	1.3342E-01	0
-8.676	38.567	1.4941E-01	2
-8.640	38.565	1.5246E-01	0
-8.605	38.563	1.0204E-01	2
-8.570	38.561	1.5670E-01	0
-8.535	38.559	1.1521E-01	2
-8.500	38.557	1.8886E-01	0
-8.466	38.555	2.3697E-01	2
-8.431	38.553	2.0885E-01	0
-8.396	38.551	1.5962E-01	2
-8.362	38.549	1.5992E-01	0
-8.328	38.547	1.6375E-01	3
-8.294	38.545	1.0505E-01	0
-8.261	38.543	9.0419E-02	3
-9.231	38.581	1.6653E-02	0
-9.192	38.579	6.0994E-02	2
-9.154	38.577	9.6101E-02	0
-9.116	38.575	1.0260E-01	2
-9.079	38.573	1.9062E-01	0
-9.041	38.571	2.3308E-01	2
-9.004	38.569	3.9911E-01	0
-8.966	38.567	2.2032E-01	2
-8.929	38.565	2.3715E-01	0
-8.893	38.564	1.8343E-01	2
-8.857	38.562	1.8552E-01	0
-8.821	38.560	2.4589E-01	2
-8.785	38.558	2.1106E-01	0
-8.749	38.556	1.4817E-01	2
-8.713	38.554	2.8033E-01	0
-8.677	38.552	1.8206E-01	2
-8.642	38.550	1.1075E-01	0
-8.606	38.548	9.7208E-02	2
-8.571	38.546	8.7161E-02	0
-8.536	38.544	1.3866E-01	2
-8.502	38.542	2.0909E-01	0
-8.468	38.541	2.3225E-01	2
-8.433	38.539	2.4673E-01	0
-8.398	38.537	1.5677E-01	2
-8.363	38.535	1.4319E-01	0
-8.329	38.533	1.6267E-01	2
-8.296	38.531	1.1626E-01	0
-8.263	38.529	9.6403E-02	2
-9.233	38.565	1.1987E-02	0
-9.194	38.563	4.8820E-02	2
-9.155	38.561	8.4363E-02	0
-9.117	38.560	8.6207E-02	2
-9.079	38.558	1.7114E-01	0
-9.042	38.556	1.7500E-01	2
-9.005	38.554	2.9886E-01	0
-8.966	38.552	2.8939E-01	3
-8.929	38.550	2.1197E-01	0
-8.894	38.548	1.5250E-01	2
-8.858	38.546	1.8069E-01	0
-8.822	38.545	1.9830E-01	2
-8.786	38.543	1.1739E-01	0
-8.750	38.541	1.0960E-01	2
-8.714	38.539	1.7457E-01	0
-8.679	38.537	7.9612E-02	2
-8.643	38.535	1.1912E-01	0
-8.607	38.533	1.0512E-01	2
-8.573	38.531	9.7178E-02	0
-8.538	38.529	1.2621E-01	2
-8.504	38.528	2.0561E-01	0
-8.469	38.526	1.2076E-01	2
-8.434	38.524	1.6358E-01	0
-8.399	38.522	1.6007E-01	2
-8.365	38.520	1.2535E-01	0
-8.331	38.518	1.3039E-01	2
-8.297	38.516	1.5669E-01	0
-8.264	38.514	1.3451E-01	2
-9.235	38.616	5.0599E-02	0
-9.195	38.614	1.3022E-01	2
-9.157	38.612	1.4633E-01	0
-9.120	38.610	1.2719E-01	2
-9.082	38.607	2.4452E-01	0
-9.045	38.605	3.7169E-01	2
-9.007	38.603	2.9092E-01	0
-8.970	38.601	1.6425E-01	2
-8.933	38.599	2.8517E-01	0
-8.896	38.596	1.9385E-01	2
-8.860	38.594	2.2422E-01	0
-8.824	38.592	1.7493E-01	2
-8.788	38.590	1.9538E-01	0
-8.752	38.588	1.6244E-01	2
-8.716	38.585	3.2190E-01	0
-8.681	38.583	1.2302E-01	2
-8.645	38.581	1.4834E-01	0
-8.610	38.579	1.0389E-01	2
-8.575	38.577	1.0588E-01	0
-8.540	38.574	1.4869E-01	2
-8.505	38.572	2.3033E-01	0
-8.470	38.570	2.2756E-01	2
-8.436	38.568	2.7124E-01	0
-8.401	38.566	1.4169E-01	2
-8.366	38.563	1.9754E-01	0
-8.332	38.561	1.2933E-01	2
-8.299	38.559	1.1351E-01	0
-8.265	38.557	1.1510E-01	2
-9.236	38.601	2.5371E-02	0
-9.196	38.598	8.7059E-02	2
-9.158	38.596	1.3149E-01	0
-9.121	38.594	8.9964E-02	2
-9.083	38.592	2.1249E-01	0
-9.046	38.590	3.3646E-01	2
-9.008	38.588	3.5039E-01	0
-8.971	38.585	1.8239E-01	2
-8.934	38.583	1.8563E-01	0
-8.897	38.581	2.1900E-01	3
-8.861	38.579	2.3709E-01	0
-8.825	38.577	1.7960E-01	3
-8.789	38.575	2.1961E-01	0
-8.753	38.573	1.3135E-01	2
-8.718	38.570	1.4320E-01	0
-8.682	38.568	1.3623E-01	2
-8.646	38.566	1.7134E-01	0
-8.611	38.564	9.8586E-02	2
-8.575	38.562	1.5875E-01	0
-8.541	38.559	1.1130E-01	2
-8.506	38.557	1.8243E-01	0
-8.472	38.555	2.4630E-01	3
-8.437	38.553	2.0387E-01	0
-8.402	38.551	1.7741E-01	3
-8.368	38.549	1.5148E-01	0
-8.334	38.546	1.6834E-01	3
-8.300	38.544	1.1126E-01	0
-8.267	38.542	8.6486E-02	3
-9.237	38.585	1.5655E-02	0
-9.198	38.583	5.8906E-02	2
-9.159	38.581	1.0116E-01	0
-9.121	38.579	9.0035E-02	2
-9.084	38.577	1.8378E-01	0
-9.047	38.574	2.3368E-01	2
-9.009	38.572	4.3070E-01	0
-8.972	38.570	2.3401E-01	2
-8.934	38.568	2.3205E-01	0
-8.897	38.566	2.1124E-01	2
-8.862	38.564	1.8418E-01	0
-8.827	38.562	2.2276E-01	2
-8.790	38.560	2.4232E-01	0
-8.755	38.557	1.5085E-01	2
-8.719	38.555	2.5495E-01	0
-8.683	38.553	2.0302E-01	2
-8.647	38.551	1.2550E-01	0
-8.612	38.549	9.5037E-02	2
-8.577	38.547	8.9955E-02	0
-8.542	38.545	1.2523E-01	2
-8.507	38.542	1.9570E-01	0
-8.473	38.540	2.4813E-01	2
-8.438	38.538	2.2952E-01	0
-8.404	38.536	1.7948E-01	2
-8.369	38.534	1.3422E-01	0
-8.335	38.532	1.7355E-01	2
-8.302	38.530	1.2641E-01	0
-8.269	38.528	1.0735E-01	2
-9.238	38.570	1.1976E-02	0
-9.199	38.567	4.5915E-02	2
-9.160	38.565	9.1120E-02	0
-9.122	38.563	8.3527E-02	2
-9.085	38.561	1.7341E-01	0
-9.048	38.559	1.7472E-01	2
-9.010	38.557	2.8235E-01	0
-8.972	38.555	3.2839E-01	2
-8.935	38.553	2.2801E-01	0
-8.899	38.551	1.6965E-01	3
-8.864	38.549	1.6979E-01	0
-8.828	38.547	2.2903E-01	2
-8.792	38.544	1.3362E-01	0
-8.756	38.542	1.0692E-01	2
-8.720	38.540	2.0487E-01	0
-8.684	38.538	9.4461E-02	2
-8.648	38.536	1.1259E-01	0
-8.613	38.534	1.2005E-01	2
-8.578	38.532	9.4818E-02	0
-8.544	38.530	1.1645E-01	3
-8.509	38.528	2.1257E-01	0
-8.475	38.526	1.2658E-01	3
-8.440	38.523	1.5169E-01	0
-8.405	38.521	1.7783E-01	3
-8.371	38.519	1.2439E-01	0
-8.336	38.517	1.3115E-01	3
-8.303	38.515	1.5165E-01	0
-8.270	38.513	1.4651E-01	3
-9.239	38.554	1.1390E-02	0
-9.200	38.552	3.1204E-02	2
-9.162	38.550	7.4206E-02	0
-9.124	38.548	6.2692E-02	2
-9.086	38.546	1.1703E-01	0
-9.049	38.544	1.6767E-01	2
-9.011	38.542	3.2263E-01	0
-8.973	38.539	2.3436E-01	3
-8.935	38.537	1.5186E-01	0
-8.901	38.535	1.4308E-01	2
-8.865	38.533	1.6975E-01	0
-8.829	38.531	1.1861E-01	2
-8.793	38.529	1.1541E-01	0
-8.757	38.527	8.2770E-02	2
-8.721	38.525	7.9686E-02	0
-8.686	38.523	8.2840E-02	2
-8.650	38.521	9.2976E-02	0
-8.614	38.519	1.0377E-01	2
-8.579	38.517	1.0570E-01	0
-8.545	38.515	1.1313E-01	2
-8.511	38.513	1.8980E-01	0
-8.476	38.511	1.6297E-01	2
-8.441	38.509	1.3593E-01	0
-8.407	38.507	1.9596E-01	2
-8.373	38.504	1.6375E-01	0
-8.338	38.502	1.1837E-01	2
-8.305	38.500	1.4622E-01	0
-8.271	38.498	1.0730E-01	2
-9.240	38.538	1.1708E-02	0
-9.202	38.536	2.2455E-02	2
-9.163	38.534	7.5316E-02	0
-9.125	38.532	7.2911E-02	2
-9.087	38.530	8.7581E-02	0
-9.050	38.528	1.0409E-01	2
-9.012	38.526	2.0927E-01	0
-8.975	38.524	1.9886E-01	2
-8.938	38.522	1.3367E-01	0
-8.902	38.520	1.0582E-01	2
-8.866	38.518	1.4933E-01	0
-8.830	38.516	1.2002E-01	2
-8.794	38.514	1.1337E-01	0
-8.758	38.512	6.8819E-02	2
-8.723	38.510	7.2209E-02	0
-8.687	38.508	6.3059E-02	2
-8.651	38.506	1.0562E-01	0
-8.615	38.504	8.3519E-02	2
-8.581	38.502	1.1109E-01	0
-8.546	38.500	9.8949E-02	3
-8.511	38.498	2.4588E-01	0
-8.477	38.496	1.2252E-01	3
-8.442	38.494	1.3210E-01	0
-8.408	38.492	1.5147E-01	3
-8.374	38.490	1.3127E-01	0
-8.340	38.488	1.1361E-01	3
-8.306	38.486	2.3346E-01	0
-8.273	38.484	1.3523E-01	3
-9.241	38.523	1.5261E-02	0
-9.203	38.521	2.8477E-02	2
-9.165	38.519	7.9689E-02	0
-9.126	38.517	6.4104E-02	2
-9.088	38.515	1.1002E-01	0
-9.051	38.513	9.6362E-02	2
-9.012	38.511	1.4463E-01	0
-8.976	38.509	1.1113E-01	2
-8.940	38.507	6.9404E-02	0
-8.904	38.505	2.5116E-02	2
-8.868	38.503	3.7035E-02	0
-8.831	38.501	1.0911E-01	2
-8.795	38.499	1.2514E-01	0
-8.760	38.497	6.8464E-02	2
-8.724	38.495	6.7829E-02	0
-8.688	38.493	8.8545E-02	2
-8.652	38.491	1.0526E-01	0
-8.617	38.489	1.1159E-01	2
-8.583	38.487	1.1872E-01	0
-8.547	38.485	1.0061E-01	2
-8.512	38.483	1.7015E-01	0
-8.478	38.481	1.0561E-01	2
-8.443	38.479	1.8720E-01	0
-8.409	38.477	1.1614E-01	2
-8.375	38.475	1.3953E-01	0
-8.342	38.473	1.3508E-01	2
-8.307	38.471	1.5119E-01	0
-8.274	38.469	1.2014E-01	2
-9.243	38.507	4.2458E-02	0
-9.204	38.505	1.0426E-01	2
-9.166	38.503	1.6684E-01	0
-9.127	38.501	7.5607E-02	2
-9.089	38.499	8.6803E-02	0
-9.051	38.497	8.9647E-02	2
-9.014	38.495	1.5578E-01	0
-8.975	38.493	1.4439E-01	2
-8.940	38.492	9.9471E-02	0
-8.906	38.490	7.7588E-02	2
-8.869	38.488	4.0975E-02	0
-8.833	38.486	4.9609E-02	2
-8.797	38.484	1.0738E-01	0
-8.761	38.482	5.6597E-02	2
-8.725	38.480	6.8646E-02	0
-8.689	38.478	9.6420E-02	3
-8.654	38.476	1.4872E-01	0
-8.619	38.474	1.3113E-01	3
-8.584	38.472	1.1286E-01	0
-8.548	38.470	1.1031E-01	3
-8.514	38.468	1.4593E-01	0
-8.479	38.466	1.5742E-01	3
-8.445	38.464	1.8526E-01	0
-8.411	38.462	9.5102E-02	3
-8.377	38.460	1.3847E-01	0
-8.343	38.458	9.8864E-02	3
-8.309	38.456	2.0240E-01	0
-8.275	38.454	1.7633E-01	3
-9.244	38.492	3.0287E-02	0
-9.205	38.490	1.1030E-01	2
-9.167	38.488	1.5538E-01	0
-9.128	38.486	1.0562E-01	2
-9.090	38.484	1.0981E-01	0
-9.052	38.482	9.2565E-02	2
-9.013	38.480	2.5742E-01	0
-8.978	38.478	1.1679E-01	2
-8.943	38.476	4.2149E-02	0
-8.907	38.475	6.6334E-02	2
-8.870	38.473	6.8799E-02	0
-8.834	38.471	2.3724E-02	2
-8.798	38.469	5.0251E-02	0
-8.762	38.467	3.7689E-02	2
-8.726	38.465	6.7173E-02	0
-8.690	38.463	9.5477E-02	2
-8.655	38.461	1.5411E-01	0
-8.620	38.459	1.5083E-01	2
-8.585	38.457	2.1686E-01	0
-8.550	38.455	1.5122E-01	2
-8.515	38.453	1.7053E-01	0
-8.481	38.451	1.4001E-01	2
-8.447	38.449	1.4879E-01	0
-8.413	38.448	1.2758E-01	2
-8.379	38.446	1.5338E-01	0
-8.345	38.444	1.1861E-01	2
-8.311	38.442	1.7627E-01	0
-8.277	38.440	1.3703E-01	2
-9.245	38.476	1.9585E-02	0
-9.207	38.474	1.1910E-01	2
-9.168	38.472	1.3693E-01	0
-9.129	38.470	8.5375E-02	2
-9.091	38.469	1.0061E-01	0
-9.053	38.467	7.7900E-02	3
-9.014	38.465	1.2740E-01	0
-8.981	38.463	6.1670E-02	2
-8.945	38.461	1.3501E-02	0
-8.908	38.459	1.1009E-02	2
-8.872	38.457	6.0124E-02	0
-8.835	38.456	4.0815E-02	3
-8.799	38.454	2.6244E-02	0
-8.763	38.452	2.9666E-02	3
-8.728	38.450	5.5195E-02	0
-8.692	38.448	4.9784E-02	3
-8.656	38.446	8.5523E-02	0
-8.622	38.444	9.7289E-02	3
-8.586	38.442	1.2129E-01	0
-8.551	38.440	1.2128E-01	3
-8.517	38.438	1.2451E-01	0
-8.482	38.437	9.2351E-02	3
-8.448	38.435	1.2090E-01	0
-8.414	38.433	1.1958E-01	3
-8.380	38.431	7.9976E-02	0
-8.346	38.429	1.1549E-01	3
-8.313	38.427	1.0730E-01	0
-8.279	38.425	7.2446E-02	3
