39.349	-8.415	1.1261E-01	3
39.347	-8.371	1.0923E-01	0
39.345	-8.326	1.0454E-01	3
39.343	-8.282	1.0545E-01	0
39.349	-8.879	1.1149E-01	3
39.347	-8.832	1.2132E-01	3
39.346	-8.784	1.3326E-01	3
39.344	-8.737	1.3967E-01	3
39.342	-8.691	1.4469E-01	3
39.341	-8.645	1.4736E-01	3
39.339	-8.600	1.4291E-01	3
39.337	-8.555	1.6830E-01	3
39.336	-8.509	1.6757E-01	3
39.334	-8.463	1.2704E-01	3
39.332	-8.417	1.0665E-01	3
39.330	-8.373	1.1383E-01	3
39.329	-8.328	1.1314E-01	3
39.327	-8.284	1.1137E-01	3
39.349	-8.562	1.5834E-01	3
39.347	-8.516	1.6904E-01	3
39.345	-8.470	1.3595E-01	3
39.343	-8.423	1.1011E-01	3
39.341	-8.379	1.1040E-01	2
39.339	-8.335	1.0853E-01	3
39.337	-8.291	1.0533E-01	3
39.349	-8.982	1.2425E-01	3
39.347	-8.934	1.2934E-01	1
39.345	-8.887	1.1138E-01	3
39.343	-8.840	1.2099E-01	1
39.342	-8.792	1.3432E-01	3
39.340	-8.744	1.3911E-01	1
39.338	-8.699	1.4586E-01	3
39.336	-8.653	1.4870E-01	0
39.334	-8.608	1.4436E-01	3
39.332	-8.563	1.6872E-01	2
39.330	-8.517	1.6657E-01	3
39.328	-8.472	1.3682E-01	0
39.326	-8.426	1.1193E-01	3
39.324	-8.381	1.1650E-01	0
39.322	-8.336	1.1229E-01	3
39.320	-8.292	1.1565E-01	0
39.341	-9.230	1.4191E-01	3
39.339	-9.180	1.4353E-01	3
39.337	-9.130	1.3253E-01	3
39.336	-9.081	1.2846E-01	3
39.334	-9.031	1.2232E-01	3
39.332	-8.983	1.1742E-01	3
39.330	-8.936	1.4009E-01	3
39.328	-8.888	1.2051E-01	3
39.327	-8.841	1.2142E-01	3
39.325	-8.793	1.4372E-01	3
39.323	-8.746	1.4294E-01	3
39.321	-8.700	1.4283E-01	3
39.319	-8.654	1.5102E-01	3
39.317	-8.609	1.5502E-01	3
39.315	-8.564	1.6765E-01	3
39.314	-8.518	1.5954E-01	3
39.312	-8.472	1.2196E-01	3
39.310	-8.427	1.2597E-01	3
39.308	-8.382	1.2615E-01	2
39.306	-8.337	1.1777E-01	3
39.304	-8.292	1.1341E-01	3
39.324	-9.231	1.4938E-01	0
39.322	-9.181	1.4726E-01	3
39.320	-9.130	1.3558E-01	1
39.318	-9.082	1.3369E-01	3
39.317	-9.033	1.3420E-01	0
39.315	-8.983	1.2143E-01	3
39.313	-8.936	1.3209E-01	0
39.311	-8.889	1.3210E-01	3
39.310	-8.841	1.2932E-01	0
39.308	-8.794	1.3841E-01	3
39.306	-8.747	1.4554E-01	0
39.304	-8.701	1.4615E-01	3
39.302	-8.655	1.4922E-01	1
39.301	-8.610	1.5233E-01	3
39.299	-8.565	1.6234E-01	2
39.297	-8.519	1.4873E-01	3
39.295	-8.472	1.1233E-01	2
39.293	-8.427	1.0862E-01	3
39.291	-8.382	1.1958E-01	0
39.289	-8.338	1.1642E-01	3
39.288	-8.293	1.1573E-01	0
39.306	-9.230	1.3416E-01	3
39.305	-9.182	1.4093E-01	3
39.303	-9.131	1.4300E-01	3
39.301	-9.082	1.4171E-01	3
39.300	-9.033	1.3413E-01	3
39.298	-8.984	1.1862E-01	3
39.296	-8.938	1.2432E-01	3
39.294	-8.890	1.3141E-01	3
39.293	-8.842	1.3643E-01	3
39.291	-8.795	1.3973E-01	3
39.289	-8.749	1.5065E-01	3
39.287	-8.702	1.4508E-01	3
39.286	-8.657	1.4814E-01	3
39.284	-8.611	1.5893E-01	3
39.282	-8.565	1.5893E-01	3
39.280	-8.519	1.3348E-01	3
39.278	-8.473	1.1298E-01	3
39.277	-8.427	1.1411E-01	3
39.275	-8.383	1.1134E-01	3
39.273	-8.339	1.1680E-01	3
39.271	-8.295	1.2104E-01	3
39.269	-8.251	1.1234E-01	3
39.289	-9.231	1.3979E-01	1
39.288	-9.182	1.4549E-01	3
39.286	-9.133	1.4443E-01	0
39.284	-9.083	1.4393E-01	3
39.283	-9.034	1.3506E-01	1
39.281	-8.985	1.1625E-01	3
39.279	-8.938	1.1204E-01	0
39.278	-8.891	1.2398E-01	3
39.276	-8.844	1.3564E-01	1
39.274	-8.797	1.4160E-01	3
39.272	-8.750	1.4740E-01	2
39.271	-8.703	1.4578E-01	3
39.269	-8.658	1.5090E-01	1
39.267	-8.612	1.6375E-01	3
39.266	-8.566	1.6008E-01	2
39.264	-8.520	1.2780E-01	3
39.262	-8.474	1.1769E-01	2
39.260	-8.428	1.2215E-01	3
39.258	-8.384	1.1705E-01	0
39.257	-8.340	1.1989E-01	3
39.255	-8.296	1.1848E-01	0
39.253	-8.252	1.1632E-01	3
39.272	-9.231	1.5168E-01	3
39.270	-9.183	1.4899E-01	3
39.269	-9.134	1.4743E-01	3
39.267	-9.085	1.4213E-01	3
39.265	-9.035	1.2729E-01	3
39.264	-8.987	1.1039E-01	3
39.262	-8.939	1.1543E-01	3
39.261	-8.892	1.3010E-01	3
39.259	-8.844	1.3913E-01	3
39.257	-8.798	1.3663E-01	3
39.256	-8.751	1.4059E-01	3
39.254	-8.704	1.5862E-01	3
39.252	-8.659	1.5934E-01	3
39.251	-8.613	1.6212E-01	3
39.249	-8.567	1.5533E-01	3
39.247	-8.520	1.2815E-01	3
39.245	-8.475	1.1712E-01	3
39.244	-8.430	1.2108E-01	3
39.242	-8.385	1.1976E-01	3
39.240	-8.341	1.1844E-01	3
39.238	-8.297	1.1219E-01	3
39.237	-8.254	1.1609E-01	3
39.339	-9.236	1.4627E-01	0
39.337	-9.187	1.4555E-01	3
39.335	-9.135	1.3504E-01	0
39.333	-9.087	1.2958E-01	3
39.331	-9.037	1.2622E-01	0
39.329	-8.989	1.2092E-01	3
39.327	-8.942	1.3789E-01	0
39.324	-8.894	1.2925E-01	3
39.322	-8.847	1.2285E-01	0
39.320	-8.799	1.4175E-01	3
39.318	-8.752	1.4521E-01	0
39.316	-8.706	1.4406E-01	3
39.314	-8.661	1.5113E-01	0
39.312	-8.615	1.5452E-01	3
39.310	-8.570	1.6742E-01	0
39.308	-8.524	1.6314E-01	3
39.306	-8.478	1.2028E-01	0
39.303	-8.432	1.1845E-01	3
39.301	-8.388	1.2859E-01	0
39.299	-8.343	1.2427E-01	3
39.297	-8.299	1.1740E-01	0
39.295	-8.255	1.1430E-01	3
39.322	-9.236	1.4547E-01	3
39.320	-9.187	1.5022E-01	3
39.318	-9.135	1.3853E-01	3
39.316	-9.087	1.3557E-01	3
39.314	-9.039	1.3636E-01	3
39.312	-8.990	1.2124E-01	3
39.310	-8.942	1.2705E-01	3
39.308	-8.895	1.3080E-01	3
39.305	-8.847	1.3042E-01	3
39.303	-8.800	1.3828E-01	3
39.301	-8.753	1.4805E-01	3
39.299	-8.707	1.4688E-01	3
39.297	-8.661	1.4916E-01	3
39.295	-8.616	1.5306E-01	3
39.293	-8.571	1.6312E-01	3
39.291	-8.525	1.4627E-01	3
39.289	-8.478	1.1370E-01	3
39.287	-8.433	1.0750E-01	3
39.285	-8.388	1.1202E-01	3
39.283	-8.344	1.1365E-01	3
39.281	-8.300	1.1522E-01	3
39.279	-8.256	1.1223E-01	3
39.304	-9.236	1.3170E-01	0
39.302	-9.188	1.3987E-01	3
39.300	-9.137	1.4367E-01	0
39.298	-9.088	1.4365E-01	3
39.296	-9.039	1.3500E-01	0
39.294	-8.990	1.1911E-01	3
39.293	-8.943	1.2141E-01	0
39.291	-8.896	1.3507E-01	3
39.289	-8.849	1.3831E-01	0
39.287	-8.801	1.4110E-01	3
39.285	-8.755	1.5003E-01	0
39.283	-8.708	1.4948E-01	3
39.281	-8.663	1.5003E-01	1
39.279	-8.617	1.5938E-01	3
39.277	-8.571	1.6394E-01	2
39.275	-8.526	1.3491E-01	3
39.272	-8.480	1.1730E-01	0
39.270	-8.434	1.2054E-01	3
39.268	-8.389	1.1612E-01	0
39.266	-8.345	1.1824E-01	3
39.264	-8.301	1.2525E-01	0
39.262	-8.257	1.1538E-01	3
39.287	-9.236	1.4342E-01	3
39.285	-9.188	1.4745E-01	3
39.283	-9.139	1.4477E-01	3
39.281	-9.089	1.4425E-01	3
39.279	-9.040	1.3677E-01	3
39.277	-8.991	1.1770E-01	3
39.276	-8.944	1.1253E-01	3
39.274	-8.897	1.1945E-01	3
39.272	-8.850	1.3345E-01	3
39.270	-8.803	1.3891E-01	3
39.268	-8.756	1.4712E-01	3
39.266	-8.709	1.5246E-01	3
39.264	-8.664	1.5296E-01	3
39.262	-8.618	1.6681E-01	3
39.260	-8.572	1.6225E-01	3
39.258	-8.526	1.3234E-01	3
39.256	-8.480	1.1646E-01	3
39.254	-8.435	1.2035E-01	3
39.252	-8.390	1.1722E-01	3
39.250	-8.347	1.1906E-01	3
39.248	-8.302	1.1547E-01	3
39.246	-8.259	1.1626E-01	3
39.270	-9.237	1.4989E-01	0
39.268	-9.189	1.4944E-01	3
39.266	-9.140	1.4910E-01	1
39.264	-9.090	1.4144E-01	3
39.262	-9.041	1.2934E-01	2
39.260	-8.992	1.1066E-01	3
39.259	-8.945	1.1446E-01	1
39.257	-8.898	1.2874E-01	3
39.255	-8.850	1.4045E-01	0
39.253	-8.803	1.3756E-01	3
39.251	-8.757	1.3340E-01	1
39.249	-8.710	1.5250E-01	3
39.247	-8.665	1.5450E-01	0
39.245	-8.619	1.6006E-01	3
39.243	-8.573	1.4972E-01	2
39.241	-8.526	1.2477E-01	3
39.239	-8.481	1.1705E-01	1
39.237	-8.436	1.2201E-01	3
39.235	-8.391	1.2031E-01	0
39.234	-8.347	1.1899E-01	3
39.232	-8.303	1.1190E-01	0
39.230	-8.260	1.1603E-01	3
39.252	-9.239	1.5037E-01	3
39.251	-9.190	1.4936E-01	3
39.249	-9.141	1.4602E-01	3
39.247	-9.091	1.4019E-01	3
39.245	-9.041	1.2580E-01	3
39.243	-8.993	1.1812E-01	3
39.242	-8.946	1.2655E-01	3
39.240	-8.898	1.3151E-01	3
39.238	-8.851	1.4316E-01	3
39.236	-8.804	1.3364E-01	3
39.234	-8.758	1.3027E-01	3
39.232	-8.711	1.4391E-01	3
39.230	-8.665	1.5565E-01	3
39.229	-8.620	1.6104E-01	3
39.227	-8.574	1.4231E-01	3
39.225	-8.528	1.2558E-01	3
39.223	-8.482	1.1937E-01	3
39.221	-8.437	1.2267E-01	3
39.219	-8.393	1.2346E-01	3
39.217	-8.348	1.1759E-01	3
39.215	-8.305	1.2282E-01	3
39.213	-8.261	1.1745E-01	3
39.235	-9.240	1.4555E-01	0
39.233	-9.190	1.2974E-01	3
39.232	-9.141	1.2772E-01	2
39.230	-9.092	1.3744E-01	3
39.228	-9.042	1.2791E-01	0
39.226	-8.994	1.3009E-01	3
39.225	-8.947	1.2380E-01	0
39.223	-8.900	1.3038E-01	3
39.221	-8.852	1.3306E-01	0
39.219	-8.805	1.3029E-01	3
39.217	-8.758	1.3308E-01	0
39.216	-8.713	1.4011E-01	3
39.214	-8.667	1.5908E-01	0
39.212	-8.621	1.7398E-01	3
39.210	-8.575	1.5696E-01	2
39.208	-8.528	1.2884E-01	3
39.206	-8.483	1.1736E-01	2
39.204	-8.438	1.2210E-01	3
39.203	-8.394	1.1756E-01	0
39.201	-8.350	1.1785E-01	3
39.199	-8.306	1.1775E-01	0
39.197	-8.261	1.1338E-01	3
39.218	-9.242	1.4033E-01	3
39.216	-9.191	1.2157E-01	3
39.214	-9.142	1.1978E-01	3
39.213	-9.093	1.3290E-01	3
39.211	-9.041	1.2137E-01	3
39.209	-8.994	1.2461E-01	3
39.208	-8.948	1.5232E-01	3
39.206	-8.900	1.4095E-01	3
39.204	-8.853	1.3255E-01	3
39.202	-8.806	1.2387E-01	3
39.201	-8.759	1.3684E-01	3
39.199	-8.714	1.5144E-01	3
39.197	-8.668	1.6112E-01	3
39.195	-8.621	1.7001E-01	3
39.193	-8.575	1.6595E-01	3
39.192	-8.529	1.4822E-01	3
39.190	-8.484	1.2351E-01	3
39.188	-8.440	1.2625E-01	3
39.186	-8.395	1.2282E-01	3
39.184	-8.351	1.2056E-01	3
39.182	-8.307	1.1591E-01	3
39.181	-8.262	1.1943E-01	3
39.201	-9.242	1.4406E-01	2
39.199	-9.192	1.2902E-01	3
39.197	-9.142	1.1765E-01	1
39.196	-9.092	1.3333E-01	3
39.194	-9.040	1.1577E-01	2
39.192	-8.995	1.1673E-01	3
39.191	-8.949	1.3597E-01	0
39.189	-8.901	1.2773E-01	3
39.187	-8.853	1.3503E-01	0
39.185	-8.806	1.3771E-01	3
39.184	-8.760	1.4256E-01	2
39.182	-8.715	1.5921E-01	3
39.180	-8.669	1.6455E-01	2
39.179	-8.622	1.6093E-01	3
39.177	-8.576	1.6265E-01	2
39.175	-8.530	1.3942E-01	3
39.173	-8.486	1.3193E-01	2
39.171	-8.440	1.1752E-01	3
39.170	-8.396	1.1814E-01	0
39.168	-8.351	1.1782E-01	3
39.166	-8.307	1.1650E-01	0
39.164	-8.263	1.2324E-01	3
39.183	-9.243	1.3237E-01	3
39.182	-9.193	1.2510E-01	3
39.180	-9.143	1.2327E-01	3
39.178	-9.090	1.3332E-01	3
39.177	-9.039	1.2167E-01	3
39.175	-8.997	1.1845E-01	3
39.174	-8.950	1.2397E-01	3
39.172	-8.902	1.3184E-01	3
39.170	-8.854	1.4537E-01	2
39.169	-8.808	1.4988E-01	3
39.167	-8.762	1.5194E-01	2
39.165	-8.716	1.7137E-01	3
39.164	-8.670	1.6758E-01	3
39.162	-8.623	1.5824E-01	3
39.160	-8.576	1.3946E-01	2
39.158	-8.532	1.5424E-01	3
39.157	-8.486	1.2497E-01	2
39.155	-8.441	1.1329E-01	3
39.153	-8.396	1.2074E-01	2
39.151	-8.352	1.1892E-01	3
39.150	-8.308	1.1793E-01	3
39.148	-8.265	1.2284E-01	3
39.251	-9.247	1.5065E-01	2
39.248	-9.197	1.4842E-01	3
39.246	-9.149	1.4454E-01	0
39.244	-9.099	1.4315E-01	3
39.242	-9.050	1.3010E-01	0
39.240	-9.001	1.2208E-01	3
39.238	-8.954	1.3050E-01	0
39.236	-8.906	1.2895E-01	3
39.234	-8.859	1.4210E-01	2
39.232	-8.812	1.3381E-01	3
39.230	-8.766	1.3393E-01	2
39.228	-8.720	1.4005E-01	3
39.226	-8.674	1.5587E-01	1
39.224	-8.628	1.6721E-01	3
39.221	-8.582	1.5092E-01	0
39.219	-8.536	1.3164E-01	3
39.217	-8.491	1.2048E-01	0
39.215	-8.446	1.2327E-01	3
39.213	-8.401	1.2445E-01	2
39.211	-8.357	1.1792E-01	3
39.209	-8.313	1.2276E-01	3
39.206	-8.269	1.1628E-01	3
39.233	-9.249	1.4812E-01	3
39.231	-9.198	1.3224E-01	3
39.229	-9.149	1.2666E-01	3
39.227	-9.100	1.3443E-01	3
39.225	-9.050	1.3098E-01	3
39.223	-9.001	1.2669E-01	3
39.221	-8.955	1.2815E-01	3
39.219	-8.908	1.2877E-01	3
39.217	-8.860	1.3474E-01	3
39.215	-8.813	1.2683E-01	3
39.213	-8.766	1.3107E-01	3
39.211	-8.721	1.3992E-01	3
39.209	-8.675	1.5708E-01	3
39.207	-8.629	1.7437E-01	3
39.205	-8.583	1.6585E-01	2
39.203	-8.536	1.4379E-01	3
39.201	-8.491	1.1963E-01	3
39.198	-8.447	1.2353E-01	3
39.196	-8.402	1.2043E-01	3
39.194	-8.358	1.1946E-01	3
39.192	-8.314	1.1781E-01	3
39.190	-8.270	1.1366E-01	3
39.216	-9.250	1.4173E-01	0
39.214	-9.199	1.2284E-01	3
39.212	-9.150	1.1766E-01	0
39.210	-9.101	1.3279E-01	3
39.208	-9.049	1.2265E-01	0
39.206	-9.002	1.1998E-01	3
39.204	-8.956	1.5293E-01	0
39.202	-8.908	1.4881E-01	3
39.200	-8.861	1.3449E-01	2
39.198	-8.813	1.2732E-01	3
39.196	-8.767	1.4141E-01	1
39.194	-8.722	1.5437E-01	3
39.192	-8.676	1.6434E-01	0
39.190	-8.630	1.6528E-01	3
39.188	-8.583	1.6633E-01	1
39.186	-8.537	1.5066E-01	3
39.184	-8.493	1.2778E-01	0
39.182	-8.448	1.2824E-01	3
39.180	-8.404	1.2315E-01	0
39.178	-8.359	1.2222E-01	3
39.176	-8.315	1.1657E-01	2
39.174	-8.271	1.2252E-01	3
39.199	-9.250	1.4652E-01	3
39.197	-9.200	1.3706E-01	3
39.195	-9.150	1.2016E-01	3
39.193	-9.100	1.3350E-01	3
39.191	-9.046	1.2007E-01	2
39.189	-9.002	1.1478E-01	3
39.187	-8.957	1.3140E-01	2
39.185	-8.909	1.2199E-01	3
39.183	-8.861	1.3893E-01	2
39.181	-8.814	1.4111E-01	3
39.179	-8.768	1.4345E-01	3
39.177	-8.723	1.5563E-01	3
39.176	-8.677	1.6621E-01	3
39.174	-8.630	1.5982E-01	3
39.171	-8.584	1.5931E-01	3
39.169	-8.538	1.4842E-01	3
39.168	-8.494	1.3576E-01	3
39.165	-8.448	1.1551E-01	3
39.163	-8.403	1.1713E-01	3
39.161	-8.359	1.1782E-01	3
39.159	-8.315	1.1750E-01	3
39.157	-8.272	1.2428E-01	3
39.180	-9.201	1.2304E-01	3
39.178	-9.151	1.2126E-01	0
39.176	-9.098	1.3360E-01	3
39.174	-9.046	1.2491E-01	0
39.172	-9.004	1.1962E-01	3
39.170	-8.958	1.2325E-01	0
39.168	-8.910	1.3563E-01	3
39.166	-8.862	1.4565E-01	2
39.164	-8.816	1.4961E-01	3
39.163	-8.769	1.5545E-01	2
39.161	-8.724	1.7274E-01	3
39.159	-8.678	1.7064E-01	0
39.157	-8.631	1.6569E-01	3
39.155	-8.584	1.3290E-01	0
39.153	-8.540	1.5173E-01	3
39.151	-8.495	1.2714E-01	0
39.149	-8.449	1.1333E-01	3
39.147	-8.405	1.2288E-01	1
39.145	-8.361	1.2119E-01	3
39.143	-8.316	1.1738E-01	1
39.141	-8.273	1.2337E-01	3
39.162	-9.202	1.1839E-01	3
39.160	-9.152	1.2610E-01	1
39.159	-9.101	1.3949E-01	3
39.157	-9.053	1.3615E-01	2
39.155	-9.006	1.2256E-01	3
39.153	-8.958	1.2051E-01	2
39.151	-8.911	1.4914E-01	3
39.149	-8.863	1.4992E-01	3
39.148	-8.817	1.4525E-01	3
39.146	-8.771	1.4597E-01	3
39.144	-8.725	1.7105E-01	3
39.142	-8.678	1.7118E-01	3
39.140	-8.632	1.6083E-01	3
39.138	-8.585	1.2238E-01	3
39.136	-8.541	1.3228E-01	3
39.134	-8.496	1.1935E-01	1
39.132	-8.451	1.1720E-01	3
39.131	-8.406	1.2067E-01	3
39.129	-8.362	1.2201E-01	3
39.127	-8.317	1.1714E-01	3
39.125	-8.274	1.1998E-01	3
39.145	-9.203	1.2981E-01	3
39.143	-9.151	1.3088E-01	0
39.141	-9.101	1.3970E-01	3
39.140	-9.055	1.4650E-01	0
39.138	-9.007	1.4004E-01	3
39.136	-8.960	1.3007E-01	0
39.134	-8.912	1.4973E-01	3
39.133	-8.864	1.4823E-01	2
39.131	-8.818	1.3694E-01	3
39.129	-8.772	1.3783E-01	0
39.127	-8.726	1.6302E-01	3
39.125	-8.679	1.7838E-01	0
39.123	-8.633	1.5926E-01	3
39.122	-8.587	1.2648E-01	0
39.120	-8.542	1.3226E-01	3
39.118	-8.497	1.2672E-01	2
39.116	-8.452	1.2262E-01	3
39.114	-8.407	1.2259E-01	2
39.112	-8.363	1.2260E-01	3
39.110	-8.319	1.2300E-01	2
39.108	-8.275	1.1703E-01	3
39.128	-9.203	1.3035E-01	3
39.126	-9.151	1.2936E-01	2
39.124	-9.103	1.3985E-01	3
39.123	-9.056	1.3667E-01	3
39.121	-9.008	1.3529E-01	3
39.119	-8.961	1.2532E-01	2
39.117	-8.913	1.3474E-01	3
39.116	-8.865	1.3647E-01	3
39.114	-8.819	1.3831E-01	3
39.112	-8.773	1.4599E-01	3
39.110	-8.727	1.5656E-01	3
39.109	-8.680	1.4351E-01	3
39.107	-8.634	1.3012E-01	3
39.105	-8.588	1.3002E-01	2
39.103	-8.542	1.2714E-01	3
39.101	-8.497	1.2526E-01	2
39.099	-8.452	1.2194E-01	3
39.098	-8.407	1.2267E-01	3
39.096	-8.363	1.1926E-01	3
39.094	-8.320	1.1750E-01	3
39.092	-8.276	1.2327E-01	3
39.111	-9.203	1.3436E-01	3
39.109	-9.152	1.3057E-01	0
39.107	-9.105	1.4635E-01	3
39.106	-9.056	1.4429E-01	1
39.104	-9.008	1.3354E-01	3
39.102	-8.962	1.3132E-01	0
39.100	-8.914	1.2403E-01	3
39.099	-8.867	1.2532E-01	0
39.097	-8.820	1.2800E-01	3
39.095	-8.774	1.5665E-01	0
39.094	-8.727	1.5226E-01	3
39.092	-8.681	1.4116E-01	0
39.090	-8.635	1.2927E-01	3
39.088	-8.589	1.2684E-01	0
39.087	-8.543	1.3190E-01	3
39.085	-8.498	1.2519E-01	2
39.083	-8.453	1.2775E-01	3
39.081	-8.409	1.2251E-01	2
39.079	-8.364	1.1670E-01	3
39.078	-8.321	1.1627E-01	2
39.076	-8.277	1.1556E-01	3
39.093	-9.204	1.4388E-01	3
39.092	-9.154	1.4410E-01	3
39.090	-9.106	1.4812E-01	3
39.088	-9.057	1.4650E-01	3
39.087	-9.009	1.6528E-01	3
39.085	-8.963	1.3587E-01	3
39.084	-8.915	1.2842E-01	3
39.082	-8.868	1.3499E-01	3
39.080	-8.822	1.4807E-01	3
39.079	-8.775	1.5735E-01	3
39.077	-8.728	1.5724E-01	3
39.075	-8.682	1.5409E-01	3
39.073	-8.636	1.3031E-01	3
39.072	-8.590	1.3077E-01	2
39.070	-8.545	1.2494E-01	3
39.068	-8.499	1.2384E-01	2
39.066	-8.454	1.2801E-01	3
39.065	-8.409	1.2133E-01	3
39.063	-8.366	1.1929E-01	3
39.061	-8.322	1.2079E-01	3
39.059	-8.279	1.1953E-01	3
39.160	-9.208	1.2112E-01	3
39.158	-9.158	1.2861E-01	0
39.156	-9.106	1.4156E-01	3
39.154	-9.059	1.4251E-01	0
39.152	-9.012	1.2936E-01	3
39.149	-8.964	1.2262E-01	0
39.147	-8.917	1.5076E-01	3
39.145	-8.869	1.5193E-01	1
39.143	-8.823	1.4163E-01	3
39.141	-8.777	1.3946E-01	2
39.139	-8.731	1.6694E-01	3
39.137	-8.685	1.7527E-01	2
39.135	-8.638	1.6631E-01	3
39.133	-8.592	1.2620E-01	0
39.131	-8.547	1.3223E-01	3
39.128	-8.502	1.2424E-01	0
39.126	-8.457	1.2164E-01	3
39.124	-8.413	1.2204E-01	1
39.122	-8.368	1.2138E-01	3
39.120	-8.324	1.2152E-01	2
39.118	-8.280	1.1998E-01	3
39.143	-9.209	1.3484E-01	3
39.140	-9.157	1.2948E-01	2
39.138	-9.107	1.3691E-01	3
39.137	-9.061	1.4511E-01	2
39.135	-9.013	1.4171E-01	3
39.132	-8.966	1.3213E-01	3
39.130	-8.918	1.4790E-01	3
39.128	-8.870	1.4717E-01	2
39.126	-8.824	1.4078E-01	3
39.124	-8.778	1.3750E-01	3
39.122	-8.732	1.6208E-01	3
39.120	-8.685	1.6752E-01	2
39.118	-8.639	1.5313E-01	3
39.116	-8.594	1.3124E-01	2
39.114	-8.548	1.3043E-01	3
39.112	-8.503	1.2822E-01	2
39.110	-8.458	1.2268E-01	3
39.108	-8.413	1.2285E-01	3
39.105	-8.369	1.2475E-01	3
39.103	-8.325	1.2145E-01	3
39.101	-8.282	1.1664E-01	3
39.125	-9.209	1.2801E-01	3
39.123	-9.157	1.3081E-01	0
39.121	-9.109	1.4213E-01	3
39.119	-9.061	1.3974E-01	0
39.117	-9.013	1.3412E-01	3
39.116	-8.967	1.2604E-01	0
39.113	-8.918	1.2823E-01	3
39.111	-8.871	1.3369E-01	2
39.109	-8.825	1.3464E-01	3
39.108	-8.779	1.4899E-01	2
39.106	-8.733	1.5667E-01	3
39.103	-8.686	1.4344E-01	0
39.101	-8.640	1.2850E-01	3
39.099	-8.594	1.2767E-01	1
39.097	-8.548	1.2930E-01	3
39.095	-8.503	1.2498E-01	0
39.093	-8.458	1.2588E-01	3
39.091	-8.414	1.2345E-01	0
39.089	-8.369	1.1719E-01	3
39.087	-8.326	1.1667E-01	2
39.085	-8.283	1.2388E-01	3
39.108	-9.209	1.3932E-01	3
39.106	-9.157	1.3129E-01	2
39.104	-9.111	1.4697E-01	3
39.102	-9.063	1.4714E-01	3
39.100	-9.013	1.4251E-01	3
39.099	-8.968	1.3522E-01	3
39.097	-8.920	1.2632E-01	3
39.095	-8.872	1.2627E-01	2
39.093	-8.826	1.3090E-01	3
39.091	-8.780	1.5621E-01	3
39.089	-8.733	1.5281E-01	3
39.087	-8.687	1.5075E-01	2
39.085	-8.641	1.3353E-01	3
39.083	-8.595	1.2749E-01	2
39.081	-8.550	1.3095E-01	3
39.079	-8.504	1.2525E-01	3
39.077	-8.459	1.2786E-01	3
39.075	-8.415	1.2211E-01	3
39.073	-8.371	1.1757E-01	3
39.071	-8.327	1.1810E-01	3
39.069	-8.283	1.1622E-01	3
39.091	-9.210	1.4399E-01	3
39.089	-9.160	1.4572E-01	0
39.087	-9.112	1.4806E-01	3
39.085	-9.063	1.4567E-01	0
39.083	-9.014	1.6177E-01	3
39.082	-8.969	1.3732E-01	0
39.080	-8.921	1.2736E-01	3
39.078	-8.873	1.4167E-01	2
39.076	-8.827	1.4974E-01	3
39.074	-8.781	1.5774E-01	2
39.072	-8.734	1.5440E-01	3
39.070	-8.688	1.5218E-01	0
39.068	-8.642	1.2563E-01	3
39.066	-8.596	1.2797E-01	0
39.064	-8.551	1.2256E-01	3
39.062	-8.506	1.2379E-01	0
39.060	-8.460	1.2762E-01	3
39.058	-8.415	1.2098E-01	0
39.056	-8.372	1.2010E-01	3
39.054	-8.328	1.2279E-01	1
39.052	-8.285	1.2108E-01	3
39.074	-9.211	1.4375E-01	3
39.072	-9.161	1.4453E-01	2
39.070	-9.112	1.4877E-01	3
39.068	-9.064	1.4303E-01	3
39.066	-9.016	1.4420E-01	3
39.065	-8.970	1.4582E-01	1
39.063	-8.922	1.3575E-01	3
39.061	-8.875	1.5317E-01	1
39.059	-8.828	1.5244E-01	3
39.057	-8.782	1.5400E-01	3
39.055	-8.735	1.6072E-01	3
39.053	-8.689	1.5205E-01	3
39.051	-8.642	1.2656E-01	3
39.049	-8.597	1.1302E-01	3
39.048	-8.551	1.2004E-01	3
39.046	-8.506	1.2449E-01	3
39.044	-8.461	1.2500E-01	3
39.042	-8.417	1.1792E-01	3
39.040	-8.373	1.1771E-01	3
39.038	-8.329	1.2278E-01	3
39.036	-8.286	1.1974E-01	3
39.056	-9.212	1.4379E-01	3
39.055	-9.162	1.4412E-01	0
39.053	-9.112	1.4507E-01	3
39.051	-9.063	1.4507E-01	0
39.049	-9.016	1.4881E-01	3
39.048	-8.971	1.5404E-01	0
39.046	-8.923	1.6333E-01	3
39.044	-8.876	1.5849E-01	2
39.042	-8.829	1.6394E-01	3
39.040	-8.783	1.6026E-01	0
39.038	-8.736	1.4775E-01	3
39.037	-8.689	1.4170E-01	0
39.035	-8.643	1.2599E-01	3
39.033	-8.597	1.1123E-01	0
39.031	-8.552	1.2297E-01	3
39.029	-8.507	1.2415E-01	2
39.027	-8.462	1.2604E-01	3
39.025	-8.418	1.1496E-01	2
39.023	-8.375	1.1642E-01	3
39.022	-8.331	1.1938E-01	2
39.020	-8.288	1.2698E-01	3
39.039	-9.211	1.3987E-01	3
39.037	-9.162	1.4455E-01	3
39.036	-9.111	1.4355E-01	3
39.034	-9.063	1.3703E-01	1
39.032	-9.017	1.4200E-01	3
39.031	-8.972	1.6944E-01	1
39.029	-8.924	1.4356E-01	3
39.027	-8.877	1.3844E-01	1
39.025	-8.830	1.3889E-01	3
39.023	-8.783	1.5952E-01	3
39.022	-8.737	1.4990E-01	3
39.020	-8.691	1.2641E-01	3
39.018	-8.644	1.1398E-01	3
39.016	-8.598	1.0989E-01	3
39.014	-8.553	1.1724E-01	3
39.013	-8.508	1.2025E-01	3
39.011	-8.464	1.2253E-01	3
39.009	-8.420	1.2094E-01	3
39.007	-8.376	1.3718E-01	3
39.005	-8.333	1.4872E-01	3
39.003	-8.289	1.3798E-01	3
39.022	-9.212	1.3589E-01	3
39.020	-9.162	1.4375E-01	0
39.018	-9.112	1.3997E-01	3
39.017	-9.065	1.4203E-01	1
39.015	-9.018	1.4549E-01	3
39.014	-8.972	1.5072E-01	0
39.012	-8.925	1.4710E-01	3
39.010	-8.878	1.5962E-01	0
39.008	-8.831	1.5494E-01	3
39.007	-8.784	1.6472E-01	0
39.005	-8.738	1.6116E-01	3
39.003	-8.692	1.2950E-01	0
39.001	-8.645	1.2451E-01	3
39.000	-8.599	1.1709E-01	0
38.998	-8.554	1.1656E-01	3
38.996	-8.509	1.2595E-01	2
38.994	-8.466	1.3100E-01	3
38.993	-8.422	1.4076E-01	2
38.991	-8.378	1.4643E-01	3
38.989	-8.333	1.3547E-01	2
38.987	-8.290	1.3929E-01	3
39.005	-9.213	1.4256E-01	3
39.003	-9.162	1.4162E-01	3
39.001	-9.115	1.3989E-01	3
39.000	-9.067	1.5081E-01	3
38.998	-9.020	1.4836E-01	3
38.997	-8.973	1.4853E-01	2
38.995	-8.926	1.4986E-01	3
38.993	-8.879	1.5359E-01	3
38.992	-8.832	1.4870E-01	3
38.990	-8.785	1.5642E-01	3
38.988	-8.738	1.6203E-01	3
38.986	-8.692	1.4459E-01	3
38.985	-8.646	1.2405E-01	3
38.983	-8.601	1.3006E-01	3
38.981	-8.555	1.2409E-01	3
38.980	-8.511	1.4024E-01	3
38.978	-8.467	1.4601E-01	3
38.976	-8.422	1.3470E-01	3
38.974	-8.378	1.1883E-01	3
38.972	-8.334	1.1889E-01	3
38.971	-8.290	1.2228E-01	3
39.072	-9.219	1.4353E-01	3
39.069	-9.169	1.4264E-01	0
39.067	-9.120	1.4855E-01	3
39.065	-9.071	1.4309E-01	0
39.063	-9.024	1.4448E-01	3
39.061	-8.978	1.4894E-01	0
39.059	-8.930	1.3948E-01	3
39.057	-8.883	1.5701E-01	0
39.055	-8.837	1.5472E-01	3
39.053	-8.790	1.5672E-01	0
39.051	-8.743	1.6017E-01	3
39.049	-8.697	1.5522E-01	0
39.046	-8.651	1.3300E-01	3
39.044	-8.605	1.1419E-01	2
39.042	-8.559	1.2175E-01	3
39.040	-8.514	1.2226E-01	1
39.038	-8.470	1.2545E-01	3
39.036	-8.425	1.1819E-01	0
39.034	-8.382	1.1870E-01	3
39.031	-8.338	1.2254E-01	0
39.029	-8.295	1.2218E-01	3
39.027	-8.252	1.2778E-01	0
39.054	-9.220	1.4474E-01	3
39.052	-9.170	1.4513E-01	1
39.050	-9.120	1.4675E-01	3
39.048	-9.071	1.4485E-01	1
39.046	-9.024	1.4758E-01	3
39.044	-8.979	1.5983E-01	3
39.042	-8.931	1.5921E-01	3
39.040	-8.884	1.5231E-01	3
39.038	-8.837	1.5915E-01	3
39.036	-8.791	1.5926E-01	3
39.034	-8.744	1.4764E-01	3
39.032	-8.698	1.3959E-01	3
39.030	-8.651	1.2460E-01	3
39.028	-8.605	1.1162E-01	3
39.025	-8.560	1.1735E-01	3
39.023	-8.515	1.2792E-01	3
39.021	-8.471	1.2682E-01	3
39.019	-8.427	1.1751E-01	3
39.017	-8.383	1.1924E-01	3
39.015	-8.340	1.2878E-01	3
39.013	-8.296	1.3080E-01	3
39.011	-8.253	1.2483E-01	3
39.037	-9.219	1.4249E-01	3
39.035	-9.170	1.4533E-01	0
39.033	-9.119	1.4466E-01	3
39.031	-9.071	1.3793E-01	0
39.029	-9.025	1.3905E-01	3
39.027	-8.979	1.6688E-01	0
39.025	-8.933	1.4712E-01	3
39.023	-8.885	1.4801E-01	0
39.021	-8.838	1.4301E-01	3
39.019	-8.791	1.6130E-01	1
39.017	-8.745	1.5752E-01	3
39.015	-8.699	1.3024E-01	1
39.013	-8.652	1.1665E-01	3
39.011	-8.606	1.1283E-01	2
39.009	-8.562	1.1667E-01	3
39.007	-8.516	1.2141E-01	0
39.005	-8.472	1.2364E-01	3
39.003	-8.429	1.3041E-01	0
39.001	-8.385	1.4754E-01	3
38.999	-8.341	1.5336E-01	0
38.997	-8.298	1.4302E-01	3
38.995	-8.254	1.3716E-01	0
39.020	-9.220	1.3567E-01	3
39.018	-9.170	1.4331E-01	3
39.016	-9.121	1.4102E-01	3
39.014	-9.073	1.4487E-01	1
39.012	-9.026	1.4894E-01	3
39.010	-8.980	1.5189E-01	3
39.008	-8.933	1.4627E-01	3
39.006	-8.886	1.5784E-01	3
39.004	-8.839	1.5228E-01	3
39.002	-8.792	1.6361E-01	3
39.000	-8.746	1.6411E-01	3
38.998	-8.700	1.3450E-01	3
38.996	-8.653	1.2601E-01	3
38.994	-8.608	1.2358E-01	3
38.992	-8.563	1.1738E-01	3
38.990	-8.518	1.3238E-01	3
38.988	-8.474	1.3588E-01	3
38.986	-8.430	1.4137E-01	3
38.984	-8.385	1.3174E-01	3
38.982	-8.341	1.2499E-01	3
38.980	-8.298	1.3282E-01	3
38.978	-8.255	1.3493E-01	3
39.003	-9.222	1.4468E-01	3
39.001	-9.170	1.4268E-01	0
38.999	-9.121	1.3973E-01	3
38.997	-9.075	1.5092E-01	0
38.995	-9.028	1.4697E-01	3
38.993	-8.980	1.4597E-01	0
38.991	-8.934	1.4931E-01	3
38.989	-8.887	1.5426E-01	0
38.987	-8.840	1.5014E-01	3
38.986	-8.793	1.5487E-01	1
38.984	-8.747	1.5870E-01	3
38.982	-8.700	1.5658E-01	0
38.980	-8.654	1.2922E-01	3
38.978	-8.609	1.3222E-01	2
38.976	-8.564	1.2579E-01	3
38.974	-8.519	1.4312E-01	0
38.972	-8.475	1.4966E-01	3
38.970	-8.431	1.3044E-01	0
38.968	-8.386	1.2119E-01	3
38.966	-8.342	1.1822E-01	0
38.964	-8.298	1.2068E-01	3
38.962	-8.255	1.2207E-01	0
38.985	-9.222	1.4589E-01	3
38.983	-9.170	1.3881E-01	3
38.981	-9.121	1.3574E-01	3
38.980	-9.075	1.4684E-01	3
38.978	-9.028	1.3883E-01	3
38.976	-8.981	1.4111E-01	3
38.974	-8.935	1.4590E-01	3
38.972	-8.888	1.5435E-01	3
38.971	-8.841	1.5135E-01	3
38.969	-8.794	1.5390E-01	3
38.967	-8.748	1.4135E-01	3
38.965	-8.701	1.3402E-01	3
38.963	-8.655	1.2038E-01	3
38.961	-8.610	1.2954E-01	3
38.959	-8.565	1.2877E-01	3
38.957	-8.520	1.5558E-01	2
38.955	-8.476	1.6189E-01	3
38.953	-8.431	1.2566E-01	3
38.951	-8.387	1.1902E-01	3
38.949	-8.343	1.1964E-01	2
38.948	-8.299	1.1994E-01	3
38.946	-8.256	1.2012E-01	3
38.968	-9.222	1.3996E-01	3
38.966	-9.171	1.4275E-01	0
38.964	-9.122	1.4112E-01	3
38.963	-9.074	1.4213E-01	0
38.961	-9.028	1.4749E-01	3
38.959	-8.983	1.4504E-01	0
38.957	-8.936	1.5367E-01	3
38.956	-8.889	1.4844E-01	0
38.954	-8.842	1.4927E-01	3
38.952	-8.795	1.4616E-01	0
38.950	-8.749	1.3567E-01	3
38.948	-8.703	1.3839E-01	0
38.946	-8.657	1.4001E-01	3
38.944	-8.611	1.4018E-01	0
38.943	-8.566	1.4029E-01	3
38.941	-8.522	1.4924E-01	0
38.939	-8.477	1.4985E-01	3
38.937	-8.432	1.2448E-01	0
38.935	-8.388	1.1829E-01	3
38.933	-8.344	1.1985E-01	0
38.931	-8.300	1.2198E-01	3
38.929	-8.257	1.1961E-01	0
38.951	-9.222	1.4251E-01	3
38.949	-9.173	1.4312E-01	3
38.947	-9.123	1.4233E-01	3
38.945	-9.075	1.3855E-01	3
38.944	-9.029	1.4018E-01	3
38.942	-8.984	1.4302E-01	3
38.940	-8.937	1.5181E-01	3
38.939	-8.890	1.5231E-01	3
38.937	-8.843	1.4736E-01	3
38.935	-8.796	1.3720E-01	3
38.933	-8.749	1.2893E-01	3
38.931	-8.703	1.3316E-01	3
38.930	-8.657	1.2368E-01	3
38.928	-8.612	1.3556E-01	3
38.926	-8.567	1.4648E-01	3
38.924	-8.522	1.3182E-01	1
38.922	-8.478	1.2528E-01	3
38.920	-8.433	1.2130E-01	3
38.919	-8.389	1.2204E-01	3
38.917	-8.345	1.2322E-01	3
38.915	-8.302	1.2351E-01	3
38.913	-8.258	1.2042E-01	3
38.933	-9.223	1.4896E-01	2
38.932	-9.175	1.4333E-01	0
38.930	-9.125	1.3632E-01	3
38.928	-9.076	1.4120E-01	0
38.927	-9.031	1.4562E-01	3
38.925	-8.985	1.4595E-01	0
38.923	-8.938	1.5502E-01	3
38.922	-8.891	1.6302E-01	0
38.920	-8.844	1.5985E-01	3
38.918	-8.797	1.3530E-01	0
38.916	-8.750	1.2903E-01	2
38.915	-8.704	1.3126E-01	0
38.913	-8.658	1.4341E-01	3
38.911	-8.613	1.2722E-01	0
38.909	-8.568	1.2291E-01	3
38.908	-8.523	1.2127E-01	0
38.906	-8.478	1.2444E-01	3
38.904	-8.434	1.1935E-01	0
38.902	-8.390	1.1853E-01	3
38.900	-8.346	1.1967E-01	0
38.899	-8.303	1.2018E-01	3
38.897	-8.259	1.2057E-01	2
38.916	-9.223	1.3774E-01	3
38.915	-9.176	1.3512E-01	3
38.913	-9.128	1.3596E-01	3
38.911	-9.078	1.3803E-01	3
38.910	-9.033	1.5606E-01	3
38.908	-8.986	1.4710E-01	3
38.907	-8.939	1.5583E-01	3
38.905	-8.891	1.5244E-01	3
38.903	-8.844	1.4166E-01	3
38.901	-8.798	1.2845E-01	3
38.900	-8.751	1.2601E-01	3
38.898	-8.705	1.2813E-01	3
38.896	-8.659	1.3374E-01	3
38.895	-8.613	1.2227E-01	3
38.893	-8.568	1.2040E-01	3
38.891	-8.524	1.2053E-01	2
38.889	-8.479	1.1822E-01	3
38.888	-8.434	1.2266E-01	3
38.886	-8.390	1.2162E-01	3
38.884	-8.346	1.2020E-01	3
38.882	-8.303	1.2110E-01	3
38.880	-8.260	1.2056E-01	2
38.983	-9.228	1.4617E-01	3
38.981	-9.176	1.4169E-01	0
38.979	-9.127	1.3724E-01	3
38.977	-9.080	1.4482E-01	0
38.975	-9.033	1.4193E-01	3
38.973	-8.987	1.4098E-01	0
38.971	-8.941	1.4790E-01	3
38.968	-8.894	1.5491E-01	0
38.966	-8.847	1.4973E-01	3
38.964	-8.800	1.5262E-01	0
38.962	-8.754	1.4390E-01	3
38.960	-8.708	1.4113E-01	0
38.958	-8.662	1.2948E-01	3
38.956	-8.616	1.2682E-01	2
38.953	-8.571	1.2705E-01	3
38.951	-8.527	1.5090E-01	2
38.949	-8.482	1.6442E-01	3
38.947	-8.438	1.3142E-01	0
38.945	-8.393	1.1819E-01	3
38.943	-8.349	1.1958E-01	0
38.941	-8.305	1.2142E-01	3
38.938	-8.262	1.2012E-01	0
38.966	-9.228	1.3890E-01	3
38.964	-9.177	1.4296E-01	3
38.961	-9.128	1.4407E-01	3
38.959	-9.080	1.4369E-01	3
38.958	-9.034	1.4959E-01	3
38.956	-8.988	1.4797E-01	3
38.954	-8.942	1.5433E-01	3
38.952	-8.895	1.4855E-01	3
38.949	-8.848	1.4772E-01	3
38.947	-8.801	1.4766E-01	3
38.945	-8.755	1.3367E-01	3
38.943	-8.708	1.3262E-01	3
38.941	-8.663	1.3529E-01	3
38.939	-8.618	1.4889E-01	3
38.937	-8.573	1.5227E-01	3
38.935	-8.528	1.4612E-01	2
38.933	-8.483	1.3986E-01	3
38.931	-8.438	1.2426E-01	2
38.928	-8.394	1.2233E-01	3
38.926	-8.351	1.2367E-01	2
38.924	-8.307	1.2329E-01	3
38.922	-8.263	1.2110E-01	2
38.948	-9.228	1.4240E-01	3
38.946	-9.179	1.4528E-01	0
38.944	-9.129	1.4166E-01	3
38.942	-9.081	1.3977E-01	0
38.940	-9.035	1.3972E-01	3
38.939	-8.990	1.4206E-01	0
38.937	-8.943	1.5113E-01	3
38.935	-8.896	1.5565E-01	0
38.933	-8.849	1.5225E-01	3
38.931	-8.802	1.3604E-01	1
38.928	-8.755	1.2627E-01	3
38.926	-8.709	1.3821E-01	0
38.924	-8.663	1.2806E-01	3
38.922	-8.618	1.2507E-01	2
38.920	-8.573	1.3562E-01	3
38.918	-8.529	1.2631E-01	0
38.916	-8.484	1.2377E-01	3
38.914	-8.439	1.2025E-01	0
38.912	-8.395	1.1899E-01	3
38.910	-8.351	1.2033E-01	0
38.908	-8.308	1.2167E-01	3
38.906	-8.265	1.2219E-01	0
38.931	-9.229	1.4979E-01	3
38.929	-9.180	1.4376E-01	3
38.927	-9.131	1.3546E-01	3
38.925	-9.082	1.3964E-01	3
38.923	-9.036	1.4638E-01	3
38.922	-8.991	1.4493E-01	3
38.920	-8.944	1.5756E-01	3
38.918	-8.897	1.6094E-01	3
38.916	-8.849	1.6346E-01	3
38.914	-8.803	1.3668E-01	3
38.912	-8.756	1.3058E-01	3
38.910	-8.710	1.2726E-01	2
38.908	-8.664	1.4657E-01	3
38.906	-8.619	1.3171E-01	2
38.904	-8.574	1.2313E-01	3
38.902	-8.529	1.2015E-01	3
38.900	-8.484	1.2221E-01	3
38.898	-8.440	1.1963E-01	2
38.896	-8.396	1.2075E-01	3
38.894	-8.352	1.1982E-01	3
38.892	-8.309	1.2105E-01	3
38.889	-8.265	1.2008E-01	3
38.914	-9.228	1.3326E-01	3
38.912	-9.181	1.3360E-01	0
38.910	-9.134	1.3662E-01	3
38.908	-9.084	1.3840E-01	0
38.906	-9.039	1.5693E-01	3
38.905	-8.992	1.4625E-01	0
38.903	-8.945	1.5554E-01	3
38.901	-8.897	1.4859E-01	0
38.899	-8.850	1.3633E-01	3
38.897	-8.804	1.2562E-01	1
38.895	-8.757	1.2407E-01	3
38.893	-8.711	1.2680E-01	0
38.891	-8.665	1.3064E-01	3
38.889	-8.619	1.2072E-01	1
38.887	-8.574	1.1629E-01	3
38.885	-8.530	1.2113E-01	0
38.883	-8.485	1.1831E-01	3
38.881	-8.440	1.2266E-01	0
38.879	-8.396	1.2461E-01	3
38.877	-8.353	1.1980E-01	0
38.875	-8.310	1.2230E-01	3
38.873	-8.266	1.2034E-01	0
38.897	-9.229	1.3241E-01	3
38.895	-9.181	1.3403E-01	3
38.893	-9.133	1.3777E-01	3
38.891	-9.085	1.4172E-01	3
38.889	-9.040	1.6192E-01	3
38.888	-8.993	1.4868E-01	3
38.886	-8.946	1.5841E-01	3
38.884	-8.898	1.4368E-01	3
38.882	-8.851	1.2887E-01	3
38.880	-8.805	1.2460E-01	3
38.878	-8.758	1.2683E-01	3
38.876	-8.712	1.3305E-01	2
38.874	-8.666	1.3167E-01	3
38.872	-8.620	1.2481E-01	3
38.871	-8.575	1.2886E-01	3
38.869	-8.530	1.2255E-01	1
38.867	-8.486	1.2035E-01	3
38.865	-8.441	1.2154E-01	2
38.863	-8.397	1.2061E-01	3
38.861	-8.353	1.1912E-01	2
38.859	-8.311	1.2284E-01	3
38.857	-8.267	1.2126E-01	3
38.879	-9.231	1.3358E-01	3
38.878	-9.182	1.3480E-01	0
38.876	-9.135	1.4070E-01	3
38.874	-9.088	1.6374E-01	0
38.872	-9.041	1.5150E-01	3
38.871	-8.994	1.3871E-01	0
38.869	-8.946	1.4788E-01	3
38.867	-8.899	1.4972E-01	0
38.865	-8.852	1.3991E-01	3
38.863	-8.805	1.2375E-01	0
38.861	-8.759	1.3414E-01	3
38.860	-8.713	1.3276E-01	0
38.858	-8.667	1.2395E-01	3
38.856	-8.621	1.2579E-01	0
38.854	-8.576	1.2862E-01	3
38.852	-8.531	1.2398E-01	0
38.850	-8.487	1.1939E-01	3
38.848	-8.443	1.2241E-01	0
38.846	-8.398	1.1943E-01	3
38.844	-8.354	1.1928E-01	0
38.843	-8.311	1.2062E-01	3
38.841	-8.268	1.2352E-01	0
38.862	-9.232	1.3205E-01	3
38.861	-9.185	1.4086E-01	3
38.859	-9.138	1.5884E-01	3
38.857	-9.090	1.6900E-01	3
38.855	-9.043	1.4431E-01	3
38.854	-8.995	1.3541E-01	3
38.852	-8.947	1.4270E-01	3
38.850	-8.900	1.3731E-01	3
38.848	-8.853	1.2534E-01	3
38.846	-8.806	1.2102E-01	3
38.845	-8.760	1.2280E-01	3
38.843	-8.714	1.2808E-01	3
38.841	-8.668	1.2166E-01	3
38.839	-8.622	1.2871E-01	3
38.837	-8.577	1.3903E-01	3
38.835	-8.532	1.2524E-01	1
38.834	-8.487	1.2259E-01	3
38.832	-8.443	1.2311E-01	2
38.830	-8.399	1.1776E-01	3
38.828	-8.355	1.1688E-01	2
38.826	-8.312	1.1999E-01	3
38.824	-8.269	1.2610E-01	2
38.845	-9.234	1.3572E-01	3
38.843	-9.188	1.5198E-01	0
38.842	-9.140	1.5053E-01	3
38.840	-9.091	1.6131E-01	0
38.838	-9.044	1.3211E-01	3
38.837	-8.996	1.2945E-01	0
38.835	-8.948	1.3812E-01	3
38.833	-8.901	1.4013E-01	0
38.831	-8.854	1.2693E-01	3
38.830	-8.807	1.2189E-01	0
38.828	-8.761	1.2218E-01	3
38.826	-8.715	1.2297E-01	0
38.824	-8.669	1.2065E-01	3
38.823	-8.623	1.1639E-01	0
38.821	-8.578	1.2737E-01	3
38.819	-8.533	1.2583E-01	0
38.817	-8.489	1.2014E-01	3
38.815	-8.444	1.2205E-01	0
38.814	-8.400	1.1879E-01	3
38.812	-8.356	1.1676E-01	0
38.810	-8.313	1.1865E-01	3
38.808	-8.269	1.2111E-01	2
38.828	-9.233	1.3363E-01	3
38.826	-9.187	1.4193E-01	2
38.825	-9.140	1.5714E-01	3
38.823	-9.092	1.5900E-01	3
38.821	-9.044	1.2692E-01	3
38.820	-8.997	1.2832E-01	3
38.818	-8.949	1.3377E-01	3
38.816	-8.902	1.3833E-01	3
38.815	-8.855	1.3341E-01	3
38.813	-8.808	1.2232E-01	2
38.811	-8.762	1.2161E-01	3
38.809	-8.716	1.2068E-01	2
38.808	-8.670	1.2041E-01	3
38.806	-8.625	1.2231E-01	3
38.804	-8.580	1.2199E-01	3
38.802	-8.535	1.2460E-01	2
38.801	-8.490	1.2152E-01	3
38.799	-8.445	1.2181E-01	2
38.797	-8.401	1.2282E-01	3
38.795	-8.357	1.1669E-01	1
38.794	-8.313	1.2466E-01	3
38.792	-8.270	1.2640E-01	3
38.894	-9.237	1.3492E-01	3
38.892	-9.188	1.3582E-01	0
38.890	-9.140	1.3916E-01	3
38.888	-9.093	1.4851E-01	0
38.886	-9.048	1.6147E-01	3
38.884	-9.001	1.4668E-01	0
38.882	-8.954	1.5824E-01	3
38.880	-8.907	1.4735E-01	0
38.878	-8.860	1.3535E-01	3
38.876	-8.813	1.2531E-01	0
38.874	-8.767	1.2953E-01	3
38.871	-8.720	1.3255E-01	0
38.869	-8.674	1.2929E-01	3
38.867	-8.629	1.2325E-01	0
38.865	-8.583	1.2997E-01	3
38.863	-8.539	1.2422E-01	0
38.861	-8.494	1.2207E-01	3
38.858	-8.450	1.2468E-01	0
38.856	-8.406	1.2221E-01	3
38.854	-8.362	1.2134E-01	2
38.852	-8.319	1.2279E-01	3
38.850	-8.276	1.2169E-01	0
38.877	-9.239	1.3351E-01	3
38.875	-9.190	1.3519E-01	2
38.873	-9.143	1.4126E-01	3
38.871	-9.096	1.6246E-01	3
38.869	-9.050	1.5884E-01	3
38.867	-9.002	1.3827E-01	3
38.865	-8.955	1.4655E-01	3
38.863	-8.907	1.4977E-01	3
38.861	-8.860	1.3911E-01	3
38.859	-8.814	1.2557E-01	3
38.857	-8.767	1.3024E-01	3
38.855	-8.721	1.3565E-01	3
38.853	-8.675	1.2617E-01	3
38.850	-8.629	1.2546E-01	2
38.848	-8.584	1.3306E-01	3
38.846	-8.539	1.2525E-01	3
38.844	-8.495	1.2155E-01	3
38.842	-8.451	1.2201E-01	3
38.840	-8.406	1.1971E-01	3
38.838	-8.362	1.1717E-01	3
38.836	-8.319	1.1962E-01	3
38.833	-8.277	1.2643E-01	3
38.860	-9.240	1.3444E-01	3
38.858	-9.193	1.4174E-01	0
38.856	-9.147	1.5651E-01	3
38.854	-9.098	1.6722E-01	0
38.852	-9.051	1.4814E-01	3
38.850	-9.003	1.3197E-01	0
38.848	-8.955	1.4220E-01	3
38.846	-8.908	1.3837E-01	0
38.844	-8.861	1.2516E-01	3
38.842	-8.815	1.2156E-01	0
38.840	-8.768	1.2040E-01	3
38.838	-8.722	1.2698E-01	0
38.836	-8.676	1.2477E-01	2
38.834	-8.630	1.2528E-01	0
38.832	-8.585	1.3925E-01	3
38.830	-8.540	1.3017E-01	0
38.828	-8.496	1.2270E-01	3
38.825	-8.451	1.2255E-01	0
38.823	-8.407	1.1726E-01	3
38.821	-8.363	1.1793E-01	0
38.819	-8.320	1.1950E-01	3
38.817	-8.277	1.2354E-01	0
38.843	-9.241	1.3593E-01	3
38.841	-9.196	1.4992E-01	3
38.839	-9.148	1.5148E-01	3
38.837	-9.099	1.6247E-01	3
38.835	-9.052	1.3489E-01	3
38.833	-9.004	1.2856E-01	3
38.831	-8.956	1.3635E-01	3
38.829	-8.909	1.4179E-01	3
38.827	-8.862	1.3502E-01	3
38.825	-8.815	1.2376E-01	0
38.823	-8.769	1.2294E-01	3
38.821	-8.723	1.2352E-01	1
38.819	-8.677	1.2054E-01	3
38.817	-8.632	1.1877E-01	2
38.815	-8.586	1.2189E-01	3
38.813	-8.542	1.2738E-01	3
38.811	-8.497	1.2163E-01	3
38.809	-8.452	1.2209E-01	3
38.807	-8.408	1.2477E-01	3
38.805	-8.364	1.1737E-01	3
38.803	-8.320	1.1998E-01	3
38.801	-8.277	1.2424E-01	3
38.825	-9.240	1.3619E-01	3
38.824	-9.194	1.4115E-01	0
38.822	-9.148	1.6068E-01	3
38.820	-9.099	1.6190E-01	0
38.818	-9.053	1.2898E-01	3
38.816	-9.005	1.2738E-01	0
38.814	-8.957	1.3277E-01	3
38.812	-8.910	1.3683E-01	0
38.810	-8.863	1.3412E-01	3
38.808	-8.816	1.2236E-01	0
38.806	-8.770	1.2226E-01	3
38.804	-8.724	1.2168E-01	0
38.803	-8.678	1.2030E-01	3
38.801	-8.633	1.2519E-01	0
38.799	-8.588	1.2199E-01	3
38.797	-8.543	1.2056E-01	2
38.795	-8.498	1.2295E-01	3
38.793	-8.454	1.2252E-01	0
38.791	-8.409	1.2083E-01	3
38.789	-8.365	1.1901E-01	0
38.787	-8.322	1.2881E-01	3
38.785	-8.279	1.2732E-01	0
38.808	-9.242	1.5399E-01	3
38.806	-9.195	1.7062E-01	3
38.805	-9.148	1.7017E-01	3
38.803	-9.101	1.5543E-01	3
38.801	-9.053	1.2552E-01	3
38.799	-9.006	1.2492E-01	3
38.797	-8.958	1.3109E-01	3
38.795	-8.911	1.2871E-01	3
38.793	-8.864	1.2211E-01	3
38.792	-8.817	1.1807E-01	3
38.790	-8.771	1.1725E-01	3
38.788	-8.725	1.2405E-01	3
38.786	-8.679	1.2672E-01	3
38.784	-8.634	1.2661E-01	3
38.782	-8.588	1.2125E-01	3
38.780	-8.543	1.1628E-01	3
38.778	-8.499	1.2315E-01	3
38.776	-8.455	1.2101E-01	3
38.774	-8.411	1.2153E-01	3
38.772	-8.367	1.2984E-01	3
38.770	-8.323	1.3100E-01	3
38.768	-8.280	1.2366E-01	3
38.791	-9.244	1.4205E-01	3
38.789	-9.197	1.7233E-01	0
38.788	-9.149	1.7927E-01	2
38.786	-9.102	1.6614E-01	0
38.784	-9.054	1.2406E-01	3
38.782	-9.006	1.2407E-01	0
38.780	-8.959	1.3102E-01	3
38.778	-8.912	1.2842E-01	0
38.777	-8.864	1.2809E-01	3
38.775	-8.818	1.2294E-01	0
38.773	-8.772	1.2217E-01	3
38.771	-8.725	1.2198E-01	2
38.769	-8.680	1.3823E-01	3
38.767	-8.634	1.3325E-01	1
38.765	-8.589	1.2727E-01	3
38.763	-8.544	1.2003E-01	0
38.762	-8.499	1.2353E-01	3
38.760	-8.455	1.1551E-01	0
38.758	-8.412	1.2312E-01	3
38.756	-8.368	1.3280E-01	0
38.754	-8.324	1.3254E-01	3
38.752	-8.281	1.2309E-01	0
38.774	-9.245	1.6291E-01	3
38.772	-9.198	1.6997E-01	3
38.770	-9.149	1.8109E-01	3
38.769	-9.102	1.6840E-01	3
38.767	-9.055	1.2343E-01	3
38.765	-9.007	1.2388E-01	3
38.763	-8.960	1.3295E-01	3
38.762	-8.913	1.3245E-01	3
38.760	-8.866	1.2519E-01	3
38.758	-8.819	1.2398E-01	3
38.756	-8.772	1.3325E-01	3
38.754	-8.726	1.2246E-01	3
38.752	-8.680	1.3782E-01	3
38.751	-8.635	1.3639E-01	3
38.749	-8.590	1.2637E-01	3
38.747	-8.546	1.2793E-01	3
38.745	-8.501	1.2810E-01	3
38.743	-8.456	1.1987E-01	3
38.741	-8.412	1.1857E-01	3
38.739	-8.368	1.2964E-01	3
38.738	-8.324	1.2611E-01	3
38.736	-8.281	1.2131E-01	3
38.757	-9.247	1.7582E-01	2
38.755	-9.199	1.8063E-01	0
38.753	-9.151	1.7873E-01	3
38.752	-9.103	1.6282E-01	0
38.750	-9.056	1.2147E-01	3
38.748	-9.008	1.2715E-01	0
38.746	-8.961	1.5331E-01	3
38.745	-8.914	1.3827E-01	0
38.743	-8.867	1.3411E-01	3
38.741	-8.820	1.3167E-01	0
38.739	-8.773	1.3878E-01	3
38.738	-8.727	1.2184E-01	0
38.736	-8.681	1.2490E-01	3
38.734	-8.636	1.4252E-01	0
38.732	-8.591	1.3172E-01	3
38.730	-8.546	1.2476E-01	0
38.729	-8.502	1.2206E-01	2
38.727	-8.458	1.2031E-01	0
38.725	-8.414	1.2220E-01	3
38.723	-8.369	1.3106E-01	0
38.721	-8.325	1.3460E-01	3
38.719	-8.282	1.2931E-01	0
38.739	-9.248	1.5697E-01	3
38.738	-9.199	1.5652E-01	3
38.736	-9.151	1.7487E-01	3
38.734	-9.104	1.5724E-01	3
38.733	-9.057	1.2179E-01	3
38.731	-9.009	1.3552E-01	3
38.729	-8.961	1.5729E-01	3
38.728	-8.914	1.5129E-01	3
38.726	-8.868	1.3615E-01	3
38.724	-8.821	1.3288E-01	3
38.723	-8.774	1.4698E-01	3
38.721	-8.728	1.4427E-01	3
38.719	-8.682	1.3834E-01	3
38.717	-8.637	1.3325E-01	3
38.716	-8.592	1.2579E-01	3
38.714	-8.547	1.1866E-01	3
38.712	-8.503	1.1551E-01	3
38.710	-8.458	1.1836E-01	3
38.709	-8.415	1.2606E-01	3
38.707	-8.371	1.3016E-01	3
38.705	-8.327	1.2696E-01	3
38.703	-8.283	1.2918E-01	3
38.806	-9.248	1.5165E-01	3
38.804	-9.200	1.7574E-01	0
38.802	-9.154	1.7490E-01	3
38.800	-9.106	1.6149E-01	0
38.798	-9.059	1.2746E-01	3
38.796	-9.012	1.2464E-01	0
38.793	-8.964	1.3092E-01	2
38.791	-8.917	1.2827E-01	0
38.789	-8.870	1.2550E-01	3
38.787	-8.823	1.1846E-01	0
38.785	-8.777	1.1820E-01	3
38.783	-8.731	1.2403E-01	0
38.781	-8.685	1.3257E-01	3
38.778	-8.640	1.2699E-01	0
38.776	-8.594	1.2618E-01	3
38.774	-8.549	1.1943E-01	0
38.772	-8.505	1.2587E-01	3
38.770	-8.461	1.2018E-01	0
38.768	-8.417	1.2235E-01	3
38.765	-8.373	1.2855E-01	1
38.763	-8.330	1.3310E-01	3
38.761	-8.286	1.2449E-01	0
38.789	-9.250	1.4016E-01	3
38.787	-9.203	1.6921E-01	3
38.785	-9.154	1.7832E-01	3
38.783	-9.107	1.7236E-01	3
38.781	-9.060	1.2673E-01	3
38.779	-9.012	1.2362E-01	3
38.776	-8.965	1.3074E-01	3
38.774	-8.918	1.3064E-01	3
38.772	-8.870	1.2959E-01	3
38.770	-8.824	1.2433E-01	3
38.768	-8.778	1.2495E-01	3
38.766	-8.732	1.2174E-01	2
38.764	-8.686	1.3893E-01	3
38.762	-8.640	1.3960E-01	3
38.760	-8.596	1.2904E-01	3
38.758	-8.550	1.2202E-01	3
38.755	-8.506	1.2508E-01	3
38.753	-8.461	1.1684E-01	3
38.751	-8.418	1.2117E-01	3
38.749	-8.374	1.3262E-01	3
38.747	-8.330	1.3165E-01	3
38.745	-8.287	1.2282E-01	3
38.769	-9.204	1.7214E-01	0
38.767	-9.155	1.8153E-01	3
38.766	-9.108	1.7279E-01	0
38.764	-9.061	1.2610E-01	3
38.762	-9.013	1.2388E-01	0
38.760	-8.966	1.3833E-01	3
38.757	-8.919	1.3578E-01	0
38.755	-8.872	1.2591E-01	3
38.753	-8.825	1.2670E-01	0
38.751	-8.778	1.4290E-01	3
38.749	-8.732	1.2505E-01	0
38.747	-8.686	1.2927E-01	3
38.745	-8.641	1.3886E-01	0
38.743	-8.596	1.2731E-01	3
38.741	-8.552	1.2898E-01	0
38.739	-8.507	1.2960E-01	3
38.737	-8.463	1.2374E-01	0
38.735	-8.419	1.1950E-01	3
38.733	-8.375	1.2951E-01	0
38.731	-8.331	1.3119E-01	3
38.728	-8.287	1.2424E-01	0
38.752	-9.204	1.8063E-01	3
38.750	-9.156	1.7984E-01	3
38.748	-9.109	1.6665E-01	2
38.747	-9.062	1.2258E-01	3
38.745	-9.014	1.2681E-01	2
38.743	-8.966	1.5225E-01	3
38.741	-8.919	1.4215E-01	2
38.739	-8.873	1.3888E-01	3
38.737	-8.826	1.3156E-01	3
38.735	-8.779	1.3573E-01	3
38.733	-8.733	1.2382E-01	3
38.731	-8.687	1.2710E-01	3
38.728	-8.642	1.4156E-01	3
38.726	-8.597	1.3355E-01	3
38.724	-8.552	1.2315E-01	1
38.722	-8.508	1.1841E-01	3
38.720	-8.464	1.1798E-01	3
38.718	-8.420	1.2529E-01	3
38.716	-8.376	1.3100E-01	3
38.714	-8.332	1.3256E-01	3
38.712	-8.288	1.3345E-01	3
38.735	-9.205	1.5191E-01	0
38.733	-9.157	1.6786E-01	3
38.731	-9.110	1.6119E-01	0
38.729	-9.063	1.2157E-01	3
38.728	-9.015	1.3663E-01	0
38.726	-8.967	1.5707E-01	3
38.724	-8.920	1.5373E-01	0
38.722	-8.873	1.3565E-01	3
38.720	-8.827	1.3410E-01	0
38.718	-8.780	1.5118E-01	3
38.716	-8.734	1.5689E-01	0
38.714	-8.688	1.3899E-01	3
38.712	-8.643	1.2870E-01	0
38.710	-8.598	1.2927E-01	3
38.708	-8.553	1.1777E-01	2
38.706	-8.509	1.1574E-01	3
38.704	-8.464	1.2012E-01	0
38.702	-8.421	1.2549E-01	3
38.700	-8.377	1.2596E-01	0
38.698	-8.333	1.2354E-01	3
38.696	-8.290	1.2316E-01	0
38.718	-9.206	1.5467E-01	3
38.716	-9.158	1.7323E-01	3
38.714	-9.111	1.4633E-01	3
38.712	-9.063	1.2294E-01	3
38.711	-9.016	1.4789E-01	3
38.709	-8.968	1.7420E-01	3
38.707	-8.921	1.6026E-01	3
38.705	-8.874	1.4079E-01	3
38.703	-8.828	1.3214E-01	3
38.701	-8.781	1.4484E-01	3
38.699	-8.735	1.5870E-01	3
38.697	-8.689	1.4823E-01	3
38.695	-8.644	1.4136E-01	3
38.693	-8.598	1.4288E-01	3
38.691	-8.554	1.2406E-01	3
38.689	-8.509	1.2756E-01	3
38.687	-8.465	1.3630E-01	3
38.686	-8.421	1.3465E-01	3
38.684	-8.378	1.3130E-01	3
38.682	-8.335	1.2043E-01	3
38.680	-8.291	1.1967E-01	3
38.701	-9.209	1.6811E-01	0
38.699	-9.161	1.4147E-01	3
38.697	-9.112	1.1864E-01	0
38.695	-9.064	1.2365E-01	3
38.694	-9.017	1.3237E-01	0
38.692	-8.969	1.4754E-01	3
38.690	-8.922	1.6091E-01	0
38.688	-8.875	1.3301E-01	3
38.686	-8.829	1.2802E-01	0
38.684	-8.782	1.5070E-01	3
38.682	-8.736	1.5696E-01	2
38.681	-8.690	1.4749E-01	3
38.679	-8.645	1.5911E-01	1
38.677	-8.599	1.4872E-01	3
38.675	-8.555	1.2073E-01	0
38.673	-8.510	1.3119E-01	3
38.671	-8.466	1.5663E-01	0
38.669	-8.422	1.4762E-01	3
38.667	-8.378	1.3040E-01	0
38.665	-8.335	1.2384E-01	3
38.663	-8.292	1.1756E-01	0
38.684	-9.210	1.1943E-01	3
38.682	-9.161	1.3929E-01	3
38.680	-9.113	1.1773E-01	3
38.678	-9.065	1.3057E-01	3
38.677	-9.018	1.4069E-01	3
38.675	-8.970	1.5878E-01	3
38.673	-8.923	1.6067E-01	3
38.671	-8.876	1.5212E-01	3
38.669	-8.830	1.2889E-01	3
38.668	-8.783	1.4231E-01	3
38.666	-8.737	1.5738E-01	3
38.664	-8.692	1.4741E-01	3
38.662	-8.646	1.3664E-01	3
38.660	-8.601	1.3819E-01	3
38.658	-8.556	1.2132E-01	3
38.656	-8.511	1.2592E-01	3
38.655	-8.467	1.3721E-01	3
38.653	-8.423	1.3567E-01	3
38.651	-8.379	1.3426E-01	3
38.649	-8.335	1.2708E-01	3
38.647	-8.292	1.2433E-01	3
38.666	-9.210	1.5300E-01	0
38.665	-9.162	1.6139E-01	3
38.663	-9.114	1.2666E-01	0
38.661	-9.066	1.6843E-01	3
38.660	-9.018	1.5766E-01	0
38.658	-8.971	1.5543E-01	3
38.656	-8.923	1.5072E-01	0
38.654	-8.877	1.3769E-01	3
38.653	-8.830	1.2622E-01	0
38.651	-8.784	1.3592E-01	3
38.649	-8.738	1.4872E-01	0
38.647	-8.692	1.6716E-01	3
38.645	-8.647	1.3695E-01	0
38.644	-8.602	1.1997E-01	3
38.642	-8.557	1.1246E-01	0
38.640	-8.513	1.2093E-01	3
38.638	-8.468	1.3200E-01	0
38.636	-8.424	1.2924E-01	3
38.634	-8.380	1.2109E-01	0
38.633	-8.336	1.1735E-01	3
38.631	-8.292	1.2100E-01	0
38.649	-9.211	1.6176E-01	3
38.648	-9.162	1.7126E-01	3
38.646	-9.115	1.4714E-01	3
38.644	-9.067	1.5431E-01	3
38.643	-9.019	1.6125E-01	3
38.641	-8.972	1.5380E-01	3
38.639	-8.924	1.5691E-01	3
38.637	-8.878	1.4837E-01	3
38.636	-8.831	1.3185E-01	3
38.634	-8.785	1.3458E-01	3
38.632	-8.739	1.4821E-01	3
38.630	-8.694	1.6543E-01	3
38.629	-8.648	1.2636E-01	3
38.627	-8.603	1.1464E-01	3
38.625	-8.558	1.1637E-01	3
38.623	-8.514	1.1981E-01	3
38.622	-8.470	1.2811E-01	3
38.620	-8.425	1.2945E-01	3
38.618	-8.381	1.2146E-01	3
38.616	-8.337	1.1960E-01	3
38.614	-8.293	1.2066E-01	3
38.613	-8.250	1.2183E-01	3
38.715	-9.215	1.6217E-01	0
38.713	-9.166	1.7073E-01	3
38.711	-9.119	1.5099E-01	0
38.709	-9.072	1.2189E-01	3
38.707	-9.024	1.4378E-01	1
38.705	-8.976	1.6904E-01	3
38.703	-8.929	1.6548E-01	0
38.701	-8.883	1.4367E-01	3
38.699	-8.836	1.3009E-01	0
38.696	-8.790	1.4490E-01	3
38.694	-8.744	1.5742E-01	0
38.692	-8.698	1.5532E-01	3
38.690	-8.652	1.5194E-01	0
38.688	-8.607	1.5326E-01	3
38.686	-8.562	1.2798E-01	0
38.683	-8.517	1.3232E-01	3
38.681	-8.473	1.5439E-01	0
38.679	-8.429	1.4703E-01	3
38.677	-8.386	1.3339E-01	0
38.675	-8.343	1.2463E-01	3
38.672	-8.299	1.1911E-01	0
38.670	-8.256	1.2790E-01	3
38.698	-9.217	1.6177E-01	3
38.696	-9.169	1.3892E-01	3
38.694	-9.121	1.1819E-01	3
38.692	-9.073	1.2187E-01	3
38.690	-9.025	1.3293E-01	3
38.688	-8.977	1.4781E-01	3
38.686	-8.930	1.6612E-01	3
38.684	-8.883	1.3827E-01	3
38.682	-8.837	1.2830E-01	3
38.680	-8.791	1.4516E-01	3
38.677	-8.745	1.5901E-01	3
38.675	-8.699	1.4283E-01	3
38.673	-8.653	1.5424E-01	3
38.671	-8.608	1.4517E-01	3
38.669	-8.563	1.2383E-01	3
38.667	-8.519	1.2323E-01	3
38.665	-8.474	1.4420E-01	3
38.663	-8.430	1.4403E-01	3
38.660	-8.386	1.3531E-01	3
38.658	-8.343	1.2870E-01	3
38.656	-8.300	1.2098E-01	3
38.654	-8.257	1.3429E-01	3
38.681	-9.218	1.2077E-01	0
38.679	-9.169	1.4690E-01	3
38.677	-9.121	1.2223E-01	1
38.675	-9.073	1.3385E-01	3
38.673	-9.026	1.4207E-01	2
38.671	-8.978	1.5706E-01	3
38.669	-8.931	1.5823E-01	1
38.667	-8.884	1.5384E-01	3
38.665	-8.838	1.3194E-01	0
38.663	-8.791	1.3854E-01	3
38.661	-8.746	1.5749E-01	0
38.659	-8.700	1.5201E-01	3
38.657	-8.654	1.3883E-01	0
38.655	-8.609	1.3480E-01	3
38.652	-8.564	1.2414E-01	0
38.650	-8.520	1.2310E-01	3
38.648	-8.475	1.3522E-01	0
38.646	-8.431	1.3351E-01	3
38.644	-8.387	1.2982E-01	0
38.642	-8.343	1.2519E-01	3
38.640	-8.300	1.2256E-01	0
38.638	-8.257	1.2594E-01	3
38.664	-9.218	1.5367E-01	3
38.662	-9.169	1.6678E-01	3
38.660	-9.122	1.3444E-01	3
38.658	-9.074	1.6632E-01	3
38.656	-9.026	1.6815E-01	3
38.654	-8.979	1.5876E-01	3
38.652	-8.932	1.5277E-01	3
38.650	-8.885	1.4218E-01	3
38.648	-8.839	1.2760E-01	3
38.646	-8.792	1.3121E-01	3
38.644	-8.746	1.4712E-01	3
38.642	-8.701	1.7043E-01	3
38.640	-8.655	1.4059E-01	3
38.638	-8.610	1.1426E-01	3
38.636	-8.565	1.1301E-01	3
38.634	-8.521	1.1950E-01	3
38.632	-8.477	1.3051E-01	3
38.630	-8.432	1.3129E-01	3
38.628	-8.388	1.2284E-01	3
38.626	-8.344	1.1834E-01	3
38.624	-8.301	1.2189E-01	3
38.621	-8.258	1.2355E-01	3
38.647	-9.219	1.6009E-01	0
38.645	-9.170	1.7115E-01	3
38.643	-9.123	1.4931E-01	0
38.641	-9.075	1.5009E-01	3
38.639	-9.027	1.5769E-01	0
38.637	-8.980	1.5153E-01	3
38.635	-8.932	1.5669E-01	0
38.633	-8.886	1.5608E-01	3
38.631	-8.839	1.4277E-01	0
38.629	-8.793	1.3945E-01	3
38.627	-8.747	1.4898E-01	0
38.625	-8.702	1.7174E-01	3
38.623	-8.656	1.3537E-01	0
38.621	-8.611	1.1911E-01	3
38.619	-8.566	1.2013E-01	0
38.617	-8.522	1.1992E-01	3
38.615	-8.478	1.2436E-01	0
38.613	-8.433	1.3044E-01	3
38.611	-8.389	1.2128E-01	0
38.609	-8.345	1.2170E-01	3
38.607	-8.301	1.1972E-01	1
38.605	-8.258	1.2128E-01	3
38.630	-9.220	1.5140E-01	3
38.628	-9.171	1.6818E-01	3
38.626	-9.123	1.6751E-01	3
38.624	-9.076	1.5079E-01	3
38.622	-9.028	1.4613E-01	3
38.620	-8.980	1.4485E-01	3
38.618	-8.933	1.4813E-01	3
38.616	-8.886	1.6049E-01	3
38.614	-8.840	1.7046E-01	3
38.613	-8.794	1.6508E-01	3
38.611	-8.748	1.5539E-01	3
38.609	-8.703	1.6828E-01	3
38.607	-8.658	1.4050E-01	3
38.605	-8.612	1.2828E-01	3
38.603	-8.567	1.1851E-01	3
38.601	-8.523	1.1681E-01	3
38.599	-8.479	1.2418E-01	3
38.597	-8.435	1.2982E-01	3
38.595	-8.390	1.2447E-01	3
38.593	-8.346	1.2422E-01	3
38.591	-8.302	1.2279E-01	3
38.589	-8.259	1.1894E-01	3
38.612	-9.221	1.2532E-01	1
38.611	-9.172	1.6155E-01	3
38.609	-9.124	1.5355E-01	0
38.607	-9.076	1.5460E-01	3
38.605	-9.028	1.3773E-01	0
38.603	-8.981	1.5116E-01	3
38.601	-8.934	1.5355E-01	0
38.599	-8.887	1.5809E-01	3
38.598	-8.841	1.7249E-01	0
38.596	-8.795	1.7160E-01	3
38.594	-8.749	1.4457E-01	0
38.592	-8.704	1.4219E-01	3
38.590	-8.659	1.4021E-01	0
38.588	-8.614	1.2546E-01	3
38.586	-8.569	1.2585E-01	0
38.584	-8.525	1.2669E-01	3
38.582	-8.480	1.2587E-01	0
38.581	-8.435	1.2771E-01	3
38.579	-8.391	1.2882E-01	0
38.577	-8.347	1.2884E-01	3
38.575	-8.304	1.2587E-01	0
38.573	-8.261	1.2130E-01	3
38.595	-9.222	1.0697E-01	3
38.593	-9.173	1.4026E-01	3
38.592	-9.125	1.2738E-01	3
38.590	-9.077	1.4637E-01	3
38.588	-9.029	1.4876E-01	3
38.586	-8.982	1.6273E-01	3
38.584	-8.934	1.4820E-01	3
38.583	-8.887	1.5231E-01	3
38.581	-8.842	1.5397E-01	3
38.579	-8.796	1.5801E-01	3
38.577	-8.751	1.3564E-01	3
38.575	-8.705	1.3033E-01	3
38.573	-8.659	1.2243E-01	3
38.572	-8.614	1.2118E-01	3
38.570	-8.569	1.1517E-01	3
38.568	-8.525	1.1772E-01	3
38.566	-8.481	1.1530E-01	3
38.564	-8.436	1.2338E-01	3
38.562	-8.392	1.2014E-01	3
38.560	-8.348	1.2573E-01	3
38.558	-8.305	1.2646E-01	3
38.557	-8.262	1.2427E-01	3
38.578	-9.223	1.0012E-01	2
38.576	-9.174	1.2713E-01	3
38.575	-9.125	1.3425E-01	0
38.573	-9.078	1.5479E-01	3
38.571	-9.030	1.6028E-01	0
38.569	-8.982	1.4896E-01	3
38.567	-8.934	1.4796E-01	0
38.566	-8.888	1.4464E-01	3
38.564	-8.843	1.4348E-01	0
38.562	-8.797	1.4149E-01	3
38.560	-8.752	1.3286E-01	0
38.559	-8.706	1.2124E-01	3
38.557	-8.660	1.1533E-01	0
38.555	-8.615	1.1641E-01	3
38.553	-8.570	1.1239E-01	0
38.551	-8.526	1.0964E-01	3
38.550	-8.482	1.1789E-01	0
38.548	-8.438	1.2668E-01	3
38.546	-8.393	1.2895E-01	0
38.544	-8.349	1.2699E-01	3
38.542	-8.306	1.2650E-01	0
38.540	-8.264	1.2359E-01	2
38.561	-9.224	9.4553E-02	3
38.559	-9.175	1.1923E-01	3
38.557	-9.126	1.2546E-01	3
38.556	-9.078	1.5826E-01	3
38.554	-9.031	1.6026E-01	3
38.552	-8.983	1.4972E-01	3
38.551	-8.934	1.2788E-01	3
38.549	-8.890	1.4224E-01	3
38.547	-8.844	1.5310E-01	3
38.545	-8.799	1.4031E-01	3
38.544	-8.753	1.2542E-01	3
38.542	-8.707	1.1658E-01	3
38.540	-8.661	1.1460E-01	3
38.538	-8.616	1.1496E-01	3
38.537	-8.571	1.1309E-01	3
38.535	-8.527	1.1604E-01	3
38.533	-8.484	1.2317E-01	3
38.531	-8.439	1.2827E-01	3
38.529	-8.395	1.2956E-01	3
38.528	-8.350	1.2256E-01	3
38.526	-8.308	1.2472E-01	3
38.524	-8.266	1.2672E-01	3
38.627	-9.227	1.4307E-01	0
38.625	-9.177	1.6568E-01	3
38.623	-9.129	1.6751E-01	0
38.621	-9.082	1.5551E-01	3
38.619	-9.034	1.4269E-01	1
38.616	-8.986	1.4768E-01	3
38.614	-8.939	1.4685E-01	0
38.612	-8.893	1.6116E-01	3
38.610	-8.846	1.7240E-01	0
38.608	-8.800	1.7173E-01	3
38.606	-8.754	1.5505E-01	0
38.603	-8.709	1.5959E-01	3
38.601	-8.664	1.4830E-01	0
38.599	-8.619	1.2933E-01	3
38.597	-8.574	1.2165E-01	0
38.595	-8.530	1.2365E-01	3
38.593	-8.485	1.2467E-01	0
38.590	-8.441	1.2833E-01	3
38.588	-8.396	1.2828E-01	0
38.586	-8.353	1.2636E-01	3
38.584	-8.309	1.2593E-01	0
38.581	-8.266	1.2386E-01	3
38.610	-9.228	1.1609E-01	3
38.608	-9.178	1.6244E-01	3
38.606	-9.130	1.4961E-01	3
38.604	-9.082	1.5571E-01	3
38.602	-9.035	1.4134E-01	3
38.599	-8.987	1.5310E-01	3
38.597	-8.940	1.5366E-01	3
38.595	-8.893	1.5515E-01	3
38.593	-8.847	1.6773E-01	3
38.591	-8.801	1.6922E-01	3
38.589	-8.755	1.4485E-01	3
38.587	-8.710	1.3544E-01	3
38.585	-8.665	1.3224E-01	3
38.583	-8.620	1.2677E-01	3
38.580	-8.575	1.2390E-01	3
38.578	-8.531	1.2214E-01	3
38.576	-8.486	1.2234E-01	3
38.574	-8.442	1.2638E-01	3
38.572	-8.397	1.2578E-01	3
38.570	-8.353	1.2855E-01	3
38.567	-8.310	1.2806E-01	3
38.565	-8.267	1.2224E-01	3
38.593	-9.228	1.0213E-01	0
38.591	-9.179	1.3531E-01	3
38.589	-9.131	1.2727E-01	0
38.587	-9.083	1.4587E-01	3
38.585	-9.036	1.4953E-01	2
38.582	-8.988	1.6828E-01	3
38.580	-8.940	1.5153E-01	1
38.578	-8.893	1.5508E-01	3
38.576	-8.848	1.5347E-01	0
38.574	-8.802	1.5729E-01	3
38.572	-8.757	1.3940E-01	0
38.570	-8.711	1.2934E-01	3
38.568	-8.665	1.2038E-01	0
38.566	-8.620	1.1768E-01	3
38.564	-8.575	1.1383E-01	0
38.562	-8.531	1.1550E-01	3
38.560	-8.487	1.1613E-01	0
38.558	-8.443	1.2620E-01	3
38.555	-8.398	1.2411E-01	0
38.553	-8.355	1.2467E-01	3
38.551	-8.311	1.2628E-01	0
38.549	-8.269	1.2449E-01	3
38.575	-9.229	9.6953E-02	3
38.573	-9.180	1.2463E-01	3
38.571	-9.131	1.3008E-01	3
38.569	-9.083	1.5751E-01	3
38.568	-9.036	1.6200E-01	3
38.565	-8.988	1.4558E-01	3
38.563	-8.940	1.4336E-01	3
38.561	-8.894	1.3810E-01	3
38.559	-8.849	1.4143E-01	3
38.557	-8.803	1.3877E-01	3
38.555	-8.758	1.3258E-01	3
38.553	-8.712	1.1787E-01	3
38.551	-8.666	1.1489E-01	3
38.549	-8.621	1.1629E-01	3
38.547	-8.576	1.1376E-01	3
38.545	-8.532	1.1008E-01	3
38.543	-8.488	1.1711E-01	3
38.541	-8.444	1.2558E-01	3
38.539	-8.400	1.3127E-01	3
38.537	-8.355	1.2609E-01	3
38.535	-8.313	1.2706E-01	3
38.533	-8.270	1.2563E-01	3
38.558	-9.230	9.1942E-02	0
38.556	-9.180	1.1606E-01	3
38.554	-9.132	1.2041E-01	0
38.552	-9.084	1.4905E-01	3
38.550	-9.037	1.5876E-01	0
38.548	-8.989	1.4867E-01	3
38.546	-8.940	1.2533E-01	0
38.545	-8.896	1.4612E-01	3
38.543	-8.850	1.5764E-01	0
38.541	-8.805	1.4203E-01	3
38.539	-8.759	1.2421E-01	0
38.537	-8.713	1.1863E-01	3
38.535	-8.667	1.1278E-01	0
38.533	-8.622	1.1594E-01	3
38.531	-8.578	1.1358E-01	0
38.529	-8.534	1.1758E-01	3
38.527	-8.490	1.2732E-01	0
38.525	-8.445	1.3048E-01	3
38.523	-8.401	1.2612E-01	0
38.521	-8.357	1.2067E-01	3
38.519	-8.314	1.2472E-01	1
38.517	-8.272	1.2650E-01	3
38.541	-9.231	9.0764E-02	3
38.539	-9.182	1.1078E-01	3
38.537	-9.133	1.1984E-01	3
38.535	-9.085	1.2112E-01	3
38.533	-9.037	1.4105E-01	3
38.532	-8.989	1.4344E-01	3
38.530	-8.941	1.2631E-01	3
38.528	-8.897	1.6909E-01	3
38.526	-8.851	1.6372E-01	3
38.524	-8.805	1.4356E-01	3
38.522	-8.760	1.2519E-01	3
38.520	-8.714	1.1800E-01	3
38.518	-8.668	1.1370E-01	3
38.516	-8.623	1.1980E-01	3
38.514	-8.579	1.1865E-01	3
38.512	-8.535	1.2376E-01	3
38.510	-8.491	1.2449E-01	3
38.508	-8.446	1.2864E-01	3
38.506	-8.402	1.2517E-01	3
38.504	-8.359	1.2077E-01	3
38.502	-8.315	1.2791E-01	3
38.500	-8.273	1.2626E-01	3
38.524	-9.232	8.9974E-02	1
38.522	-9.183	1.1154E-01	3
38.520	-9.134	1.1982E-01	0
38.518	-9.086	1.3121E-01	3
38.516	-9.038	1.3576E-01	0
38.515	-8.990	1.3532E-01	3
38.513	-8.944	1.1660E-01	0
38.511	-8.899	1.1268E-01	3
38.509	-8.852	1.3396E-01	0
38.507	-8.806	1.3961E-01	3
38.505	-8.761	1.2915E-01	0
38.503	-8.715	1.1926E-01	3
38.501	-8.669	1.1618E-01	0
38.500	-8.624	1.1796E-01	3
38.498	-8.580	1.2001E-01	0
38.496	-8.535	1.1993E-01	3
38.494	-8.492	1.2237E-01	0
38.492	-8.447	1.2647E-01	3
38.490	-8.403	1.2267E-01	0
38.488	-8.360	1.2395E-01	3
38.486	-8.317	1.3087E-01	0
38.484	-8.274	1.2829E-01	3
38.507	-9.233	8.9963E-02	3
38.505	-9.184	1.1880E-01	3
38.503	-9.135	1.2253E-01	3
38.501	-9.086	1.2198E-01	3
38.499	-9.038	1.2499E-01	3
38.498	-8.990	1.1945E-01	3
38.496	-8.944	1.2828E-01	3
38.494	-8.900	1.2402E-01	3
38.492	-8.853	1.1683E-01	3
38.490	-8.807	1.4845E-01	3
38.489	-8.762	1.2593E-01	3
38.487	-8.716	1.2251E-01	3
38.485	-8.670	1.1727E-01	3
38.483	-8.625	1.1877E-01	3
38.481	-8.581	1.2481E-01	3
38.479	-8.536	1.2450E-01	3
38.477	-8.492	1.2357E-01	3
38.475	-8.448	1.1972E-01	3
38.474	-8.405	1.2023E-01	3
38.472	-8.362	1.1921E-01	3
38.470	-8.318	1.2716E-01	3
38.468	-8.275	1.2810E-01	3
38.489	-9.234	9.0064E-02	2
38.488	-9.185	1.1540E-01	3
38.486	-9.135	1.2973E-01	1
38.484	-9.087	1.2957E-01	3
38.482	-9.038	1.2203E-01	0
38.481	-8.990	1.1656E-01	3
38.479	-8.947	1.2233E-01	0
38.477	-8.901	1.4771E-01	3
38.475	-8.854	1.1610E-01	0
38.474	-8.808	1.2397E-01	3
38.472	-8.763	1.2143E-01	0
38.470	-8.717	1.2167E-01	3
38.468	-8.671	1.1775E-01	0
38.466	-8.627	1.2136E-01	3
38.465	-8.582	1.2326E-01	0
38.463	-8.537	1.2206E-01	3
38.461	-8.493	1.1804E-01	0
38.459	-8.450	1.3152E-01	3
38.457	-8.407	1.3158E-01	0
38.455	-8.363	1.2167E-01	3
38.454	-8.319	1.2516E-01	0
38.452	-8.276	1.2814E-01	3
38.472	-9.235	9.1385E-02	3
38.471	-9.185	1.1993E-01	3
38.469	-9.135	1.4280E-01	3
38.467	-9.087	1.4730E-01	3
38.465	-9.038	1.2302E-01	3
38.464	-8.993	1.1333E-01	3
38.462	-8.948	1.0608E-01	3
38.460	-8.902	1.1995E-01	3
38.459	-8.855	1.3214E-01	3
38.457	-8.809	1.0957E-01	3
38.455	-8.764	1.1600E-01	3
38.453	-8.718	1.2143E-01	3
38.452	-8.672	1.1503E-01	3
38.450	-8.628	1.2538E-01	3
38.448	-8.583	1.1711E-01	3
38.446	-8.539	1.2121E-01	3
38.445	-8.495	1.2211E-01	3
38.443	-8.451	1.3354E-01	3
38.441	-8.408	1.3222E-01	3
38.439	-8.364	1.2221E-01	3
38.437	-8.321	1.2542E-01	3
38.435	-8.278	1.2642E-01	3
38.539	-9.239	9.0597E-02	2
38.536	-9.190	1.0739E-01	3
38.534	-9.142	1.2161E-01	0
38.532	-9.093	1.2362E-01	3
38.530	-9.045	1.3550E-01	0
38.528	-8.998	1.4504E-01	3
38.526	-8.951	1.2698E-01	0
38.524	-8.905	1.5491E-01	3
38.521	-8.859	1.6576E-01	0
38.519	-8.814	1.4732E-01	3
38.517	-8.768	1.2762E-01	0
38.515	-8.723	1.2066E-01	3
38.513	-8.677	1.1448E-01	0
38.511	-8.631	1.2041E-01	3
38.508	-8.587	1.2014E-01	0
38.506	-8.543	1.2192E-01	3
38.504	-8.499	1.2504E-01	0
38.502	-8.454	1.2974E-01	3
38.500	-8.411	1.2522E-01	0
38.497	-8.367	1.2363E-01	3
38.495	-8.324	1.3164E-01	0
38.493	-8.281	1.2753E-01	3
38.521	-9.240	9.0087E-02	3
38.519	-9.191	1.0898E-01	3
38.517	-9.143	1.2049E-01	3
38.515	-9.094	1.3093E-01	3
38.513	-9.046	1.3193E-01	3
38.511	-8.998	1.3525E-01	3
38.509	-8.952	1.1782E-01	3
38.507	-8.907	1.0869E-01	3
38.505	-8.861	1.2200E-01	3
38.502	-8.814	1.4791E-01	3
38.500	-8.769	1.3386E-01	3
38.498	-8.723	1.2098E-01	3
38.496	-8.678	1.1773E-01	3
38.494	-8.632	1.1752E-01	3
38.492	-8.588	1.2211E-01	3
38.490	-8.543	1.2213E-01	3
38.488	-8.499	1.2320E-01	3
38.485	-8.455	1.2415E-01	3
38.483	-8.412	1.2250E-01	3
38.481	-8.369	1.2114E-01	3
38.479	-8.325	1.2694E-01	3
38.477	-8.282	1.2983E-01	3
38.504	-9.241	9.0019E-02	0
38.502	-9.192	1.1325E-01	3
38.500	-9.143	1.2763E-01	0
38.498	-9.094	1.2193E-01	3
38.496	-9.046	1.2477E-01	0
38.494	-8.998	1.1861E-01	3
38.492	-8.951	1.2965E-01	0
38.490	-8.908	1.3814E-01	3
38.488	-8.862	1.1644E-01	0
38.486	-8.815	1.4098E-01	3
38.484	-8.770	1.3069E-01	0
38.482	-8.724	1.2334E-01	3
38.479	-8.679	1.1981E-01	0
38.477	-8.634	1.1877E-01	3
38.475	-8.589	1.2613E-01	0
38.473	-8.544	1.2537E-01	3
38.471	-8.500	1.2142E-01	0
38.469	-8.456	1.2226E-01	3
38.467	-8.414	1.2519E-01	0
38.465	-8.370	1.2201E-01	3
38.463	-8.326	1.2692E-01	0
38.460	-8.283	1.2910E-01	3
38.487	-9.242	9.0175E-02	3
38.485	-9.193	1.1096E-01	3
38.483	-9.143	1.3366E-01	3
38.481	-9.094	1.3705E-01	3
38.479	-9.047	1.2542E-01	3
38.477	-8.998	1.1710E-01	3
38.475	-8.955	1.1535E-01	3
38.473	-8.909	1.3957E-01	3
38.471	-8.862	1.2185E-01	3
38.469	-8.816	1.1279E-01	3
38.467	-8.771	1.1789E-01	3
38.465	-8.725	1.2294E-01	3
38.463	-8.680	1.1593E-01	3
38.461	-8.635	1.2208E-01	3
38.459	-8.590	1.2236E-01	3
38.457	-8.545	1.2176E-01	3
38.455	-8.502	1.1975E-01	3
38.453	-8.458	1.3400E-01	3
38.451	-8.415	1.3428E-01	3
38.448	-8.371	1.2535E-01	3
38.446	-8.328	1.2575E-01	3
38.444	-8.284	1.2792E-01	3
38.470	-9.242	9.0552E-02	0
38.468	-9.193	1.1350E-01	3
38.466	-9.143	1.3964E-01	0
38.464	-9.094	1.4946E-01	3
38.462	-9.047	1.2550E-01	0
38.460	-9.001	1.1300E-01	3
38.458	-8.956	1.0420E-01	0
38.456	-8.910	1.1380E-01	3
38.454	-8.863	1.3568E-01	0
38.452	-8.817	1.1803E-01	3
38.450	-8.772	1.1605E-01	0
38.448	-8.726	1.2292E-01	3
38.446	-8.681	1.1575E-01	0
38.444	-8.636	1.2587E-01	3
38.442	-8.591	1.1771E-01	0
38.440	-8.547	1.2087E-01	3
38.438	-8.503	1.2294E-01	0
38.436	-8.459	1.3266E-01	3
38.434	-8.416	1.3200E-01	0
38.432	-8.373	1.1900E-01	3
38.430	-8.330	1.2575E-01	0
38.428	-8.287	1.2416E-01	3
38.453	-9.243	9.1096E-02	3
38.451	-9.193	1.1370E-01	3
38.449	-9.143	1.3807E-01	3
38.447	-9.095	1.4523E-01	3
38.445	-9.048	1.2544E-01	3
38.443	-9.004	9.4199E-02	3
38.441	-8.957	9.6711E-02	3
38.439	-8.911	1.0188E-01	3
38.437	-8.864	1.1535E-01	3
38.435	-8.818	1.3384E-01	3
38.433	-8.773	1.2782E-01	3
38.432	-8.727	1.2208E-01	3
38.430	-8.682	1.2375E-01	3
38.428	-8.637	1.2763E-01	3
38.426	-8.592	1.2195E-01	3
38.424	-8.548	1.2534E-01	3
38.422	-8.504	1.2220E-01	3
38.420	-8.460	1.2795E-01	3
38.418	-8.417	1.3541E-01	3
38.416	-8.373	1.1689E-01	3
38.414	-8.331	1.2325E-01	3
38.412	-8.287	1.2888E-01	3
38.435	-9.244	9.2917E-02	0
38.433	-9.194	1.2163E-01	3
38.432	-9.145	1.1986E-01	0
38.430	-9.099	9.8581E-02	3
38.428	-9.052	9.0009E-02	0
38.426	-9.005	8.7483E-02	3
38.424	-8.958	8.6952E-02	0
38.422	-8.911	8.6753E-02	3
38.421	-8.865	9.1317E-02	0
38.419	-8.819	1.2746E-01	3
38.417	-8.774	1.3450E-01	0
38.415	-8.728	1.3837E-01	3
38.413	-8.683	1.3368E-01	0
38.411	-8.638	1.2938E-01	3
38.409	-8.594	1.3441E-01	0
38.407	-8.550	1.2875E-01	3
38.405	-8.505	1.2666E-01	0
38.403	-8.462	1.3748E-01	3
38.401	-8.418	1.3374E-01	0
38.399	-8.374	1.2327E-01	3
38.398	-8.332	1.3277E-01	0
38.396	-8.289	1.3184E-01	3
38.418	-9.245	9.4182E-02	3
38.416	-9.195	1.1046E-01	3
38.415	-9.148	8.8568E-02	3
38.413	-9.101	8.5818E-02	3
38.411	-9.053	8.5842E-02	3
38.409	-9.006	8.5534E-02	3
38.407	-8.959	8.5113E-02	3
38.406	-8.912	8.5471E-02	3
38.404	-8.866	8.6767E-02	3
38.402	-8.820	1.1423E-01	3
38.400	-8.774	1.4399E-01	3
38.398	-8.729	1.6688E-01	3
38.396	-8.684	1.5925E-01	3
38.394	-8.639	1.3428E-01	3
38.393	-8.594	1.3014E-01	3
38.391	-8.550	1.3044E-01	3
38.389	-8.506	1.3365E-01	3
38.387	-8.463	1.3686E-01	3
38.385	-8.419	1.2958E-01	3
38.383	-8.375	1.2744E-01	3
38.381	-8.332	1.3386E-01	3
38.379	-8.290	1.3282E-01	3
38.401	-9.246	8.8732E-02	0
38.399	-9.197	8.6869E-02	3
38.398	-9.149	8.6116E-02	0
38.396	-9.101	8.5086E-02	2
38.394	-9.054	8.5719E-02	0
38.392	-9.007	8.5578E-02	2
38.390	-8.960	8.4716E-02	0
38.389	-8.913	8.4795E-02	3
38.387	-8.867	8.5871E-02	0
38.385	-8.821	1.0570E-01	3
38.383	-8.775	1.4082E-01	0
38.382	-8.730	1.5315E-01	3
38.380	-8.684	1.5227E-01	0
38.378	-8.640	1.3697E-01	3
38.376	-8.595	1.3145E-01	0
38.374	-8.551	1.3661E-01	3
38.372	-8.508	1.4809E-01	0
38.371	-8.464	1.3116E-01	3
38.369	-8.419	1.2218E-01	0
38.367	-8.376	1.2803E-01	3
38.365	-8.333	1.2178E-01	0
38.363	-8.291	1.2878E-01	3
38.384	-9.247	8.8498E-02	3
38.382	-9.198	8.7302E-02	3
38.380	-9.150	8.5772E-02	3
38.379	-9.102	8.5353E-02	3
38.377	-9.055	8.5932E-02	3
38.375	-9.008	8.5954E-02	3
38.374	-8.961	8.5592E-02	3
38.372	-8.914	8.5561E-02	3
38.370	-8.868	8.6249E-02	3
38.368	-8.822	9.7110E-02	3
38.367	-8.776	1.3572E-01	3
38.365	-8.731	1.4517E-01	3
38.363	-8.685	1.5871E-01	3
38.361	-8.640	1.3491E-01	3
38.360	-8.596	1.3221E-01	3
38.358	-8.552	1.2920E-01	3
38.356	-8.509	1.3219E-01	3
38.354	-8.464	1.2745E-01	3
38.352	-8.420	1.2658E-01	3
38.350	-8.377	1.2096E-01	3
38.450	-9.249	9.1540E-02	2
38.448	-9.200	1.1320E-01	3
38.445	-9.149	1.3961E-01	0
38.443	-9.102	1.3961E-01	3
38.441	-9.055	1.2166E-01	0
38.439	-9.010	9.3521E-02	3
38.437	-8.963	9.3763E-02	0
38.435	-8.917	9.5833E-02	3
38.433	-8.870	1.0482E-01	0
38.430	-8.824	1.3366E-01	3
38.428	-8.779	1.2998E-01	0
38.426	-8.734	1.2529E-01	3
38.424	-8.689	1.2590E-01	0
38.422	-8.644	1.3000E-01	3
38.420	-8.599	1.3078E-01	0
38.417	-8.555	1.2775E-01	3
38.415	-8.510	1.2533E-01	0
38.413	-8.467	1.3174E-01	3
38.411	-8.424	1.3949E-01	0
38.409	-8.380	1.2086E-01	3
38.406	-8.337	1.2588E-01	0
38.404	-8.294	1.3174E-01	3
38.402	-8.251	1.3253E-01	0
38.430	-9.200	1.1952E-01	3
38.428	-9.152	1.1160E-01	3
38.426	-9.106	9.3756E-02	3
38.424	-9.058	8.7948E-02	3
38.422	-9.011	8.6862E-02	3
38.420	-8.964	8.6333E-02	3
38.418	-8.918	8.6302E-02	3
38.416	-8.871	8.8317E-02	3
38.414	-8.825	1.1910E-01	3
38.412	-8.780	1.3870E-01	3
38.409	-8.734	1.4622E-01	3
38.407	-8.689	1.4539E-01	3
38.405	-8.645	1.3280E-01	3
38.403	-8.600	1.3336E-01	3
38.401	-8.556	1.3050E-01	3
38.399	-8.511	1.3266E-01	3
38.397	-8.468	1.3759E-01	3
38.394	-8.425	1.3600E-01	3
38.392	-8.380	1.2680E-01	3
38.390	-8.338	1.3618E-01	3
38.388	-8.295	1.3469E-01	3
38.386	-8.252	1.3075E-01	3
38.413	-9.202	1.0535E-01	3
38.411	-9.154	8.8678E-02	0
38.409	-9.107	8.6151E-02	3
38.407	-9.059	8.6163E-02	0
38.405	-9.012	8.5965E-02	3
38.403	-8.965	8.5546E-02	0
38.401	-8.918	8.5515E-02	3
38.399	-8.872	8.6424E-02	0
38.397	-8.826	1.0632E-01	3
38.395	-8.781	1.4266E-01	0
38.393	-8.735	1.7152E-01	3
38.391	-8.690	1.7179E-01	0
38.389	-8.645	1.3328E-01	3
38.386	-8.601	1.3059E-01	0
38.384	-8.556	1.3286E-01	3
38.382	-8.512	1.3943E-01	0
38.380	-8.469	1.3702E-01	3
38.378	-8.425	1.2666E-01	0
38.376	-8.381	1.2722E-01	3
38.374	-8.338	1.2602E-01	0
38.372	-8.296	1.3049E-01	3
38.369	-8.253	1.3432E-01	0
38.396	-9.203	8.7313E-02	3
38.394	-9.155	8.6116E-02	3
38.392	-9.107	8.5474E-02	3
38.390	-9.060	8.5876E-02	3
38.388	-9.013	8.5900E-02	3
38.386	-8.966	8.5093E-02	3
38.384	-8.919	8.5118E-02	3
38.382	-8.873	8.5916E-02	3
38.380	-8.827	9.8783E-02	3
38.378	-8.781	1.3977E-01	3
38.376	-8.736	1.4470E-01	3
38.374	-8.690	1.5243E-01	3
38.372	-8.646	1.4199E-01	3
38.370	-8.601	1.3245E-01	3
38.368	-8.557	1.3477E-01	3
38.366	-8.514	1.4300E-01	3
38.364	-8.470	1.3033E-01	3
38.362	-8.425	1.2532E-01	3
38.360	-8.382	1.2737E-01	3
38.357	-8.340	1.2286E-01	3
38.355	-8.298	1.2851E-01	3
38.353	-8.254	1.3325E-01	3
38.379	-9.204	8.6969E-02	3
38.377	-9.156	8.5495E-02	0
38.375	-9.108	8.5076E-02	3
38.373	-9.061	8.5267E-02	0
38.371	-9.014	8.5390E-02	3
38.369	-8.967	8.5195E-02	0
38.367	-8.920	8.4997E-02	3
38.365	-8.874	8.5906E-02	0
38.363	-8.828	9.1803E-02	3
38.361	-8.782	1.3074E-01	0
38.359	-8.737	1.4545E-01	3
38.357	-8.691	1.5159E-01	0
38.355	-8.646	1.3275E-01	3
38.353	-8.602	1.3199E-01	0
38.351	-8.558	1.2913E-01	3
38.362	-9.205	8.6737E-02	3
38.360	-9.157	8.5320E-02	3
38.358	-9.109	8.5342E-02	3
38.356	-9.062	8.5534E-02	3
38.354	-9.015	8.5769E-02	3
38.352	-8.968	8.5848E-02	3
38.350	-8.921	8.5706E-02	3
38.359	-9.213	8.7569E-02	3
38.357	-9.165	8.6095E-02	0
38.355	-9.117	8.5897E-02	3
38.353	-9.070	8.6131E-02	0
38.351	-9.023	8.6100E-02	3
