39,349	-8,515	1,4396E-01	0
39,347	-8,479	1,3470E-01	2
39,345	-8,442	1,0773E-01	0
39,343	-8,406	1,1630E-01	2
39,341	-8,372	1,1941E-01	0
39,340	-8,337	1,3918E-01	2
39,338	-8,302	1,6593E-01	0
39,336	-8,267	1,5438E-01	2
39,349	-8,807	1,2337E-01	0
39,347	-8,769	1,3710E-01	3
39,345	-8,732	1,3573E-01	0
39,343	-8,696	1,4134E-01	3
39,341	-8,660	1,4259E-01	0
39,340	-8,624	1,4518E-01	3
39,338	-8,588	1,4596E-01	0
39,336	-8,552	1,5393E-01	3
39,334	-8,517	1,4185E-01	0
39,332	-8,481	1,6098E-01	3
39,330	-8,444	1,3605E-01	0
39,328	-8,408	1,2547E-01	3
39,327	-8,374	1,3230E-01	0
39,325	-8,339	1,5797E-01	3
39,323	-8,304	1,5404E-01	0
39,321	-8,269	1,3692E-01	3
39,348	-8,487	1,3716E-01	2
39,346	-8,450	1,1214E-01	0
39,344	-8,414	1,1333E-01	2
39,342	-8,379	1,2033E-01	0
39,340	-8,344	1,2890E-01	2
39,338	-8,310	1,7048E-01	0
39,336	-8,275	1,5505E-01	2
39,350	-8,777	1,3146E-01	3
39,348	-8,739	1,3553E-01	0
39,346	-8,703	1,4248E-01	3
39,344	-8,667	1,4131E-01	0
39,342	-8,631	1,4441E-01	3
39,340	-8,595	1,4299E-01	0
39,338	-8,560	1,5486E-01	3
39,336	-8,524	1,4174E-01	0
39,333	-8,488	1,5745E-01	3
39,331	-8,452	1,4552E-01	0
39,329	-8,416	1,1984E-01	3
39,327	-8,381	1,3342E-01	0
39,325	-8,346	1,4666E-01	3
39,323	-8,311	1,6453E-01	0
39,321	-8,276	1,3293E-01	3
39,349	-9,041	1,3399E-01	0
39,347	-9,002	1,3950E-01	2
39,345	-8,965	1,3541E-01	0
39,343	-8,927	1,3312E-01	2
39,341	-8,889	1,2682E-01	0
39,339	-8,853	1,4804E-01	2
39,337	-8,816	1,3276E-01	0
39,335	-8,777	1,4448E-01	2
39,333	-8,740	1,3876E-01	0
39,331	-8,704	1,4554E-01	2
39,329	-8,668	1,4536E-01	0
39,327	-8,632	1,4743E-01	2
39,325	-8,597	1,4180E-01	0
39,323	-8,561	1,4690E-01	2
39,321	-8,525	1,5205E-01	0
39,319	-8,489	1,4996E-01	2
39,316	-8,454	1,3348E-01	0
39,314	-8,418	1,3990E-01	2
39,312	-8,383	1,2513E-01	0
39,310	-8,347	1,3707E-01	2
39,308	-8,312	1,2968E-01	0
39,306	-8,277	1,3896E-01	2
39,343	-9,238	2,0100E-01	3
39,341	-9,200	1,9381E-01	0
39,339	-9,159	1,9947E-01	3
39,337	-9,120	1,5904E-01	0
39,335	-9,081	1,3659E-01	3
39,333	-9,042	1,4138E-01	0
39,331	-9,004	1,2762E-01	3
39,329	-8,966	1,1946E-01	0
39,327	-8,929	1,5129E-01	3
39,325	-8,891	1,4457E-01	0
39,323	-8,854	1,3602E-01	3
39,321	-8,817	1,3219E-01	0
39,319	-8,779	1,4550E-01	3
39,317	-8,742	1,4013E-01	0
39,315	-8,706	1,3784E-01	2
39,313	-8,670	1,5489E-01	0
39,312	-8,634	1,4500E-01	3
39,310	-8,598	1,3667E-01	0
39,308	-8,562	1,4837E-01	3
39,306	-8,526	1,5080E-01	0
39,303	-8,490	1,2346E-01	3
39,301	-8,454	1,3235E-01	0
39,299	-8,419	1,2478E-01	3
39,297	-8,383	1,3055E-01	0
39,295	-8,348	1,4689E-01	3
39,293	-8,313	1,3832E-01	0
39,291	-8,278	1,4530E-01	3
39,327	-9,239	2,4012E-01	3
39,326	-9,201	2,2338E-01	0
39,324	-9,160	1,9657E-01	2
39,322	-9,120	1,9080E-01	0
39,320	-9,082	1,5766E-01	2
39,318	-9,044	1,4399E-01	0
39,316	-9,005	1,4457E-01	2
39,314	-8,967	1,4310E-01	0
39,312	-8,930	1,5863E-01	2
39,310	-8,892	1,6127E-01	0
39,308	-8,855	1,5506E-01	2
39,306	-8,817	1,5307E-01	0
39,304	-8,780	1,5093E-01	2
39,302	-8,743	1,4684E-01	0
39,300	-8,707	1,4127E-01	2
39,298	-8,671	1,4636E-01	0
39,296	-8,635	1,5316E-01	2
39,294	-8,599	1,4471E-01	0
39,293	-8,563	1,4586E-01	2
39,291	-8,527	1,4264E-01	0
39,288	-8,490	1,2207E-01	2
39,286	-8,454	1,1415E-01	0
39,285	-8,419	1,1536E-01	2
39,283	-8,384	1,5316E-01	0
39,281	-8,349	1,1818E-01	2
39,279	-8,314	1,2613E-01	0
39,277	-8,280	1,3869E-01	2
39,312	-9,239	2,6491E-01	3
39,310	-9,201	2,4111E-01	0
39,308	-9,161	2,2136E-01	3
39,306	-9,121	2,5396E-01	0
39,304	-9,083	1,8443E-01	3
39,302	-9,045	1,5102E-01	0
39,300	-9,006	1,4364E-01	3
39,298	-8,968	1,3266E-01	0
39,297	-8,931	1,4845E-01	3
39,295	-8,894	1,6895E-01	0
39,293	-8,856	1,3821E-01	3
39,291	-8,818	1,4362E-01	0
39,289	-8,782	1,5292E-01	2
39,287	-8,745	1,4658E-01	0
39,285	-8,709	1,4634E-01	2
39,283	-8,672	1,4606E-01	0
39,281	-8,636	1,4299E-01	2
39,279	-8,601	1,4958E-01	0
39,277	-8,564	1,5507E-01	3
39,276	-8,528	1,3223E-01	0
39,274	-8,492	1,2063E-01	3
39,272	-8,456	1,3038E-01	0
39,270	-8,420	1,4643E-01	2
39,268	-8,385	1,3243E-01	0
39,266	-8,351	1,3597E-01	2
39,264	-8,316	1,5381E-01	0
39,262	-8,281	1,5346E-01	2
39,296	-9,240	2,8922E-01	3
39,294	-9,201	2,9041E-01	0
39,292	-9,163	1,9676E-01	3
39,291	-9,124	1,9536E-01	0
39,289	-9,084	1,9526E-01	3
39,287	-9,046	1,6875E-01	0
39,285	-9,007	1,5910E-01	3
39,283	-8,969	1,5807E-01	0
39,281	-8,932	1,3257E-01	3
39,279	-8,895	1,2750E-01	0
39,277	-8,858	1,3769E-01	2
39,276	-8,820	1,5726E-01	0
39,274	-8,783	1,5142E-01	2
39,272	-8,747	1,4734E-01	0
39,270	-8,710	1,4243E-01	2
39,268	-8,674	1,4302E-01	0
39,266	-8,638	1,4518E-01	3
39,264	-8,602	1,5915E-01	0
39,262	-8,565	1,6295E-01	3
39,260	-8,529	1,3494E-01	0
39,259	-8,493	1,3183E-01	2
39,257	-8,457	1,3877E-01	0
39,255	-8,422	1,2978E-01	2
39,253	-8,387	1,4112E-01	0
39,251	-8,352	1,4425E-01	2
39,249	-8,317	1,3926E-01	0
39,247	-8,283	1,5233E-01	2
39,280	-9,241	2,9905E-01	3
39,279	-9,203	2,8991E-01	0
39,277	-9,165	2,7569E-01	2
39,275	-9,125	2,2946E-01	0
39,273	-9,086	2,1772E-01	3
39,271	-9,047	1,9942E-01	0
39,269	-9,009	1,4480E-01	3
39,268	-8,971	1,5479E-01	0
39,266	-8,934	1,2562E-01	3
39,264	-8,896	1,4080E-01	0
39,262	-8,859	1,3224E-01	2
39,260	-8,821	1,4406E-01	0
39,258	-8,785	1,3397E-01	2
39,257	-8,748	1,4538E-01	0
39,255	-8,711	1,5535E-01	2
39,253	-8,675	1,4567E-01	0
39,251	-8,639	1,3862E-01	2
39,249	-8,603	1,5442E-01	0
39,247	-8,567	1,6269E-01	2
39,245	-8,530	1,3795E-01	0
39,244	-8,494	1,2810E-01	2
39,242	-8,458	1,2048E-01	0
39,240	-8,423	1,5640E-01	2
39,238	-8,388	1,2816E-01	0
39,236	-8,354	1,2230E-01	2
39,234	-8,319	1,4171E-01	0
39,232	-8,284	1,2470E-01	2
39,231	-8,250	1,2616E-01	0
39,333	-9,245	2,2257E-01	2
39,330	-9,207	2,2122E-01	0
39,328	-9,166	1,9785E-01	2
39,326	-9,126	1,7997E-01	0
39,324	-9,088	1,5987E-01	2
39,322	-9,050	1,4291E-01	0
39,320	-9,011	1,4160E-01	2
39,317	-8,973	1,3976E-01	0
39,315	-8,936	1,6700E-01	3
39,313	-8,898	1,5870E-01	0
39,311	-8,861	1,5265E-01	2
39,309	-8,824	1,5313E-01	0
39,307	-8,786	1,5099E-01	2
39,304	-8,749	1,4735E-01	0
39,302	-8,713	1,4343E-01	2
39,300	-8,677	1,4759E-01	0
39,298	-8,641	1,5592E-01	2
39,296	-8,605	1,4558E-01	0
39,294	-8,570	1,4591E-01	2
39,292	-8,534	1,4551E-01	0
39,289	-8,497	1,2638E-01	2
39,287	-8,461	1,1523E-01	0
39,285	-8,425	1,1342E-01	2
39,283	-8,390	1,5203E-01	0
39,281	-8,356	1,2355E-01	2
39,278	-8,321	1,2572E-01	0
39,276	-8,286	1,3986E-01	2
39,274	-8,252	1,4736E-01	0
39,317	-9,245	2,6995E-01	3
39,315	-9,207	2,3491E-01	0
39,313	-9,167	2,1195E-01	3
39,310	-9,127	2,3812E-01	0
39,308	-9,089	1,7800E-01	3
39,306	-9,051	1,5607E-01	0
39,304	-9,012	1,4893E-01	3
39,302	-8,974	1,3430E-01	0
39,300	-8,937	1,4804E-01	2
39,298	-8,900	1,6890E-01	0
39,296	-8,862	1,4781E-01	2
39,293	-8,824	1,4537E-01	0
39,291	-8,788	1,5421E-01	2
39,289	-8,751	1,4787E-01	0
39,287	-8,715	1,4829E-01	2
39,285	-8,678	1,4595E-01	0
39,283	-8,642	1,4381E-01	2
39,281	-8,607	1,4881E-01	0
39,279	-8,571	1,5681E-01	2
39,277	-8,535	1,3593E-01	0
39,274	-8,498	1,2386E-01	2
39,272	-8,462	1,2761E-01	0
39,270	-8,427	1,4397E-01	2
39,268	-8,391	1,3954E-01	0
39,266	-8,357	1,3270E-01	2
39,264	-8,322	1,5468E-01	0
39,262	-8,288	1,5622E-01	2
39,259	-8,253	1,3942E-01	0
39,301	-9,246	2,7345E-01	2
39,299	-9,207	2,8912E-01	0
39,297	-9,169	2,0514E-01	2
39,295	-9,129	2,3203E-01	0
39,293	-9,090	1,9795E-01	2
39,291	-9,051	1,5719E-01	0
39,289	-9,012	1,5735E-01	2
39,287	-8,975	1,4843E-01	0
39,285	-8,938	1,4145E-01	2
39,282	-8,901	1,3145E-01	0
39,280	-8,864	1,3636E-01	2
39,278	-8,826	1,4884E-01	0
39,276	-8,789	1,5569E-01	2
39,274	-8,752	1,4626E-01	0
39,272	-8,716	1,4222E-01	2
39,270	-8,680	1,4204E-01	0
39,268	-8,644	1,4605E-01	2
39,266	-8,608	1,5592E-01	0
39,264	-8,572	1,6643E-01	2
39,262	-8,535	1,3955E-01	0
39,259	-8,499	1,2984E-01	2
39,257	-8,463	1,3990E-01	0
39,255	-8,428	1,3116E-01	2
39,253	-8,393	1,3759E-01	0
39,251	-8,359	1,4794E-01	2
39,249	-8,324	1,3604E-01	0
39,247	-8,289	1,5116E-01	2
39,245	-8,255	1,5894E-01	0
39,285	-9,247	3,1501E-01	3
39,283	-9,208	3,0267E-01	0
39,281	-9,170	2,5007E-01	2
39,279	-9,131	2,1357E-01	0
39,277	-9,092	2,1855E-01	3
39,275	-9,053	2,0425E-01	0
39,273	-9,015	1,5462E-01	3
39,271	-8,976	1,5828E-01	0
39,269	-8,939	1,2490E-01	3
39,267	-8,902	1,4049E-01	0
39,265	-8,865	1,3085E-01	2
39,263	-8,827	1,4924E-01	0
39,261	-8,791	1,3921E-01	2
39,259	-8,754	1,4486E-01	0
39,257	-8,717	1,5684E-01	2
39,255	-8,681	1,4859E-01	0
39,253	-8,645	1,3867E-01	2
39,251	-8,609	1,5165E-01	0
39,249	-8,573	1,6336E-01	2
39,246	-8,536	1,4154E-01	0
39,244	-8,500	1,2830E-01	2
39,242	-8,465	1,2197E-01	0
39,240	-8,429	1,5000E-01	2
39,238	-8,394	1,3414E-01	0
39,236	-8,360	1,2230E-01	2
39,234	-8,325	1,3736E-01	0
39,232	-8,290	1,2429E-01	2
39,230	-8,256	1,2330E-01	0
39,270	-9,248	2,3362E-01	2
39,268	-9,209	3,0733E-01	0
39,266	-9,171	3,1252E-01	2
39,264	-9,132	2,6559E-01	0
39,262	-9,093	1,8141E-01	2
39,260	-9,054	1,6807E-01	0
39,258	-9,015	1,6149E-01	2
39,256	-8,978	1,3546E-01	0
39,254	-8,940	1,1535E-01	2
39,252	-8,903	1,2133E-01	0
39,250	-8,865	1,3567E-01	2
39,248	-8,828	1,3805E-01	0
39,246	-8,792	1,2883E-01	2
39,244	-8,755	1,2681E-01	0
39,242	-8,718	1,3846E-01	2
39,240	-8,682	1,4521E-01	0
39,238	-8,646	1,3722E-01	2
39,236	-8,610	1,4694E-01	0
39,234	-8,574	1,5458E-01	2
39,232	-8,538	1,4265E-01	0
39,229	-8,502	1,2271E-01	2
39,227	-8,466	1,2933E-01	0
39,225	-8,431	1,4390E-01	2
39,223	-8,396	1,2867E-01	0
39,221	-8,361	1,3943E-01	2
39,219	-8,326	1,5419E-01	0
39,217	-8,292	1,2770E-01	2
39,215	-8,257	1,3126E-01	0
39,254	-9,250	2,5961E-01	2
39,252	-9,210	2,9699E-01	0
39,250	-9,172	3,6248E-01	2
39,248	-9,133	2,8109E-01	0
39,246	-9,094	1,8115E-01	3
39,244	-9,055	1,9159E-01	0
39,242	-9,016	1,6456E-01	2
39,240	-8,979	1,5888E-01	0
39,238	-8,942	1,2936E-01	3
39,236	-8,904	1,2168E-01	0
39,234	-8,866	1,3679E-01	3
39,232	-8,830	1,2988E-01	0
39,230	-8,793	1,2842E-01	2
39,228	-8,756	1,2833E-01	0
39,227	-8,720	1,3691E-01	2
39,224	-8,683	1,4519E-01	0
39,223	-8,648	1,4854E-01	2
39,221	-8,611	1,5748E-01	0
39,219	-8,575	1,5467E-01	2
39,216	-8,539	1,3810E-01	0
39,214	-8,503	1,3406E-01	2
39,212	-8,468	1,3568E-01	0
39,210	-8,432	1,3835E-01	2
39,208	-8,397	1,2553E-01	0
39,206	-8,362	1,1880E-01	2
39,204	-8,328	1,2062E-01	0
39,202	-8,293	1,3231E-01	2
39,200	-8,258	1,2680E-01	0
39,237	-9,212	2,8827E-01	0
39,235	-9,173	3,1493E-01	2
39,233	-9,134	3,1656E-01	0
39,231	-9,095	2,1296E-01	2
39,229	-9,056	1,7492E-01	0
39,227	-9,017	1,4107E-01	2
39,225	-8,980	1,4017E-01	0
39,223	-8,943	1,2457E-01	2
39,221	-8,906	1,2542E-01	0
39,219	-8,868	1,3144E-01	2
39,217	-8,831	1,3480E-01	0
39,215	-8,794	1,3492E-01	2
39,213	-8,757	1,2694E-01	0
39,211	-8,721	1,3779E-01	2
39,209	-8,685	1,4272E-01	0
39,207	-8,649	1,5592E-01	2
39,205	-8,612	1,6259E-01	0
39,203	-8,576	1,5764E-01	2
39,201	-8,540	1,5120E-01	0
39,199	-8,504	1,3888E-01	2
39,198	-8,469	1,3761E-01	0
39,196	-8,434	1,5192E-01	2
39,194	-8,399	1,3105E-01	0
39,192	-8,364	1,3098E-01	2
39,190	-8,329	1,2915E-01	0
39,188	-8,294	1,2570E-01	2
39,186	-8,260	1,1622E-01	0
39,221	-9,213	2,9102E-01	0
39,219	-9,174	3,2691E-01	2
39,217	-9,135	3,1201E-01	0
39,215	-9,096	2,1766E-01	2
39,213	-9,056	1,6129E-01	0
39,211	-9,017	1,2458E-01	2
39,209	-8,981	1,4791E-01	0
39,208	-8,944	1,6683E-01	3
39,206	-8,907	1,4779E-01	0
39,204	-8,869	1,3939E-01	3
39,202	-8,832	1,3372E-01	0
39,200	-8,795	1,2435E-01	2
39,198	-8,758	1,3935E-01	0
39,196	-8,722	1,4818E-01	2
39,194	-8,686	1,4349E-01	0
39,192	-8,650	1,5411E-01	2
39,190	-8,613	1,6826E-01	0
39,188	-8,577	1,6331E-01	2
39,186	-8,541	1,5231E-01	0
39,185	-8,506	1,4025E-01	2
39,183	-8,471	1,3474E-01	0
39,181	-8,435	1,3476E-01	2
39,179	-8,400	1,2583E-01	0
39,177	-8,365	1,2314E-01	2
39,175	-8,330	1,1948E-01	0
39,173	-8,296	1,1454E-01	2
39,171	-8,261	1,2705E-01	0
39,205	-9,214	2,1757E-01	0
39,203	-9,175	2,5227E-01	2
39,202	-9,136	3,5501E-01	0
39,200	-9,097	2,9275E-01	2
39,198	-9,055	2,0733E-01	0
39,196	-9,017	1,1553E-01	2
39,194	-8,982	1,2270E-01	0
39,192	-8,945	1,4602E-01	2
39,190	-8,908	1,3449E-01	0
39,188	-8,870	1,3035E-01	2
39,187	-8,832	1,2765E-01	0
39,185	-8,796	1,4322E-01	2
39,183	-8,759	1,4528E-01	0
39,181	-8,724	1,4140E-01	2
39,179	-8,687	1,4045E-01	0
39,177	-8,651	1,5143E-01	2
39,175	-8,615	1,5719E-01	0
39,173	-8,578	1,6432E-01	2
39,171	-8,542	1,4232E-01	0
39,170	-8,507	1,5672E-01	2
39,168	-8,471	1,2035E-01	0
39,166	-8,436	1,2630E-01	2
39,164	-8,401	1,3728E-01	0
39,162	-8,366	1,2798E-01	2
39,160	-8,331	1,1753E-01	0
39,158	-8,297	1,1817E-01	2
39,156	-8,262	1,2392E-01	0
39,190	-9,215	3,1151E-01	0
39,188	-9,176	1,8921E-01	2
39,186	-9,137	2,2099E-01	0
39,184	-9,096	3,1375E-01	2
39,182	-9,053	1,7946E-01	0
39,180	-9,020	1,1716E-01	2
39,179	-8,984	1,1904E-01	0
39,177	-8,946	1,2270E-01	2
39,175	-8,908	1,2258E-01	0
39,173	-8,871	1,3845E-01	2
39,171	-8,834	1,4667E-01	0
39,169	-8,798	1,5475E-01	2
39,168	-8,761	1,6845E-01	0
39,166	-8,725	1,6001E-01	2
39,164	-8,689	1,5361E-01	0
39,162	-8,652	1,5943E-01	2
39,160	-8,616	1,5836E-01	0
39,158	-8,579	1,3979E-01	2
39,156	-8,544	1,5076E-01	0
39,155	-8,508	1,5181E-01	3
39,153	-8,472	1,3743E-01	0
39,151	-8,437	1,2354E-01	2
39,149	-8,402	1,3911E-01	0
39,147	-8,367	1,3008E-01	2
39,145	-8,333	1,1813E-01	0
39,143	-8,298	1,1934E-01	2
39,141	-8,264	1,2724E-01	0
39,242	-9,219	2,7428E-01	0
39,240	-9,180	3,1028E-01	2
39,238	-9,141	3,3307E-01	0
39,235	-9,102	2,2308E-01	2
39,233	-9,064	1,9981E-01	0
39,231	-9,024	1,6472E-01	2
39,229	-8,987	1,4212E-01	0
39,227	-8,950	1,2957E-01	2
39,225	-8,913	1,2106E-01	0
39,222	-8,875	1,3350E-01	2
39,220	-8,838	1,2906E-01	0
39,218	-8,801	1,3313E-01	2
39,216	-8,764	1,2714E-01	0
39,214	-8,728	1,3486E-01	2
39,212	-8,692	1,4559E-01	0
39,209	-8,656	1,5223E-01	2
39,207	-8,620	1,6320E-01	0
39,205	-8,584	1,5918E-01	2
39,203	-8,547	1,5335E-01	0
39,201	-8,511	1,4046E-01	2
39,199	-8,476	1,3879E-01	0
39,196	-8,441	1,4956E-01	2
39,194	-8,406	1,3274E-01	0
39,192	-8,371	1,3486E-01	2
39,190	-8,337	1,2829E-01	0
39,188	-8,302	1,2698E-01	2
39,185	-8,267	1,1790E-01	0
39,226	-9,220	2,6625E-01	0
39,224	-9,181	3,2835E-01	2
39,222	-9,142	3,3648E-01	0
39,220	-9,104	2,3876E-01	2
39,218	-9,064	1,6788E-01	0
39,215	-9,024	1,2920E-01	2
39,213	-8,988	1,4452E-01	0
39,211	-8,951	1,5872E-01	2
39,209	-8,914	1,4389E-01	0
39,207	-8,876	1,3617E-01	2
39,205	-8,839	1,3608E-01	0
39,203	-8,802	1,3255E-01	2
39,201	-8,765	1,3412E-01	0
39,199	-8,729	1,4218E-01	2
39,196	-8,693	1,4800E-01	0
39,194	-8,657	1,4914E-01	2
39,192	-8,621	1,6986E-01	0
39,190	-8,585	1,6510E-01	2
39,188	-8,548	1,6098E-01	0
39,186	-8,513	1,4112E-01	2
39,184	-8,478	1,3633E-01	0
39,181	-8,443	1,3752E-01	2
39,179	-8,408	1,2849E-01	0
39,177	-8,373	1,2442E-01	2
39,175	-8,338	1,2086E-01	0
39,173	-8,303	1,1469E-01	2
39,171	-8,268	1,2546E-01	0
39,211	-9,222	2,5131E-01	0
39,208	-9,182	2,6512E-01	2
39,206	-9,143	3,4430E-01	0
39,204	-9,105	2,9188E-01	2
39,202	-9,064	1,9792E-01	0
39,200	-9,024	1,2205E-01	2
39,198	-8,989	1,2383E-01	0
39,196	-8,952	1,5044E-01	2
39,194	-8,915	1,4713E-01	0
39,192	-8,877	1,3497E-01	2
39,190	-8,840	1,2760E-01	0
39,188	-8,803	1,3702E-01	2
39,185	-8,767	1,4780E-01	0
39,183	-8,730	1,4034E-01	2
39,181	-8,695	1,4363E-01	0
39,179	-8,658	1,5006E-01	2
39,177	-8,622	1,5765E-01	0
39,175	-8,585	1,6115E-01	2
39,173	-8,549	1,4329E-01	0
39,171	-8,514	1,5698E-01	2
39,169	-8,479	1,2593E-01	0
39,167	-8,443	1,2446E-01	2
39,164	-8,408	1,3308E-01	0
39,162	-8,373	1,3352E-01	2
39,160	-8,339	1,1794E-01	0
39,158	-8,304	1,1730E-01	2
39,156	-8,270	1,2366E-01	0
39,195	-9,222	2,8420E-01	0
39,193	-9,183	2,0404E-01	3
39,191	-9,144	2,2177E-01	0
39,189	-9,105	3,2202E-01	3
39,186	-9,062	2,2955E-01	0
39,184	-9,025	1,2071E-01	2
39,183	-8,990	1,1935E-01	0
39,181	-8,953	1,2583E-01	2
39,178	-8,916	1,2294E-01	0
39,176	-8,878	1,3414E-01	2
39,174	-8,841	1,4448E-01	0
39,172	-8,804	1,5075E-01	2
39,170	-8,768	1,6660E-01	0
39,168	-8,732	1,5781E-01	2
39,166	-8,696	1,5177E-01	0
39,164	-8,659	1,5666E-01	2
39,162	-8,623	1,5779E-01	0
39,160	-8,586	1,3871E-01	2
39,158	-8,551	1,4374E-01	0
39,156	-8,516	1,5314E-01	2
39,154	-8,480	1,4158E-01	0
39,152	-8,444	1,2538E-01	3
39,150	-8,409	1,3456E-01	0
39,147	-8,375	1,3376E-01	3
39,145	-8,340	1,2089E-01	0
39,143	-8,305	1,1750E-01	3
39,141	-8,271	1,2821E-01	0
39,179	-9,224	2,6965E-01	0
39,177	-9,184	2,6808E-01	2
39,175	-9,145	2,1511E-01	0
39,173	-9,104	2,5519E-01	2
39,171	-9,062	1,5730E-01	0
39,169	-9,028	1,4818E-01	2
39,167	-8,992	1,2082E-01	0
39,165	-8,955	1,2347E-01	2
39,163	-8,917	1,4577E-01	0
39,161	-8,879	1,4317E-01	2
39,159	-8,843	1,4216E-01	0
39,157	-8,806	1,4786E-01	2
39,155	-8,769	1,5486E-01	0
39,153	-8,733	1,5466E-01	2
39,151	-8,697	1,5382E-01	0
39,149	-8,661	1,6997E-01	2
39,147	-8,624	1,6845E-01	0
39,145	-8,587	1,1990E-01	2
39,143	-8,552	1,4968E-01	0
39,141	-8,517	1,4191E-01	2
39,139	-8,481	1,1972E-01	0
39,137	-8,446	1,2706E-01	2
39,135	-8,411	1,3931E-01	0
39,133	-8,376	1,2485E-01	2
39,131	-8,341	1,2161E-01	0
39,129	-8,307	1,2750E-01	2
39,127	-8,272	1,3270E-01	0
39,164	-9,225	2,3661E-01	0
39,162	-9,185	2,9705E-01	2
39,160	-9,146	2,3822E-01	0
39,158	-9,105	1,8690E-01	3
39,156	-9,068	1,5576E-01	0
39,154	-9,031	1,3872E-01	3
39,152	-8,993	1,2981E-01	0
39,150	-8,956	1,3486E-01	3
39,148	-8,919	1,5634E-01	0
39,146	-8,881	1,4732E-01	3
39,144	-8,844	1,3784E-01	0
39,142	-8,807	1,3417E-01	2
39,140	-8,771	1,3070E-01	0
39,138	-8,735	1,5671E-01	2
39,136	-8,698	1,5949E-01	0
39,134	-8,662	1,6833E-01	2
39,132	-8,625	1,5604E-01	0
39,130	-8,589	1,3136E-01	2
39,128	-8,554	1,4613E-01	0
39,126	-8,518	1,6360E-01	2
39,124	-8,483	1,2862E-01	0
39,122	-8,447	1,3033E-01	3
39,120	-8,412	1,2876E-01	0
39,118	-8,377	1,2224E-01	3
39,116	-8,342	1,3039E-01	0
39,114	-8,308	1,2444E-01	3
39,112	-8,274	1,1873E-01	0
39,148	-9,226	2,6065E-01	0
39,146	-9,187	2,5716E-01	2
39,144	-9,146	2,7970E-01	0
39,142	-9,107	1,8950E-01	2
39,140	-9,070	1,6032E-01	0
39,138	-9,032	1,4391E-01	2
39,136	-8,995	1,3309E-01	0
39,134	-8,957	1,4336E-01	2
39,132	-8,920	1,5725E-01	0
39,131	-8,882	1,4576E-01	2
39,129	-8,845	1,4599E-01	0
39,127	-8,809	1,3159E-01	2
39,125	-8,772	1,3408E-01	0
39,123	-8,736	1,4834E-01	2
39,121	-8,699	1,5866E-01	0
39,119	-8,663	1,5381E-01	2
39,117	-8,627	1,5449E-01	0
39,115	-8,591	1,3909E-01	2
39,113	-8,555	1,4633E-01	0
39,111	-8,519	1,6386E-01	2
39,109	-8,484	1,3260E-01	0
39,107	-8,448	1,3278E-01	2
39,105	-8,413	1,3248E-01	0
39,103	-8,378	1,2837E-01	2
39,101	-8,344	1,3406E-01	0
39,099	-8,310	1,3680E-01	2
39,097	-8,275	1,3422E-01	0
39,132	-9,227	2,4044E-01	0
39,130	-9,188	3,0252E-01	2
39,128	-9,146	2,1728E-01	0
39,127	-9,109	1,7597E-01	3
39,125	-9,071	1,4958E-01	0
39,123	-9,033	1,3234E-01	2
39,121	-8,996	1,3087E-01	0
39,119	-8,959	1,3397E-01	2
39,117	-8,921	1,4363E-01	0
39,115	-8,883	1,3827E-01	2
39,113	-8,846	1,3249E-01	0
39,111	-8,810	1,3876E-01	2
39,109	-8,774	1,4776E-01	0
39,108	-8,737	1,4726E-01	2
39,106	-8,701	1,4426E-01	0
39,104	-8,664	1,3387E-01	2
39,102	-8,628	1,3856E-01	0
39,100	-8,592	1,3417E-01	3
39,098	-8,556	1,3445E-01	0
39,096	-8,520	1,4542E-01	2
39,094	-8,485	1,3848E-01	0
39,092	-8,449	1,4233E-01	3
39,090	-8,414	1,2926E-01	0
39,088	-8,379	1,1997E-01	3
39,086	-8,345	1,1929E-01	0
39,084	-8,311	1,1716E-01	3
39,082	-8,276	1,2281E-01	0
39,117	-9,228	2,5106E-01	0
39,115	-9,187	2,1527E-01	2
39,113	-9,147	2,2662E-01	0
39,111	-9,111	1,7551E-01	3
39,109	-9,073	1,5948E-01	0
39,107	-9,034	1,3382E-01	3
39,106	-8,997	1,2475E-01	0
39,104	-8,960	1,3463E-01	3
39,102	-8,922	1,2156E-01	0
39,100	-8,885	1,3677E-01	3
39,098	-8,848	1,3099E-01	0
39,096	-8,811	1,4476E-01	2
39,094	-8,775	1,5308E-01	0
39,092	-8,738	1,3255E-01	2
39,090	-8,702	1,4675E-01	0
39,089	-8,665	1,4422E-01	2
39,087	-8,629	1,4868E-01	0
39,085	-8,593	1,5504E-01	2
39,083	-8,557	1,4544E-01	0
39,081	-8,522	1,2954E-01	3
39,079	-8,486	1,2752E-01	0
39,077	-8,451	1,3782E-01	2
39,075	-8,416	1,3401E-01	0
39,073	-8,381	1,1619E-01	2
39,071	-8,347	1,2970E-01	0
39,069	-8,312	1,5171E-01	2
39,068	-8,278	1,3450E-01	0
39,101	-9,229	2,9489E-01	0
39,099	-9,188	2,8803E-01	2
39,097	-9,149	2,0632E-01	0
39,096	-9,112	1,6367E-01	2
39,094	-9,074	1,7570E-01	0
39,092	-9,035	1,6108E-01	2
39,090	-8,998	1,5431E-01	0
39,088	-8,962	1,3103E-01	2
39,086	-8,923	1,2433E-01	0
39,085	-8,886	1,5446E-01	2
39,083	-8,849	1,5417E-01	0
39,081	-8,813	1,5746E-01	3
39,079	-8,776	1,5103E-01	0
39,077	-8,739	1,4166E-01	2
39,075	-8,703	1,8040E-01	0
39,073	-8,666	1,6254E-01	2
39,072	-8,630	1,5917E-01	0
39,070	-8,594	1,5556E-01	3
39,068	-8,559	1,3581E-01	0
39,066	-8,523	1,4213E-01	3
39,064	-8,488	1,3129E-01	0
39,062	-8,452	1,3060E-01	3
39,060	-8,417	1,2612E-01	0
39,058	-8,382	1,4394E-01	2
39,057	-8,348	1,3180E-01	0
39,055	-8,313	1,2788E-01	3
39,053	-8,279	1,2484E-01	0
39,153	-9,232	2,5234E-01	0
39,151	-9,192	2,6883E-01	2
39,149	-9,153	3,0021E-01	0
39,146	-9,113	1,9731E-01	2
39,144	-9,076	1,6814E-01	0
39,142	-9,038	1,5156E-01	2
39,140	-9,000	1,3524E-01	0
39,138	-8,963	1,4040E-01	2
39,136	-8,926	1,6033E-01	0
39,133	-8,888	1,4884E-01	2
39,131	-8,851	1,4774E-01	0
39,129	-8,814	1,3544E-01	2
39,127	-8,778	1,3013E-01	0
39,125	-8,742	1,5127E-01	2
39,123	-8,705	1,5820E-01	0
39,120	-8,669	1,5904E-01	2
39,118	-8,633	1,5474E-01	0
39,116	-8,597	1,4135E-01	2
39,114	-8,561	1,4453E-01	0
39,112	-8,525	1,6811E-01	2
39,110	-8,490	1,3695E-01	0
39,107	-8,454	1,3247E-01	2
39,105	-8,419	1,3438E-01	0
39,103	-8,384	1,3149E-01	2
39,101	-8,350	1,3089E-01	0
39,099	-8,316	1,3818E-01	2
39,097	-8,281	1,3524E-01	0
39,137	-9,233	2,4625E-01	0
39,135	-9,194	2,6536E-01	2
39,133	-9,152	2,0952E-01	0
39,131	-9,114	1,7330E-01	2
39,129	-9,077	1,5190E-01	0
39,127	-9,039	1,3275E-01	3
39,125	-9,001	1,3421E-01	0
39,122	-8,965	1,3233E-01	2
39,120	-8,927	1,4594E-01	0
39,118	-8,889	1,4104E-01	3
39,116	-8,852	1,3536E-01	0
39,114	-8,816	1,3932E-01	3
39,112	-8,779	1,4325E-01	0
39,110	-8,743	1,5228E-01	3
39,108	-8,707	1,4436E-01	0
39,105	-8,670	1,3638E-01	3
39,103	-8,634	1,3866E-01	0
39,101	-8,598	1,3990E-01	3
39,099	-8,562	1,3240E-01	0
39,097	-8,526	1,4700E-01	3
39,095	-8,491	1,3910E-01	0
39,092	-8,455	1,4279E-01	3
39,090	-8,420	1,3300E-01	0
39,088	-8,385	1,2028E-01	2
39,086	-8,351	1,2092E-01	0
39,084	-8,317	1,1593E-01	3
39,082	-8,283	1,2307E-01	0
39,122	-9,234	2,5543E-01	0
39,120	-9,194	2,4241E-01	2
39,117	-9,153	2,5174E-01	0
39,115	-9,116	1,9888E-01	2
39,113	-9,078	1,6344E-01	0
39,111	-9,040	1,3787E-01	2
39,109	-9,002	1,2224E-01	0
39,107	-8,966	1,3755E-01	2
39,105	-8,928	1,2629E-01	0
39,103	-8,890	1,3385E-01	2
39,101	-8,854	1,3181E-01	0
39,099	-8,817	1,4066E-01	2
39,097	-8,781	1,5641E-01	0
39,095	-8,744	1,3542E-01	2
39,092	-8,708	1,4512E-01	0
39,090	-8,671	1,4232E-01	2
39,088	-8,635	1,4863E-01	0
39,086	-8,599	1,5095E-01	2
39,084	-8,563	1,5133E-01	0
39,082	-8,527	1,3015E-01	2
39,080	-8,492	1,2849E-01	0
39,078	-8,457	1,3548E-01	2
39,075	-8,422	1,3887E-01	0
39,073	-8,387	1,1634E-01	2
39,071	-8,353	1,2766E-01	0
39,069	-8,318	1,4839E-01	2
39,067	-8,284	1,3644E-01	0
39,106	-9,235	2,8379E-01	0
39,104	-9,194	2,8749E-01	2
39,102	-9,154	2,1115E-01	0
39,100	-9,117	1,5884E-01	2
39,098	-9,080	1,7001E-01	0
39,096	-9,041	1,5754E-01	2
39,094	-9,003	1,5370E-01	0
39,092	-8,967	1,3021E-01	3
39,090	-8,929	1,2520E-01	0
39,088	-8,892	1,4861E-01	2
39,086	-8,855	1,5479E-01	0
39,083	-8,819	1,5172E-01	2
39,081	-8,782	1,5661E-01	0
39,079	-8,745	1,3581E-01	2
39,077	-8,709	1,7497E-01	0
39,075	-8,672	1,6608E-01	2
39,073	-8,636	1,5922E-01	0
39,071	-8,600	1,5837E-01	3
39,069	-8,565	1,3535E-01	0
39,067	-8,529	1,4382E-01	3
39,065	-8,494	1,3186E-01	0
39,063	-8,458	1,3014E-01	3
39,061	-8,423	1,2709E-01	0
39,058	-8,388	1,3980E-01	2
39,056	-8,354	1,3722E-01	0
39,054	-8,319	1,2839E-01	3
39,052	-8,285	1,2403E-01	0
39,050	-8,252	1,3017E-01	3
39,090	-9,236	2,7664E-01	0
39,088	-9,196	2,2748E-01	2
39,086	-9,157	2,0512E-01	0
39,084	-9,118	2,4767E-01	2
39,082	-9,080	1,6481E-01	0
39,080	-9,042	1,5249E-01	2
39,078	-9,004	1,5825E-01	0
39,076	-8,968	1,3970E-01	2
39,074	-8,931	1,2524E-01	0
39,072	-8,893	1,4179E-01	2
39,070	-8,857	1,6893E-01	0
39,068	-8,820	1,6449E-01	2
39,066	-8,783	1,4547E-01	0
39,064	-8,746	1,5389E-01	2
39,062	-8,710	1,7292E-01	0
39,060	-8,673	1,7170E-01	2
39,058	-8,637	1,5410E-01	0
39,056	-8,601	1,2984E-01	2
39,054	-8,566	1,3555E-01	0
39,052	-8,530	1,3736E-01	2
39,050	-8,495	1,3047E-01	0
39,048	-8,459	1,2522E-01	2
39,046	-8,424	1,1911E-01	0
39,044	-8,390	1,2527E-01	2
39,042	-8,355	1,2433E-01	0
39,040	-8,321	1,3814E-01	2
39,038	-8,287	1,3914E-01	0
39,036	-8,253	1,4994E-01	2
39,075	-9,237	3,1435E-01	0
39,073	-9,198	2,7006E-01	2
39,071	-9,158	2,3420E-01	0
39,069	-9,119	2,2592E-01	2
39,067	-9,081	1,8200E-01	0
39,065	-9,043	1,5741E-01	2
39,063	-9,006	1,5101E-01	0
39,061	-8,970	1,6821E-01	2
39,059	-8,932	1,2975E-01	0
39,057	-8,895	1,5460E-01	2
39,055	-8,858	1,5091E-01	0
39,053	-8,821	1,7073E-01	3
39,051	-8,784	1,8001E-01	0
39,049	-8,748	1,6593E-01	3
39,047	-8,711	1,7516E-01	0
39,045	-8,675	1,5305E-01	3
39,043	-8,638	1,6294E-01	0
39,041	-8,602	1,3541E-01	3
39,039	-8,566	1,3375E-01	0
39,037	-8,531	1,3607E-01	3
39,035	-8,496	1,3942E-01	0
39,033	-8,460	1,3346E-01	3
39,031	-8,426	1,1854E-01	0
39,029	-8,391	1,2946E-01	3
39,027	-8,357	1,2574E-01	0
39,025	-8,322	1,4126E-01	3
39,023	-8,289	1,5844E-01	0
39,021	-8,255	1,4840E-01	3
39,059	-9,237	3,1396E-01	0
39,057	-9,199	2,5444E-01	2
39,055	-9,160	1,9395E-01	0
39,053	-9,120	1,9307E-01	2
39,051	-9,081	1,8876E-01	0
39,049	-9,043	1,7404E-01	2
39,047	-9,007	1,5449E-01	0
39,046	-8,971	1,6924E-01	2
39,044	-8,933	1,5539E-01	0
39,042	-8,896	1,4381E-01	2
39,040	-8,859	1,4173E-01	0
39,038	-8,822	1,4164E-01	2
39,036	-8,785	1,7073E-01	0
39,034	-8,749	1,6049E-01	2
39,032	-8,712	1,6106E-01	0
39,030	-8,676	1,4612E-01	2
39,028	-8,639	1,4880E-01	0
39,026	-8,603	1,5015E-01	2
39,024	-8,568	1,6828E-01	0
39,022	-8,532	1,4507E-01	2
39,020	-8,497	1,3639E-01	0
39,018	-8,462	1,2925E-01	2
39,016	-8,427	1,3898E-01	0
39,014	-8,393	1,4520E-01	2
39,012	-8,359	1,4594E-01	0
39,010	-8,325	1,4263E-01	2
39,008	-8,290	1,4740E-01	0
39,006	-8,256	1,3281E-01	2
39,043	-9,238	2,9011E-01	0
39,042	-9,199	2,9111E-01	2
39,040	-9,160	2,8199E-01	0
39,038	-9,120	1,9449E-01	2
39,036	-9,082	1,6165E-01	0
39,034	-9,045	1,5452E-01	2
39,032	-9,008	1,5222E-01	0
39,030	-8,972	1,7318E-01	2
39,028	-8,935	1,4774E-01	0
39,026	-8,897	1,3053E-01	2
39,024	-8,860	1,2578E-01	0
39,023	-8,823	1,3647E-01	3
39,021	-8,787	1,6949E-01	0
39,019	-8,750	1,8491E-01	3
39,017	-8,714	1,5619E-01	0
39,015	-8,677	1,4713E-01	3
39,013	-8,641	1,4296E-01	0
39,011	-8,605	1,4871E-01	3
39,009	-8,569	1,3404E-01	0
39,007	-8,534	1,3242E-01	3
39,005	-8,498	1,3393E-01	0
39,003	-8,464	1,5338E-01	3
39,001	-8,429	1,4809E-01	0
38,999	-8,395	1,6732E-01	3
38,997	-8,360	1,6821E-01	0
38,995	-8,326	1,5085E-01	3
38,993	-8,292	1,7774E-01	0
38,991	-8,258	1,5717E-01	3
39,028	-9,240	2,3252E-01	0
39,026	-9,199	2,0681E-01	2
39,024	-9,160	2,1611E-01	0
39,022	-9,121	1,9511E-01	2
39,020	-9,083	1,6882E-01	0
39,018	-9,046	1,6400E-01	2
39,017	-9,009	1,5458E-01	0
39,015	-8,973	1,5423E-01	2
39,013	-8,936	1,5015E-01	0
39,011	-8,899	1,4708E-01	2
39,009	-8,862	1,4550E-01	0
39,007	-8,825	1,4076E-01	2
39,005	-8,788	1,8449E-01	0
39,003	-8,751	1,8276E-01	2
39,002	-8,715	1,5351E-01	0
39,000	-8,678	1,4616E-01	2
38,998	-8,642	1,5749E-01	0
38,996	-8,606	1,6011E-01	2
38,994	-8,571	1,3935E-01	0
38,992	-8,535	1,5329E-01	2
38,990	-8,500	1,5550E-01	0
38,988	-8,466	1,6218E-01	2
38,986	-8,431	1,5692E-01	0
38,984	-8,396	1,4406E-01	2
38,982	-8,361	1,2746E-01	0
38,981	-8,326	1,4057E-01	2
38,979	-8,292	1,5223E-01	0
38,977	-8,258	1,3765E-01	2
39,012	-9,241	2,7860E-01	0
39,010	-9,201	2,3415E-01	3
39,008	-9,161	2,4107E-01	0
39,007	-9,123	1,8811E-01	3
39,005	-9,086	1,7286E-01	0
39,003	-9,048	1,6836E-01	3
39,001	-9,011	1,6519E-01	0
38,999	-8,974	1,5074E-01	2
38,998	-8,937	1,4449E-01	0
38,996	-8,900	1,4722E-01	2
38,994	-8,863	1,4499E-01	0
38,992	-8,826	1,3993E-01	3
38,990	-8,789	1,5384E-01	0
38,988	-8,752	1,6681E-01	3
38,986	-8,716	1,8064E-01	0
38,985	-8,680	1,5578E-01	3
38,983	-8,643	1,4437E-01	0
38,981	-8,608	1,4542E-01	3
38,979	-8,572	1,2911E-01	0
38,977	-8,536	1,6428E-01	3
38,975	-8,502	1,5099E-01	0
38,973	-8,467	1,8236E-01	3
38,971	-8,432	1,6346E-01	0
38,970	-8,397	1,4410E-01	3
38,968	-8,362	1,5429E-01	0
38,966	-8,328	1,5869E-01	3
38,964	-8,293	1,6030E-01	0
38,962	-8,259	1,9616E-01	3
39,064	-9,245	3,0155E-01	0
39,062	-9,206	2,8733E-01	2
39,060	-9,167	1,9071E-01	0
39,058	-9,128	1,9698E-01	2
39,056	-9,089	1,9099E-01	0
39,053	-9,051	1,6721E-01	2
39,051	-9,014	1,5167E-01	0
39,049	-8,978	1,7781E-01	2
39,047	-8,941	1,5668E-01	0
39,045	-8,904	1,5654E-01	2
39,043	-8,867	1,4363E-01	0
39,041	-8,830	1,4549E-01	2
39,038	-8,793	1,7601E-01	0
39,036	-8,756	1,6151E-01	2
39,034	-8,720	1,6896E-01	0
39,032	-8,683	1,5012E-01	2
39,030	-8,647	1,5731E-01	0
39,027	-8,611	1,4294E-01	2
39,025	-8,575	1,6444E-01	0
39,023	-8,540	1,5223E-01	2
39,021	-8,504	1,3695E-01	0
39,019	-8,469	1,3104E-01	2
39,017	-8,435	1,3444E-01	0
39,014	-8,400	1,4913E-01	2
39,012	-8,366	1,4415E-01	0
39,010	-8,332	1,4758E-01	2
39,008	-8,298	1,4628E-01	0
39,006	-8,264	1,3665E-01	2
39,049	-9,246	2,8923E-01	0
39,047	-9,206	3,0205E-01	3
39,044	-9,168	2,9743E-01	0
39,042	-9,128	1,9862E-01	3
39,040	-9,089	1,6468E-01	0
39,038	-9,052	1,6119E-01	3
39,036	-9,015	1,5203E-01	0
39,034	-8,979	1,6999E-01	3
39,032	-8,942	1,5401E-01	0
39,030	-8,905	1,2909E-01	3
39,027	-8,868	1,2265E-01	0
39,025	-8,831	1,2749E-01	3
39,023	-8,794	1,6359E-01	0
39,021	-8,757	1,7832E-01	3
39,019	-8,721	1,6485E-01	0
39,017	-8,685	1,4335E-01	3
39,015	-8,648	1,4752E-01	0
39,012	-8,612	1,4297E-01	3
39,010	-8,576	1,4090E-01	0
39,008	-8,541	1,3605E-01	3
39,006	-8,506	1,2974E-01	0
39,004	-8,471	1,5318E-01	3
39,002	-8,437	1,4706E-01	0
39,000	-8,402	1,6626E-01	3
38,997	-8,368	1,6933E-01	0
38,995	-8,333	1,5412E-01	3
38,993	-8,299	1,7140E-01	0
38,991	-8,265	1,6085E-01	3
39,033	-9,247	2,4316E-01	0
39,031	-9,206	2,0712E-01	2
39,029	-9,168	2,0287E-01	0
39,027	-9,128	2,2053E-01	2
39,025	-9,090	1,6256E-01	0
39,022	-9,052	1,6001E-01	2
39,020	-9,016	1,5909E-01	0
39,018	-8,980	1,5404E-01	2
39,016	-8,943	1,5271E-01	0
39,014	-8,906	1,4672E-01	2
39,012	-8,869	1,4859E-01	0
39,010	-8,832	1,4071E-01	2
39,008	-8,795	1,8315E-01	0
39,006	-8,758	1,8963E-01	2
39,004	-8,722	1,5802E-01	0
39,002	-8,686	1,4488E-01	2
38,999	-8,649	1,5529E-01	0
38,997	-8,613	1,6432E-01	2
38,995	-8,578	1,4452E-01	0
38,993	-8,542	1,4777E-01	2
38,991	-8,507	1,5622E-01	0
38,989	-8,473	1,5931E-01	2
38,987	-8,438	1,6014E-01	0
38,985	-8,403	1,4697E-01	2
38,983	-8,369	1,2961E-01	0
38,980	-8,334	1,3423E-01	2
38,978	-8,300	1,5766E-01	0
38,976	-8,266	1,3576E-01	2
39,017	-9,247	3,0658E-01	0
39,015	-9,207	2,4905E-01	3
39,013	-9,169	2,6069E-01	0
39,011	-9,129	1,8308E-01	3
39,009	-9,092	1,7663E-01	0
39,007	-9,055	1,6826E-01	3
39,005	-9,018	1,6919E-01	0
39,003	-8,981	1,5413E-01	3
39,001	-8,944	1,4377E-01	0
38,999	-8,907	1,4647E-01	3
38,997	-8,870	1,4709E-01	0
38,995	-8,833	1,4044E-01	3
38,993	-8,796	1,5148E-01	0
38,991	-8,760	1,7014E-01	3
38,989	-8,723	1,7948E-01	0
38,987	-8,687	1,5557E-01	3
38,984	-8,651	1,5114E-01	0
38,982	-8,615	1,4281E-01	3
38,980	-8,579	1,3045E-01	0
38,978	-8,544	1,5681E-01	3
38,976	-8,509	1,5443E-01	0
38,974	-8,474	1,7530E-01	3
38,972	-8,439	1,7190E-01	0
38,970	-8,404	1,4670E-01	3
38,968	-8,370	1,4944E-01	0
38,966	-8,335	1,6166E-01	3
38,964	-8,301	1,5570E-01	0
38,962	-8,266	1,9784E-01	3
39,002	-9,249	2,4529E-01	0
39,000	-9,209	1,9898E-01	2
38,998	-9,169	2,4475E-01	0
38,996	-9,131	2,1538E-01	2
38,994	-9,094	2,0531E-01	0
38,992	-9,057	1,7522E-01	2
38,990	-9,019	1,6493E-01	0
38,988	-8,982	1,4477E-01	2
38,986	-8,946	1,4588E-01	0
38,984	-8,908	1,4978E-01	2
38,982	-8,871	1,4195E-01	0
38,980	-8,834	1,4454E-01	2
38,978	-8,798	1,4762E-01	0
38,976	-8,761	1,3981E-01	2
38,973	-8,724	1,3726E-01	0
38,971	-8,688	1,8085E-01	2
38,969	-8,652	1,4324E-01	0
38,967	-8,616	1,5068E-01	2
38,965	-8,581	1,5781E-01	0
38,963	-8,545	1,5383E-01	2
38,961	-8,511	1,7073E-01	0
38,959	-8,476	1,9037E-01	2
38,957	-8,440	1,4059E-01	0
38,955	-8,405	1,6372E-01	2
38,953	-8,371	1,2929E-01	0
38,951	-8,336	1,4071E-01	2
38,949	-8,302	1,4588E-01	0
38,947	-8,268	1,7808E-01	2
38,984	-9,210	2,3051E-01	3
38,982	-9,169	1,9908E-01	0
38,980	-9,131	1,9235E-01	3
38,978	-9,094	1,8578E-01	0
38,976	-9,057	1,6337E-01	3
38,974	-9,019	1,5748E-01	0
38,972	-8,983	1,4368E-01	3
38,970	-8,947	1,3309E-01	0
38,968	-8,909	1,4003E-01	3
38,966	-8,872	1,4175E-01	0
38,964	-8,835	1,4422E-01	3
38,962	-8,799	1,5145E-01	0
38,960	-8,762	1,4175E-01	3
38,958	-8,726	1,4329E-01	0
38,956	-8,690	1,5167E-01	3
38,954	-8,654	1,5029E-01	0
38,952	-8,618	1,4940E-01	3
38,950	-8,582	1,3457E-01	0
38,948	-8,547	1,5757E-01	3
38,946	-8,512	1,7512E-01	0
38,944	-8,477	1,7912E-01	3
38,942	-8,442	1,6241E-01	0
38,940	-8,407	1,6422E-01	3
38,938	-8,372	1,5784E-01	0
38,936	-8,337	2,0445E-01	3
38,934	-8,303	1,3500E-01	0
38,932	-8,269	1,5090E-01	3
38,968	-9,211	2,0313E-01	2
38,966	-9,171	1,8910E-01	0
38,965	-9,132	2,2289E-01	2
38,963	-9,093	2,2698E-01	0
38,961	-9,057	1,7121E-01	2
38,959	-9,020	1,5546E-01	0
38,957	-8,985	1,5138E-01	2
38,955	-8,948	1,4472E-01	0
38,953	-8,911	1,4070E-01	2
38,951	-8,874	1,4240E-01	0
38,949	-8,837	1,4805E-01	3
38,947	-8,800	1,4792E-01	0
38,945	-8,763	1,3543E-01	2
38,943	-8,727	1,3459E-01	0
38,941	-8,691	1,2948E-01	2
38,939	-8,655	1,4123E-01	0
38,937	-8,619	1,3111E-01	2
38,935	-8,584	1,4240E-01	0
38,933	-8,548	1,4446E-01	2
38,931	-8,513	1,5302E-01	0
38,929	-8,478	1,4868E-01	2
38,927	-8,443	1,5944E-01	0
38,925	-8,408	1,6446E-01	2
38,923	-8,374	1,5523E-01	0
38,921	-8,339	1,3557E-01	2
38,919	-8,305	1,6211E-01	0
38,917	-8,271	1,4406E-01	2
38,953	-9,211	1,7691E-01	3
38,951	-9,173	2,1974E-01	0
38,949	-9,134	2,1765E-01	3
38,947	-9,095	1,7889E-01	0
38,945	-9,058	2,0562E-01	2
38,943	-9,022	1,4874E-01	0
38,942	-8,986	1,4152E-01	3
38,940	-8,949	1,4062E-01	0
38,938	-8,912	1,4781E-01	3
38,936	-8,875	1,5571E-01	0
38,934	-8,838	1,4082E-01	3
38,932	-8,801	1,4488E-01	0
38,930	-8,764	1,3231E-01	3
38,928	-8,728	1,3222E-01	0
38,926	-8,691	1,4145E-01	3
38,924	-8,656	1,4997E-01	0
38,922	-8,620	1,3555E-01	3
38,920	-8,585	1,4284E-01	0
38,918	-8,549	1,3022E-01	3
38,916	-8,514	1,2728E-01	0
38,914	-8,479	1,2214E-01	3
38,912	-8,444	1,3213E-01	0
38,911	-8,409	1,2736E-01	3
38,909	-8,375	1,2656E-01	0
38,907	-8,340	1,4436E-01	3
38,905	-8,306	1,4458E-01	0
38,903	-8,272	1,4624E-01	3
38,937	-9,213	2,4593E-01	3
38,935	-9,175	2,2031E-01	0
38,934	-9,136	1,9216E-01	3
38,932	-9,097	1,9499E-01	0
38,930	-9,060	2,0757E-01	3
38,928	-9,024	1,8894E-01	0
38,926	-8,988	1,5039E-01	3
38,924	-8,950	1,4635E-01	0
38,922	-8,913	1,4354E-01	3
38,921	-8,876	1,7329E-01	0
38,919	-8,839	1,5003E-01	3
38,917	-8,802	1,3862E-01	0
38,915	-8,765	1,3332E-01	3
38,913	-8,729	1,3431E-01	0
38,911	-8,693	1,4329E-01	2
38,909	-8,657	1,6424E-01	0
38,907	-8,621	1,3796E-01	2
38,905	-8,585	1,2395E-01	0
38,903	-8,550	1,2777E-01	2
38,901	-8,515	1,4052E-01	0
38,900	-8,480	1,3267E-01	2
38,898	-8,445	1,3872E-01	0
38,896	-8,410	1,3982E-01	2
38,894	-8,376	1,2767E-01	0
38,892	-8,341	1,2816E-01	2
38,890	-8,307	1,3911E-01	0
38,888	-8,273	1,7538E-01	2
38,922	-9,214	3,0258E-01	3
38,920	-9,176	2,3739E-01	0
38,918	-9,138	1,9148E-01	3
38,916	-9,099	2,2373E-01	0
38,914	-9,061	1,9468E-01	2
38,913	-9,026	1,8308E-01	0
38,911	-8,989	1,4304E-01	3
38,909	-8,952	1,4393E-01	0
38,907	-8,914	1,3534E-01	3
38,905	-8,877	1,5237E-01	0
38,903	-8,840	1,4736E-01	3
38,902	-8,804	1,3575E-01	0
38,900	-8,767	1,3039E-01	3
38,898	-8,730	1,2996E-01	0
38,896	-8,694	1,3954E-01	3
38,894	-8,658	1,4264E-01	0
38,892	-8,622	1,3227E-01	3
38,890	-8,586	1,1577E-01	0
38,888	-8,551	1,5057E-01	3
38,886	-8,516	1,6276E-01	0
38,885	-8,481	1,4902E-01	3
38,883	-8,446	1,8231E-01	0
38,881	-8,411	1,4915E-01	3
38,879	-8,377	1,4580E-01	0
38,877	-8,342	1,3959E-01	3
38,875	-8,309	1,4523E-01	0
38,873	-8,275	1,2892E-01	3
38,973	-9,217	2,2496E-01	2
38,971	-9,176	1,9116E-01	0
38,969	-9,138	2,1945E-01	2
38,967	-9,099	2,3450E-01	0
38,964	-9,063	1,7090E-01	2
38,962	-9,026	1,5792E-01	0
38,960	-8,990	1,5307E-01	2
38,958	-8,954	1,4329E-01	0
38,956	-8,916	1,4146E-01	2
38,954	-8,879	1,4337E-01	0
38,952	-8,842	1,4994E-01	2
38,949	-8,805	1,5120E-01	0
38,947	-8,769	1,3610E-01	2
38,945	-8,732	1,3490E-01	0
38,943	-8,696	1,3138E-01	2
38,941	-8,661	1,3908E-01	0
38,939	-8,625	1,3239E-01	2
38,936	-8,590	1,4194E-01	0
38,934	-8,554	1,4410E-01	2
38,932	-8,519	1,5277E-01	0
38,930	-8,484	1,5139E-01	2
38,928	-8,448	1,5438E-01	0
38,925	-8,414	1,6098E-01	2
38,923	-8,379	1,6142E-01	0
38,921	-8,345	1,3890E-01	2
38,919	-8,311	1,5537E-01	0
38,917	-8,277	1,5217E-01	2
38,958	-9,217	1,7075E-01	2
38,955	-9,178	1,9824E-01	0
38,953	-9,139	1,9840E-01	2
38,951	-9,100	1,8941E-01	0
38,949	-9,064	2,1183E-01	2
38,947	-9,027	1,5495E-01	0
38,945	-8,991	1,4162E-01	2
38,943	-8,955	1,4195E-01	0
38,941	-8,917	1,4760E-01	3
38,938	-8,880	1,5264E-01	0
38,936	-8,843	1,4313E-01	3
38,934	-8,807	1,4524E-01	0
38,932	-8,770	1,3774E-01	3
38,930	-8,734	1,3166E-01	0
38,928	-8,697	1,4314E-01	3
38,926	-8,661	1,5202E-01	0
38,923	-8,626	1,3627E-01	3
38,921	-8,590	1,4341E-01	0
38,919	-8,555	1,3411E-01	3
38,917	-8,520	1,2764E-01	0
38,915	-8,485	1,2469E-01	3
38,913	-8,450	1,3111E-01	0
38,911	-8,415	1,2833E-01	3
38,908	-8,380	1,2768E-01	0
38,906	-8,346	1,3987E-01	3
38,904	-8,312	1,4197E-01	0
38,902	-8,278	1,5119E-01	3
38,942	-9,218	2,1400E-01	2
38,940	-9,180	2,3227E-01	0
38,938	-9,141	2,2867E-01	2
38,936	-9,102	1,8431E-01	0
38,934	-9,065	2,0475E-01	2
38,932	-9,028	1,8007E-01	0
38,930	-8,993	1,5424E-01	2
38,927	-8,956	1,4896E-01	0
38,925	-8,919	1,4287E-01	2
38,923	-8,881	1,6960E-01	0
38,921	-8,845	1,5439E-01	2
38,919	-8,808	1,3740E-01	0
38,917	-8,771	1,3399E-01	2
38,915	-8,735	1,3462E-01	0
38,913	-8,698	1,3822E-01	2
38,910	-8,662	1,6301E-01	0
38,908	-8,627	1,4210E-01	2
38,906	-8,591	1,2569E-01	0
38,904	-8,556	1,2797E-01	2
38,902	-8,521	1,3730E-01	0
38,900	-8,486	1,3778E-01	2
38,898	-8,451	1,3652E-01	0
38,896	-8,416	1,4160E-01	2
38,894	-8,381	1,3048E-01	0
38,891	-8,347	1,2754E-01	2
38,889	-8,313	1,3549E-01	0
38,887	-8,279	1,6552E-01	2
38,926	-9,219	2,9652E-01	3
38,924	-9,181	2,3811E-01	0
38,922	-9,143	1,8251E-01	3
38,920	-9,105	2,2804E-01	0
38,918	-9,066	1,9822E-01	2
38,916	-9,031	1,9525E-01	0
38,914	-8,994	1,4581E-01	2
38,912	-8,957	1,4628E-01	0
38,910	-8,920	1,3539E-01	2
38,908	-8,883	1,5478E-01	0
38,906	-8,846	1,5145E-01	3
38,904	-8,809	1,3908E-01	0
38,902	-8,772	1,2942E-01	3
38,900	-8,736	1,3031E-01	0
38,898	-8,700	1,4067E-01	3
38,895	-8,664	1,4633E-01	0
38,893	-8,628	1,3687E-01	3
38,891	-8,592	1,1643E-01	0
38,889	-8,557	1,4438E-01	3
38,887	-8,522	1,6235E-01	0
38,885	-8,487	1,4544E-01	3
38,883	-8,452	1,8799E-01	0
38,881	-8,417	1,4787E-01	3
38,879	-8,382	1,4959E-01	0
38,877	-8,348	1,4383E-01	3
38,875	-8,314	1,4319E-01	0
38,873	-8,280	1,2938E-01	3
38,911	-9,220	2,9202E-01	2
38,909	-9,182	2,6963E-01	0
38,907	-9,145	2,0975E-01	2
38,905	-9,107	1,7033E-01	0
38,903	-9,068	1,5459E-01	2
38,901	-9,033	1,6764E-01	0
38,899	-8,996	1,4493E-01	2
38,897	-8,958	1,4869E-01	0
38,895	-8,921	1,3809E-01	2
38,893	-8,884	1,4016E-01	0
38,891	-8,847	1,2865E-01	2
38,889	-8,810	1,3195E-01	0
38,887	-8,774	1,3469E-01	2
38,884	-8,737	1,4049E-01	0
38,882	-8,701	1,4547E-01	2
38,880	-8,665	1,4728E-01	0
38,878	-8,629	1,3875E-01	2
38,876	-8,593	1,5535E-01	0
38,874	-8,558	1,2539E-01	2
38,872	-8,523	1,2706E-01	0
38,870	-8,488	1,3571E-01	2
38,868	-8,453	1,6722E-01	0
38,866	-8,418	1,7036E-01	2
38,864	-8,383	1,4196E-01	0
38,862	-8,349	1,3284E-01	2
38,860	-8,316	1,4542E-01	0
38,858	-8,282	1,3973E-01	2
38,895	-9,221	2,8160E-01	3
38,893	-9,182	2,8594E-01	0
38,891	-9,144	2,1215E-01	3
38,889	-9,106	1,7991E-01	0
38,887	-9,070	1,5341E-01	2
38,885	-9,034	1,6178E-01	0
38,883	-8,997	1,3067E-01	2
38,881	-8,959	1,4883E-01	0
38,879	-8,922	1,5479E-01	3
38,877	-8,885	1,5061E-01	0
38,875	-8,848	1,3725E-01	3
38,873	-8,811	1,3579E-01	0
38,871	-8,775	1,3836E-01	3
38,869	-8,738	1,4206E-01	0
38,867	-8,702	1,3764E-01	3
38,865	-8,666	1,4062E-01	0
38,863	-8,630	1,5164E-01	3
38,861	-8,595	1,4638E-01	0
38,859	-8,559	1,4263E-01	3
38,857	-8,524	1,3702E-01	0
38,855	-8,489	1,4333E-01	3
38,853	-8,454	1,8228E-01	0
38,851	-8,419	1,8307E-01	3
38,849	-8,385	1,4833E-01	0
38,847	-8,350	1,3207E-01	3
38,845	-8,317	1,2924E-01	0
38,843	-8,283	1,5973E-01	3
38,880	-9,222	2,8722E-01	2
38,878	-9,184	2,7097E-01	0
38,876	-9,147	2,9669E-01	2
38,874	-9,110	2,5360E-01	0
38,872	-9,072	1,8443E-01	2
38,870	-9,036	1,6029E-01	0
38,868	-8,998	1,3712E-01	2
38,866	-8,961	1,5082E-01	0
38,864	-8,923	1,6227E-01	2
38,862	-8,886	1,4624E-01	0
38,860	-8,849	1,3411E-01	2
38,858	-8,812	1,3429E-01	0
38,856	-8,776	1,5202E-01	2
38,854	-8,740	1,4084E-01	0
38,852	-8,704	1,3409E-01	2
38,850	-8,667	1,4435E-01	0
38,848	-8,631	1,4646E-01	2
38,846	-8,596	1,5416E-01	0
38,844	-8,560	1,6220E-01	2
38,842	-8,525	1,4606E-01	0
38,840	-8,490	1,5436E-01	2
38,838	-8,455	1,5300E-01	0
38,836	-8,421	1,6343E-01	2
38,834	-8,386	1,2795E-01	0
38,832	-8,351	1,3415E-01	2
38,830	-8,318	1,3004E-01	0
38,828	-8,284	1,5324E-01	2
38,826	-8,250	1,5810E-01	0
38,864	-9,224	2,2029E-01	3
38,862	-9,187	2,7785E-01	0
38,860	-9,150	3,7386E-01	2
38,858	-9,112	3,1249E-01	0
38,856	-9,074	1,9372E-01	2
38,855	-9,037	1,2745E-01	0
38,853	-8,999	1,2357E-01	3
38,851	-8,962	1,3606E-01	0
38,849	-8,924	1,5555E-01	3
38,847	-8,887	1,4013E-01	0
38,845	-8,850	1,2243E-01	3
38,843	-8,814	1,2491E-01	0
38,841	-8,777	1,1552E-01	3
38,839	-8,741	1,2562E-01	0
38,837	-8,705	1,3348E-01	3
38,835	-8,669	1,4270E-01	0
38,833	-8,632	1,3428E-01	3
38,831	-8,597	1,4284E-01	0
38,829	-8,561	1,5763E-01	3
38,827	-8,526	1,5556E-01	0
38,825	-8,491	1,4560E-01	3
38,823	-8,456	1,6091E-01	0
38,821	-8,421	1,3993E-01	3
38,820	-8,387	1,5639E-01	0
38,818	-8,352	1,7551E-01	3
38,816	-8,319	1,5698E-01	0
38,814	-8,285	1,6895E-01	3
38,812	-8,251	1,8591E-01	0
38,848	-9,226	2,0812E-01	2
38,847	-9,189	2,2238E-01	0
38,845	-9,152	2,8591E-01	2
38,843	-9,113	2,7729E-01	0
38,841	-9,075	1,9272E-01	2
38,839	-9,038	1,1662E-01	0
38,837	-9,000	1,1542E-01	2
38,835	-8,963	1,2528E-01	0
38,833	-8,926	1,4262E-01	3
38,832	-8,889	1,6642E-01	0
38,830	-8,852	1,3548E-01	2
38,828	-8,815	1,2624E-01	0
38,826	-8,778	1,3383E-01	2
38,824	-8,742	1,2725E-01	0
38,822	-8,706	1,4519E-01	2
38,820	-8,670	1,4182E-01	0
38,818	-8,634	1,3550E-01	2
38,816	-8,598	1,3071E-01	0
38,814	-8,563	1,4465E-01	2
38,812	-8,528	1,4900E-01	0
38,811	-8,493	1,6226E-01	2
38,809	-8,458	1,6595E-01	0
38,807	-8,423	1,4043E-01	2
38,805	-8,388	1,6598E-01	0
38,803	-8,354	1,6498E-01	2
38,801	-8,319	1,8532E-01	0
38,799	-8,286	1,5715E-01	2
38,797	-8,252	1,5380E-01	0
38,833	-9,226	2,1385E-01	2
38,831	-9,190	2,3412E-01	0
38,829	-9,153	2,7133E-01	2
38,827	-9,114	2,3673E-01	0
38,826	-9,077	1,6993E-01	2
38,824	-9,039	1,1662E-01	0
38,822	-9,002	1,1464E-01	2
38,820	-8,964	1,2188E-01	0
38,818	-8,927	1,3621E-01	3
38,816	-8,890	1,6210E-01	0
38,814	-8,853	1,8035E-01	3
38,813	-8,816	1,3949E-01	0
38,811	-8,779	1,2814E-01	3
38,809	-8,743	1,3288E-01	0
38,807	-8,707	1,6482E-01	3
38,805	-8,671	1,4597E-01	0
38,803	-8,636	1,2961E-01	3
38,801	-8,600	1,4125E-01	0
38,799	-8,565	1,4438E-01	3
38,798	-8,529	1,4195E-01	0
38,796	-8,494	1,2827E-01	3
38,794	-8,459	1,4158E-01	0
38,792	-8,424	1,5257E-01	3
38,790	-8,390	1,3059E-01	0
38,788	-8,355	1,5026E-01	3
38,786	-8,321	1,5692E-01	0
38,784	-8,287	1,4005E-01	3
38,782	-8,253	1,7282E-01	0
38,885	-9,230	2,8214E-01	3
38,882	-9,191	2,6707E-01	0
38,880	-9,153	2,9689E-01	3
38,878	-9,116	2,4047E-01	0
38,876	-9,079	1,8352E-01	2
38,874	-9,043	1,7024E-01	0
38,872	-9,005	1,3281E-01	2
38,870	-8,968	1,4858E-01	0
38,867	-8,931	1,6479E-01	2
38,865	-8,894	1,5260E-01	0
38,863	-8,857	1,3920E-01	2
38,861	-8,820	1,3434E-01	0
38,859	-8,783	1,5475E-01	2
38,856	-8,747	1,3991E-01	0
38,854	-8,711	1,3527E-01	2
38,852	-8,675	1,3944E-01	0
38,850	-8,639	1,5337E-01	2
38,848	-8,603	1,4726E-01	0
38,845	-8,568	1,6665E-01	2
38,843	-8,532	1,4448E-01	0
38,841	-8,497	1,5093E-01	2
38,839	-8,463	1,5811E-01	0
38,837	-8,428	1,6031E-01	2
38,834	-8,393	1,3470E-01	0
38,832	-8,359	1,3052E-01	2
38,830	-8,325	1,3172E-01	0
38,828	-8,291	1,5008E-01	2
38,826	-8,258	1,5927E-01	0
38,869	-9,231	2,2118E-01	2
38,867	-9,193	2,8442E-01	0
38,865	-9,156	3,5481E-01	2
38,863	-9,119	3,3309E-01	0
38,861	-9,081	2,1167E-01	3
38,858	-9,044	1,4576E-01	0
38,856	-9,006	1,2794E-01	2
38,854	-8,969	1,3739E-01	0
38,852	-8,932	1,5391E-01	2
38,850	-8,895	1,4348E-01	0
38,848	-8,858	1,2412E-01	2
38,846	-8,821	1,2573E-01	0
38,843	-8,784	1,2048E-01	3
38,841	-8,748	1,2439E-01	0
38,839	-8,712	1,3563E-01	3
38,837	-8,676	1,4056E-01	0
38,835	-8,640	1,3454E-01	3
38,833	-8,604	1,4336E-01	0
38,830	-8,569	1,5857E-01	3
38,828	-8,534	1,5684E-01	0
38,826	-8,499	1,4700E-01	3
38,824	-8,464	1,5549E-01	0
38,822	-8,429	1,5040E-01	3
38,820	-8,394	1,4837E-01	0
38,818	-8,360	1,8143E-01	3
38,815	-8,326	1,6066E-01	0
38,813	-8,292	1,5798E-01	3
38,811	-8,258	1,9806E-01	0
38,853	-9,233	2,1110E-01	3
38,851	-9,196	2,4333E-01	0
38,849	-9,159	3,0143E-01	3
38,847	-9,120	3,1274E-01	0
38,845	-9,082	2,1540E-01	2
38,843	-9,045	1,1914E-01	0
38,841	-9,008	1,1480E-01	2
38,839	-8,970	1,2605E-01	0
38,837	-8,933	1,3904E-01	2
38,835	-8,896	1,6396E-01	0
38,832	-8,859	1,3666E-01	2
38,830	-8,822	1,2394E-01	0
38,828	-8,785	1,3394E-01	2
38,826	-8,749	1,2542E-01	0
38,824	-8,713	1,3490E-01	2
38,822	-8,677	1,4214E-01	0
38,820	-8,641	1,4006E-01	2
38,818	-8,606	1,3102E-01	0
38,815	-8,570	1,4332E-01	2
38,813	-8,535	1,4834E-01	0
38,811	-8,500	1,5628E-01	2
38,809	-8,465	1,7358E-01	0
38,807	-8,430	1,3757E-01	2
38,805	-8,396	1,6604E-01	0
38,803	-8,361	1,5563E-01	2
38,801	-8,327	1,9374E-01	0
38,799	-8,293	1,5852E-01	2
38,796	-8,259	1,5145E-01	0
38,838	-9,234	2,0928E-01	2
38,836	-9,197	2,2408E-01	0
38,834	-9,160	2,4829E-01	3
38,832	-9,122	2,2970E-01	0
38,830	-9,084	1,9991E-01	3
38,828	-9,046	1,2036E-01	0
38,826	-9,009	1,1448E-01	2
38,823	-8,971	1,2108E-01	0
38,821	-8,934	1,3544E-01	2
38,819	-8,897	1,5605E-01	0
38,817	-8,860	1,7334E-01	2
38,815	-8,823	1,4523E-01	0
38,813	-8,787	1,2713E-01	2
38,811	-8,750	1,2714E-01	0
38,809	-8,714	1,6846E-01	3
38,807	-8,679	1,4668E-01	0
38,805	-8,643	1,3201E-01	3
38,803	-8,607	1,3613E-01	0
38,801	-8,572	1,4755E-01	3
38,798	-8,537	1,4394E-01	0
38,796	-8,502	1,2561E-01	3
38,794	-8,467	1,4551E-01	0
38,792	-8,432	1,4634E-01	3
38,790	-8,397	1,3768E-01	0
38,788	-8,363	1,4144E-01	3
38,786	-8,329	1,6105E-01	0
38,784	-8,295	1,3836E-01	3
38,782	-8,261	1,6680E-01	0
38,822	-9,234	2,0859E-01	2
38,820	-9,196	2,0157E-01	0
38,818	-9,160	2,7156E-01	2
38,816	-9,122	2,3088E-01	0
38,814	-9,085	1,5588E-01	2
38,812	-9,048	1,1697E-01	0
38,810	-9,010	1,1428E-01	2
38,808	-8,973	1,1737E-01	0
38,806	-8,935	1,3230E-01	2
38,804	-8,898	1,3438E-01	0
38,802	-8,861	1,7942E-01	2
38,800	-8,824	1,4911E-01	0
38,798	-8,788	1,3029E-01	2
38,796	-8,752	1,5564E-01	0
38,794	-8,715	1,4507E-01	2
38,792	-8,679	1,6079E-01	0
38,790	-8,644	1,6475E-01	2
38,788	-8,608	1,5366E-01	0
38,786	-8,573	1,3640E-01	2
38,784	-8,538	1,5200E-01	0
38,781	-8,503	1,4007E-01	2
38,779	-8,468	1,7779E-01	0
38,777	-8,433	1,5431E-01	2
38,775	-8,399	1,3660E-01	0
38,773	-8,364	1,3948E-01	2
38,771	-8,330	1,3832E-01	0
38,769	-8,296	1,3917E-01	2
38,767	-8,262	1,2674E-01	0
38,807	-9,235	2,0977E-01	3
38,805	-9,198	2,5124E-01	0
38,803	-9,161	3,1031E-01	3
38,801	-9,123	2,5600E-01	0
38,799	-9,086	1,4504E-01	3
38,797	-9,049	1,1548E-01	0
38,795	-9,011	1,1360E-01	3
38,793	-8,974	1,1695E-01	0
38,791	-8,936	1,2446E-01	2
38,789	-8,899	1,2223E-01	0
38,787	-8,862	1,5799E-01	2
38,785	-8,825	2,0410E-01	0
38,783	-8,789	1,5403E-01	2
38,781	-8,753	1,5518E-01	0
38,779	-8,717	1,2925E-01	3
38,777	-8,681	1,6222E-01	0
38,775	-8,645	1,6054E-01	3
38,773	-8,609	1,5364E-01	0
38,771	-8,574	1,9231E-01	3
38,769	-8,538	1,5899E-01	0
38,767	-8,503	1,6816E-01	3
38,765	-8,469	1,4708E-01	0
38,763	-8,434	1,5496E-01	3
38,760	-8,400	1,4125E-01	0
38,758	-8,365	1,4820E-01	3
38,756	-8,331	1,4185E-01	0
38,754	-8,297	1,3502E-01	3
38,752	-8,263	1,2459E-01	0
38,791	-9,237	1,8188E-01	2
38,789	-9,200	2,4128E-01	0
38,787	-9,163	3,1315E-01	2
38,785	-9,124	2,6028E-01	0
38,783	-9,088	1,4494E-01	2
38,781	-9,050	1,1449E-01	0
38,779	-9,012	1,1385E-01	2
38,777	-8,975	1,1716E-01	0
38,775	-8,938	1,2558E-01	2
38,773	-8,900	1,2514E-01	0
38,772	-8,863	1,3218E-01	2
38,770	-8,827	1,5324E-01	0
38,768	-8,790	1,6514E-01	2
38,766	-8,754	1,3254E-01	0
38,764	-8,718	1,5589E-01	2
38,762	-8,682	1,6942E-01	0
38,760	-8,646	1,5469E-01	2
38,758	-8,611	1,4572E-01	0
38,756	-8,576	1,5222E-01	2
38,754	-8,540	1,5976E-01	0
38,752	-8,505	1,6120E-01	2
38,750	-8,470	1,5953E-01	0
38,748	-8,435	1,6475E-01	2
38,746	-8,401	1,5676E-01	0
38,744	-8,367	1,5198E-01	2
38,742	-8,332	1,8098E-01	0
38,740	-8,298	1,3869E-01	2
38,738	-8,264	1,3601E-01	0
38,775	-9,239	1,8845E-01	3
38,774	-9,202	2,4075E-01	0
38,772	-9,163	2,6551E-01	3
38,770	-9,125	2,3079E-01	0
38,768	-9,089	1,4790E-01	3
38,766	-9,051	1,1423E-01	0
38,764	-9,013	1,1446E-01	2
38,762	-8,976	1,2048E-01	0
38,760	-8,939	1,3069E-01	2
38,758	-8,902	1,2821E-01	0
38,756	-8,865	1,2131E-01	2
38,754	-8,828	1,2969E-01	0
38,752	-8,792	1,7203E-01	2
38,750	-8,755	1,6912E-01	0
38,748	-8,719	1,3348E-01	3
38,747	-8,683	1,9140E-01	0
38,745	-8,647	1,7418E-01	3
38,743	-8,612	1,7868E-01	0
38,741	-8,576	1,4752E-01	3
38,739	-8,542	2,1856E-01	0
38,737	-8,507	1,7366E-01	3
38,735	-8,472	1,4205E-01	0
38,733	-8,437	1,2824E-01	3
38,731	-8,402	1,3785E-01	0
38,729	-8,368	1,6815E-01	3
38,727	-8,333	1,7387E-01	0
38,725	-8,299	1,5226E-01	3
38,723	-8,265	1,5345E-01	0
38,760	-9,241	2,1543E-01	2
38,758	-9,203	2,2322E-01	0
38,756	-9,164	2,3103E-01	2
38,754	-9,127	2,3672E-01	0
38,752	-9,090	1,4127E-01	2
38,751	-9,052	1,1459E-01	0
38,749	-9,015	1,1573E-01	2
38,747	-8,977	1,4035E-01	0
38,745	-8,940	1,5329E-01	2
38,743	-8,903	1,3276E-01	0
38,741	-8,866	1,2944E-01	2
38,739	-8,829	1,2829E-01	0
38,737	-8,793	1,5242E-01	2
38,735	-8,756	1,8299E-01	0
38,733	-8,720	1,8458E-01	2
38,731	-8,684	1,5917E-01	0
38,730	-8,648	1,5483E-01	2
38,728	-8,613	1,7137E-01	0
38,726	-8,578	1,6478E-01	2
38,724	-8,543	1,4712E-01	0
38,722	-8,508	1,8320E-01	2
38,720	-8,473	1,7474E-01	0
38,718	-8,438	1,7868E-01	2
38,716	-8,404	1,7339E-01	0
38,714	-8,369	1,5175E-01	2
38,712	-8,335	1,4999E-01	0
38,710	-8,300	1,6765E-01	2
38,708	-8,266	1,4161E-01	0
38,744	-9,242	1,9699E-01	2
38,742	-9,204	2,6777E-01	0
38,741	-9,166	2,7426E-01	2
38,739	-9,128	2,2192E-01	0
38,737	-9,091	1,3517E-01	2
38,735	-9,053	1,1452E-01	0
38,733	-9,016	1,2146E-01	2
38,731	-8,978	1,5316E-01	0
38,730	-8,941	1,7673E-01	2
38,728	-8,904	1,5656E-01	0
38,726	-8,867	1,3318E-01	2
38,724	-8,830	1,3089E-01	0
38,722	-8,794	1,5037E-01	2
38,720	-8,758	1,5340E-01	0
38,718	-8,721	1,4819E-01	3
38,716	-8,685	1,6054E-01	0
38,714	-8,650	1,7103E-01	3
38,713	-8,614	1,6614E-01	0
38,711	-8,579	1,8332E-01	3
38,709	-8,544	1,9126E-01	0
38,707	-8,509	2,5440E-01	3
38,705	-8,474	1,4265E-01	0
38,703	-8,439	1,9369E-01	3
38,701	-8,405	1,6811E-01	0
38,699	-8,371	2,0187E-01	3
38,697	-8,336	1,7421E-01	0
38,696	-8,302	1,5428E-01	3
38,694	-8,268	1,4715E-01	0
38,796	-9,243	1,6823E-01	3
38,794	-9,205	2,2234E-01	0
38,791	-9,168	2,9448E-01	3
38,789	-9,130	2,8106E-01	0
38,787	-9,093	1,5320E-01	2
38,785	-9,056	1,1608E-01	0
38,783	-9,018	1,1410E-01	2
38,781	-8,981	1,1736E-01	0
38,778	-8,944	1,2527E-01	2
38,776	-8,906	1,2462E-01	0
38,774	-8,869	1,2942E-01	2
38,772	-8,833	1,5360E-01	0
38,770	-8,796	1,7051E-01	2
38,767	-8,760	1,3623E-01	0
38,765	-8,724	1,5461E-01	2
38,763	-8,688	1,6574E-01	0
38,761	-8,652	1,6247E-01	2
38,759	-8,617	1,4316E-01	0
38,756	-8,582	1,5830E-01	2
38,754	-8,546	1,5271E-01	0
38,752	-8,511	1,6544E-01	2
38,750	-8,476	1,6367E-01	0
38,748	-8,441	1,6072E-01	2
38,746	-8,407	1,6360E-01	0
38,743	-8,373	1,4713E-01	2
38,741	-8,338	1,8624E-01	0
38,739	-8,304	1,4385E-01	2
38,737	-8,270	1,3641E-01	0
38,780	-9,244	1,9328E-01	2
38,778	-9,208	2,5388E-01	0
38,776	-9,169	2,8188E-01	2
38,774	-9,131	2,6182E-01	0
38,772	-9,094	1,5539E-01	2
38,770	-9,057	1,1582E-01	0
38,767	-9,019	1,1446E-01	2
38,765	-8,982	1,1812E-01	0
38,763	-8,945	1,2675E-01	3
38,761	-8,908	1,3016E-01	0
38,759	-8,871	1,2351E-01	3
38,757	-8,834	1,2692E-01	0
38,754	-8,798	1,6712E-01	3
38,752	-8,761	1,6569E-01	0
38,750	-8,725	1,3466E-01	3
38,748	-8,689	1,8413E-01	0
38,746	-8,653	1,8574E-01	3
38,744	-8,618	1,7551E-01	0
38,741	-8,583	1,4839E-01	3
38,739	-8,548	2,1039E-01	0
38,737	-8,513	1,8475E-01	3
38,735	-8,478	1,4629E-01	0
38,733	-8,443	1,3201E-01	3
38,731	-8,408	1,3555E-01	0
38,729	-8,374	1,6381E-01	3
38,726	-8,340	1,7857E-01	0
38,724	-8,305	1,4940E-01	3
38,722	-8,271	1,6049E-01	0
38,765	-9,246	2,0835E-01	3
38,762	-9,208	2,0696E-01	0
38,760	-9,170	2,2713E-01	3
38,758	-9,132	2,5092E-01	0
38,756	-9,095	1,5148E-01	2
38,754	-9,058	1,1571E-01	0
38,752	-9,020	1,1538E-01	2
38,750	-8,983	1,3282E-01	0
38,748	-8,946	1,5682E-01	2
38,746	-8,909	1,3219E-01	0
38,744	-8,872	1,2940E-01	2
38,741	-8,835	1,2809E-01	0
38,739	-8,799	1,4776E-01	2
38,737	-8,762	1,8775E-01	0
38,735	-8,726	1,8749E-01	2
38,733	-8,690	1,6199E-01	0
38,731	-8,654	1,5340E-01	2
38,729	-8,619	1,7521E-01	0
38,727	-8,584	1,6228E-01	2
38,724	-8,549	1,5458E-01	0
38,722	-8,514	1,7263E-01	2
38,720	-8,479	1,8654E-01	0
38,718	-8,444	1,6846E-01	2
38,716	-8,410	1,8891E-01	0
38,714	-8,376	1,5063E-01	2
38,712	-8,341	1,5300E-01	0
38,709	-8,307	1,7040E-01	2
38,707	-8,273	1,4329E-01	0
38,749	-9,248	1,8854E-01	2
38,747	-9,209	2,4488E-01	0
38,745	-9,171	2,7200E-01	2
38,743	-9,134	2,3372E-01	0
38,741	-9,097	1,4784E-01	2
38,739	-9,059	1,1509E-01	0
38,737	-9,022	1,1695E-01	3
38,735	-8,984	1,4517E-01	0
38,732	-8,947	1,6884E-01	3
38,730	-8,910	1,5760E-01	0
38,728	-8,873	1,3421E-01	3
38,726	-8,836	1,3094E-01	0
38,724	-8,800	1,4776E-01	3
38,722	-8,764	1,5278E-01	0
38,720	-8,727	1,4585E-01	3
38,718	-8,691	1,5901E-01	0
38,716	-8,656	1,6699E-01	3
38,714	-8,620	1,7268E-01	0
38,712	-8,585	1,7376E-01	3
38,709	-8,550	1,8497E-01	0
38,707	-8,515	2,5940E-01	3
38,705	-8,480	1,4761E-01	0
38,703	-8,445	1,9231E-01	3
38,701	-8,411	1,6949E-01	0
38,699	-8,377	1,9881E-01	3
38,697	-8,343	1,7467E-01	0
38,695	-8,308	1,6148E-01	3
38,693	-8,274	1,4072E-01	0
38,733	-9,249	1,8872E-01	2
38,731	-9,210	3,0376E-01	0
38,729	-9,172	3,0937E-01	2
38,727	-9,135	2,1859E-01	0
38,725	-9,098	1,3244E-01	2
38,723	-9,060	1,2215E-01	0
38,721	-9,023	1,7441E-01	2
38,719	-8,985	1,9941E-01	0
38,717	-8,948	1,8932E-01	2
38,715	-8,911	1,7940E-01	0
38,713	-8,874	1,5042E-01	2
38,711	-8,838	1,3376E-01	0
38,709	-8,801	1,4457E-01	2
38,707	-8,765	1,5947E-01	0
38,705	-8,729	1,6313E-01	2
38,703	-8,693	1,6252E-01	0
38,701	-8,657	1,7047E-01	2
38,699	-8,621	1,7047E-01	0
38,697	-8,586	1,8552E-01	2
38,695	-8,551	1,5200E-01	0
38,692	-8,516	1,4043E-01	2
38,690	-8,481	1,8094E-01	0
38,688	-8,446	2,3621E-01	2
38,686	-8,412	1,8300E-01	0
38,684	-8,378	1,6965E-01	2
38,682	-8,344	1,4421E-01	0
38,680	-8,310	1,3346E-01	2
38,678	-8,276	1,4618E-01	0
38,716	-9,212	2,5497E-01	0
38,714	-9,174	2,5192E-01	2
38,712	-9,137	2,0154E-01	0
38,710	-9,099	1,2053E-01	2
38,708	-9,061	1,1759E-01	0
38,706	-9,024	1,5379E-01	3
38,704	-8,987	1,6522E-01	0
38,702	-8,949	2,0207E-01	3
38,700	-8,912	1,8829E-01	0
38,698	-8,876	1,7469E-01	3
38,696	-8,839	1,6236E-01	0
38,694	-8,802	1,3607E-01	3
38,692	-8,766	1,5886E-01	0
38,690	-8,730	1,6301E-01	3
38,688	-8,694	1,6937E-01	0
38,686	-8,658	1,8354E-01	3
38,684	-8,623	1,5846E-01	0
38,682	-8,587	1,5785E-01	3
38,680	-8,552	1,5977E-01	0
38,678	-8,517	1,7678E-01	3
38,676	-8,482	1,8171E-01	0
38,673	-8,447	1,9473E-01	3
38,671	-8,413	2,0551E-01	0
38,669	-8,379	1,5917E-01	3
38,667	-8,345	1,6792E-01	0
38,665	-8,311	1,4519E-01	3
38,663	-8,277	1,5229E-01	0
38,700	-9,214	2,7249E-01	0
38,698	-9,176	1,5757E-01	2
38,696	-9,138	1,2159E-01	0
38,694	-9,100	1,1243E-01	2
38,692	-9,063	1,1702E-01	0
38,690	-9,025	1,2400E-01	2
38,689	-8,988	1,3971E-01	0
38,687	-8,950	1,9637E-01	2
38,685	-8,913	2,2762E-01	0
38,683	-8,877	1,8066E-01	2
38,681	-8,840	1,5948E-01	0
38,679	-8,804	1,6349E-01	2
38,677	-8,767	1,5194E-01	0
38,675	-8,731	1,7288E-01	2
38,673	-8,695	1,7012E-01	0
38,671	-8,659	1,7142E-01	2
38,669	-8,624	1,5839E-01	0
38,667	-8,588	1,6448E-01	2
38,665	-8,553	1,6854E-01	0
38,663	-8,518	1,4005E-01	2
38,661	-8,483	1,9262E-01	0
38,659	-8,449	1,6649E-01	2
38,657	-8,414	1,6619E-01	0
38,655	-8,380	1,6024E-01	2
38,653	-8,346	1,7699E-01	0
38,651	-8,311	1,3814E-01	2
38,649	-8,278	1,4274E-01	0
38,685	-9,216	1,6170E-01	0
38,683	-9,177	1,3146E-01	3
38,681	-9,139	1,2809E-01	0
38,679	-9,102	1,1165E-01	3
38,677	-9,064	1,3018E-01	0
38,675	-9,026	1,3369E-01	3
38,673	-8,989	1,5752E-01	0
38,671	-8,952	1,8484E-01	2
38,669	-8,914	1,7097E-01	0
38,667	-8,878	1,9027E-01	2
38,665	-8,841	2,0006E-01	0
38,663	-8,805	1,9244E-01	3
38,661	-8,769	1,6007E-01	0
38,660	-8,733	1,5849E-01	3
38,658	-8,697	1,5543E-01	0
38,656	-8,661	1,4232E-01	3
38,654	-8,625	1,4208E-01	0
38,652	-8,590	1,6627E-01	3
38,650	-8,555	1,5126E-01	0
38,648	-8,520	2,0379E-01	3
38,646	-8,485	2,0327E-01	0
38,644	-8,450	2,0027E-01	3
38,642	-8,415	2,6080E-01	0
38,640	-8,381	1,6365E-01	3
38,638	-8,346	1,5291E-01	0
38,636	-8,312	1,4889E-01	3
38,634	-8,279	1,4764E-01	0
38,669	-9,216	1,5770E-01	0
38,667	-9,178	1,6592E-01	2
38,665	-9,141	1,3782E-01	0
38,664	-9,103	1,2293E-01	2
38,662	-9,065	1,7497E-01	0
38,660	-9,027	1,8814E-01	2
38,658	-8,990	1,7252E-01	0
38,656	-8,953	1,5768E-01	2
38,654	-8,916	1,8145E-01	0
38,652	-8,879	1,6360E-01	2
38,650	-8,842	1,7006E-01	0
38,648	-8,806	1,6899E-01	2
38,646	-8,770	2,0323E-01	0
38,644	-8,734	1,7070E-01	2
38,643	-8,698	1,9051E-01	0
38,641	-8,662	1,7579E-01	2
38,639	-8,627	1,3262E-01	0
38,637	-8,591	1,2334E-01	2
38,635	-8,556	1,4063E-01	0
38,633	-8,521	1,5908E-01	2
38,631	-8,486	1,9127E-01	0
38,629	-8,452	2,0199E-01	2
38,627	-8,417	1,7475E-01	0
38,625	-8,382	1,8313E-01	2
38,623	-8,348	1,6406E-01	0
38,621	-8,314	1,4634E-01	2
38,619	-8,280	1,4456E-01	0
38,654	-9,217	1,6164E-01	0
38,652	-9,179	1,6272E-01	2
38,650	-9,142	1,6387E-01	0
38,648	-9,104	1,8546E-01	2
38,646	-9,066	1,8761E-01	0
38,644	-9,028	1,8828E-01	3
38,642	-8,991	1,8737E-01	0
38,641	-8,954	1,8230E-01	2
38,639	-8,917	1,7075E-01	0
38,637	-8,880	1,7050E-01	2
38,635	-8,844	1,5039E-01	0
38,633	-8,807	1,4249E-01	3
38,631	-8,771	1,6101E-01	0
38,629	-8,735	1,7766E-01	3
38,627	-8,699	1,8957E-01	0
38,626	-8,663	1,5304E-01	3
38,624	-8,628	1,5540E-01	0
38,622	-8,593	1,2702E-01	3
38,620	-8,558	1,5651E-01	0
38,618	-8,523	1,9100E-01	3
38,616	-8,488	2,1009E-01	0
38,614	-8,453	2,1792E-01	3
38,612	-8,418	1,6116E-01	0
38,610	-8,384	2,0782E-01	3
38,608	-8,349	1,4319E-01	0
38,606	-8,315	1,3668E-01	3
38,605	-8,280	1,2405E-01	0
38,705	-9,221	2,8352E-01	0
38,703	-9,183	1,8395E-01	2
38,701	-9,146	1,4293E-01	0
38,699	-9,108	1,1495E-01	2
38,697	-9,070	1,1594E-01	0
38,694	-9,033	1,2519E-01	2
38,692	-8,995	1,2921E-01	0
38,690	-8,958	1,8858E-01	2
38,688	-8,921	2,2363E-01	0
38,686	-8,884	1,8507E-01	2
38,683	-8,848	1,5750E-01	0
38,681	-8,811	1,6226E-01	2
38,679	-8,775	1,5081E-01	0
38,677	-8,739	1,7022E-01	2
38,675	-8,703	1,6997E-01	0
38,672	-8,667	1,8078E-01	2
38,670	-8,631	1,6039E-01	0
38,668	-8,596	1,6542E-01	2
38,666	-8,561	1,6910E-01	0
38,664	-8,526	1,4241E-01	2
38,661	-8,491	1,8312E-01	0
38,659	-8,457	1,7630E-01	2
38,657	-8,422	1,6961E-01	0
38,655	-8,387	1,5483E-01	2
38,653	-8,353	1,8673E-01	0
38,650	-8,319	1,4257E-01	2
38,648	-8,286	1,4046E-01	0
38,646	-8,252	1,5521E-01	2
38,690	-9,223	2,1292E-01	0
38,688	-9,185	1,2833E-01	2
38,685	-9,147	1,2650E-01	0
38,683	-9,109	1,1150E-01	2
38,681	-9,071	1,2055E-01	0
38,679	-9,034	1,3036E-01	2
38,677	-8,996	1,5368E-01	0
38,675	-8,959	1,8269E-01	2
38,672	-8,922	1,7809E-01	0
38,670	-8,885	1,8717E-01	2
38,668	-8,849	2,1015E-01	0
38,666	-8,812	1,9382E-01	3
38,664	-8,776	1,6237E-01	0
38,662	-8,740	1,5967E-01	3
38,659	-8,704	1,5437E-01	0
38,657	-8,668	1,4666E-01	3
38,655	-8,633	1,3698E-01	0
38,653	-8,597	1,7015E-01	3
38,651	-8,562	1,4615E-01	0
38,649	-8,527	1,9939E-01	3
38,646	-8,492	2,0441E-01	0
38,644	-8,458	1,9588E-01	3
38,642	-8,423	2,6848E-01	0
38,640	-8,389	1,7018E-01	3
38,638	-8,354	1,5270E-01	0
38,636	-8,320	1,5378E-01	3
38,633	-8,286	1,4830E-01	0
38,631	-8,253	1,3561E-01	3
38,674	-9,224	1,5180E-01	0
38,672	-9,185	1,6028E-01	2
38,670	-9,148	1,4572E-01	0
38,668	-9,110	1,1693E-01	2
38,666	-9,072	1,5775E-01	0
38,664	-9,035	1,7441E-01	2
38,661	-8,997	1,6915E-01	0
38,659	-8,960	1,6501E-01	2
38,657	-8,923	1,7904E-01	0
38,655	-8,886	1,7343E-01	2
38,653	-8,850	1,6832E-01	0
38,651	-8,814	1,7207E-01	2
38,649	-8,777	2,0154E-01	0
38,647	-8,741	1,6652E-01	2
38,644	-8,705	1,7558E-01	0
38,642	-8,670	1,8759E-01	2
38,640	-8,634	1,3702E-01	0
38,638	-8,599	1,2073E-01	2
38,636	-8,564	1,4145E-01	0
38,634	-8,529	1,5571E-01	2
38,632	-8,494	1,7984E-01	0
38,630	-8,459	2,0883E-01	2
38,627	-8,425	1,7991E-01	0
38,625	-8,390	1,7442E-01	2
38,623	-8,355	1,7717E-01	0
38,621	-8,321	1,4343E-01	2
38,619	-8,287	1,4589E-01	0
38,617	-8,253	1,3250E-01	2
38,659	-9,225	1,6549E-01	0
38,656	-9,186	1,5770E-01	2
38,654	-9,149	1,6279E-01	0
38,652	-9,111	1,7187E-01	2
38,650	-9,073	1,7746E-01	0
38,648	-9,036	1,9157E-01	2
38,646	-8,999	1,8691E-01	0
38,644	-8,961	1,7191E-01	2
38,642	-8,924	1,6507E-01	0
38,640	-8,888	1,7275E-01	3
38,638	-8,851	1,4892E-01	0
38,636	-8,815	1,4607E-01	2
38,634	-8,778	1,5994E-01	0
38,631	-8,742	1,8543E-01	3
38,629	-8,707	1,8891E-01	0
38,627	-8,671	1,6245E-01	3
38,625	-8,635	1,5351E-01	0
38,623	-8,600	1,2431E-01	3
38,621	-8,565	1,5513E-01	0
38,619	-8,530	1,8324E-01	3
38,617	-8,495	2,0157E-01	0
38,615	-8,461	2,2308E-01	3
38,613	-8,426	1,7050E-01	0
38,610	-8,391	1,9690E-01	3
38,608	-8,357	1,5497E-01	0
38,606	-8,322	1,3949E-01	3
38,604	-8,288	1,2605E-01	0
38,602	-8,254	1,3035E-01	3
38,643	-9,226	1,6148E-01	0
38,641	-9,187	1,6016E-01	2
38,639	-9,150	1,5852E-01	0
38,637	-9,112	1,8575E-01	2
38,635	-9,075	3,1654E-01	0
38,633	-9,037	2,0713E-01	2
38,631	-9,000	1,7383E-01	0
38,629	-8,962	1,8553E-01	2
38,627	-8,925	1,8374E-01	0
38,625	-8,889	1,7536E-01	2
38,623	-8,852	1,8084E-01	0
38,620	-8,816	1,8069E-01	2
38,618	-8,780	2,1196E-01	0
38,616	-8,744	1,8214E-01	2
38,614	-8,708	2,3216E-01	0
38,612	-8,672	1,6734E-01	2
38,610	-8,637	1,5438E-01	0
38,608	-8,601	1,7779E-01	2
38,606	-8,566	1,9824E-01	0
38,604	-8,531	1,8246E-01	2
38,602	-8,497	1,6757E-01	0
38,600	-8,462	2,0907E-01	2
38,598	-8,427	1,7724E-01	0
38,596	-8,392	2,0393E-01	2
38,594	-8,358	1,5609E-01	0
38,591	-8,324	1,3606E-01	2
38,589	-8,290	1,5271E-01	0
38,587	-8,256	1,2872E-01	3
38,627	-9,228	1,4198E-01	0
38,625	-9,189	1,5712E-01	2
38,623	-9,151	1,5712E-01	0
38,621	-9,113	1,7278E-01	2
38,619	-9,076	2,5897E-01	0
38,617	-9,038	2,9409E-01	2
38,615	-9,000	1,9806E-01	0
38,613	-8,963	1,8311E-01	3
38,611	-8,926	1,9329E-01	0
38,609	-8,890	1,9075E-01	3
38,607	-8,853	1,7734E-01	0
38,605	-8,817	1,8734E-01	2
38,603	-8,781	1,9363E-01	0
38,601	-8,745	1,7774E-01	3
38,599	-8,709	2,0739E-01	0
38,597	-8,674	1,7950E-01	3
38,595	-8,638	1,7133E-01	0
38,593	-8,603	1,2791E-01	3
38,591	-8,568	1,3264E-01	0
38,589	-8,533	1,4319E-01	2
38,587	-8,498	1,7929E-01	0
38,585	-8,464	1,8064E-01	2
38,583	-8,428	1,5977E-01	0
38,581	-8,393	1,4852E-01	3
38,579	-8,359	1,8301E-01	0
38,577	-8,325	1,4483E-01	3
38,575	-8,291	1,4709E-01	0
38,573	-8,258	1,3024E-01	3
38,612	-9,229	1,0842E-01	0
38,610	-9,190	1,5507E-01	2
38,608	-9,152	1,5436E-01	0
38,606	-9,114	1,5211E-01	2
38,604	-9,077	2,2313E-01	0
38,602	-9,039	3,1643E-01	2
38,600	-9,002	2,4162E-01	0
38,598	-8,964	1,7592E-01	2
38,596	-8,927	2,3465E-01	0
38,594	-8,891	1,9933E-01	2
38,592	-8,855	2,0313E-01	0
38,590	-8,818	1,8502E-01	2
38,588	-8,782	1,7873E-01	0
38,586	-8,746	1,9194E-01	2
38,584	-8,711	2,4950E-01	0
38,582	-8,675	1,4714E-01	2
38,580	-8,640	1,6743E-01	0
38,578	-8,604	1,3874E-01	2
38,576	-8,569	1,3559E-01	0
38,574	-8,534	1,8637E-01	2
38,572	-8,499	2,0914E-01	0
38,570	-8,464	2,2793E-01	2
38,568	-8,430	2,2563E-01	0
38,566	-8,395	1,6784E-01	2
38,564	-8,360	1,8316E-01	0
38,562	-8,327	1,4492E-01	2
38,560	-8,293	1,3679E-01	0
38,558	-8,259	1,4200E-01	2
38,596	-9,230	9,4216E-02	0
38,594	-9,191	1,2972E-01	2
38,592	-9,153	1,3184E-01	0
38,590	-9,115	1,3631E-01	2
38,589	-9,078	2,0100E-01	0
38,587	-9,040	2,9309E-01	2
38,585	-9,003	2,7827E-01	0
38,583	-8,965	1,9148E-01	3
38,581	-8,928	1,7731E-01	0
38,579	-8,891	2,2420E-01	3
38,577	-8,856	1,9805E-01	0
38,575	-8,820	1,9380E-01	2
38,573	-8,784	1,9796E-01	0
38,571	-8,748	1,6125E-01	3
38,569	-8,712	1,5079E-01	0
38,567	-8,676	1,7298E-01	2
38,565	-8,640	1,6503E-01	0
38,563	-8,605	1,4435E-01	2
38,561	-8,570	1,6613E-01	0
38,559	-8,535	1,5245E-01	2
38,557	-8,500	1,8219E-01	0
38,555	-8,466	2,3307E-01	2
38,553	-8,431	1,9399E-01	0
38,551	-8,396	1,8236E-01	2
38,549	-8,362	1,6392E-01	0
38,547	-8,328	1,7978E-01	3
38,545	-8,294	1,3096E-01	0
38,543	-8,261	1,3104E-01	3
38,581	-9,231	8,8155E-02	0
38,579	-9,192	1,1787E-01	2
38,577	-9,154	1,2619E-01	0
38,575	-9,116	1,3918E-01	2
38,573	-9,079	1,7680E-01	0
38,571	-9,041	2,2561E-01	2
38,569	-9,004	3,1037E-01	0
38,567	-8,966	2,2131E-01	2
38,565	-8,929	2,1010E-01	0
38,564	-8,893	1,9829E-01	2
38,562	-8,857	1,7700E-01	0
38,560	-8,821	2,3630E-01	2
38,558	-8,785	1,9794E-01	0
38,556	-8,749	1,7219E-01	2
38,554	-8,713	2,3751E-01	0
38,552	-8,677	1,9797E-01	2
38,550	-8,642	1,3896E-01	0
38,548	-8,606	1,3914E-01	2
38,546	-8,571	1,2567E-01	0
38,544	-8,536	1,6879E-01	2
38,542	-8,502	1,9748E-01	0
38,541	-8,468	2,3266E-01	2
38,539	-8,433	2,1566E-01	0
38,537	-8,398	1,7782E-01	2
38,535	-8,363	1,5340E-01	0
38,533	-8,329	1,7892E-01	2
38,531	-8,296	1,3982E-01	0
38,529	-8,263	1,3353E-01	2
38,565	-9,233	8,5173E-02	0
38,563	-9,194	1,1038E-01	2
38,561	-9,155	1,1896E-01	0
38,560	-9,117	1,2908E-01	2
38,558	-9,079	1,6413E-01	0
38,556	-9,042	1,8356E-01	2
38,554	-9,005	2,4716E-01	0
38,552	-8,966	2,8026E-01	3
38,550	-8,929	2,0375E-01	0
38,548	-8,894	1,7842E-01	2
38,546	-8,858	1,7353E-01	0
38,545	-8,822	2,0856E-01	2
38,543	-8,786	1,4292E-01	0
38,541	-8,750	1,5183E-01	2
38,539	-8,714	1,8158E-01	0
38,537	-8,679	1,3152E-01	2
38,535	-8,643	1,4523E-01	0
38,533	-8,607	1,4888E-01	2
38,531	-8,573	1,3225E-01	0
38,529	-8,538	1,6127E-01	2
38,528	-8,504	1,9309E-01	0
38,526	-8,469	1,5773E-01	2
38,524	-8,434	1,6046E-01	0
38,522	-8,399	1,7964E-01	2
38,520	-8,365	1,4748E-01	0
38,518	-8,331	1,6340E-01	2
38,516	-8,297	1,6439E-01	0
38,514	-8,264	1,6564E-01	2
38,616	-9,235	1,1012E-01	0
38,614	-9,195	1,5353E-01	2
38,612	-9,157	1,5144E-01	0
38,610	-9,120	1,5365E-01	2
38,607	-9,082	2,1311E-01	0
38,605	-9,045	3,2396E-01	2
38,603	-9,007	2,4229E-01	0
38,601	-8,970	1,7655E-01	2
38,599	-8,933	2,3696E-01	0
38,596	-8,896	2,0030E-01	2
38,594	-8,860	2,0154E-01	0
38,592	-8,824	1,8921E-01	2
38,590	-8,788	1,8207E-01	0
38,588	-8,752	1,8161E-01	2
38,585	-8,716	2,6166E-01	0
38,583	-8,681	1,5470E-01	2
38,581	-8,645	1,6161E-01	0
38,579	-8,610	1,4564E-01	2
38,577	-8,575	1,3743E-01	0
38,574	-8,540	1,7509E-01	2
38,572	-8,505	2,0919E-01	0
38,570	-8,470	2,2839E-01	2
38,568	-8,436	2,3374E-01	0
38,566	-8,401	1,7054E-01	2
38,563	-8,366	1,8712E-01	0
38,561	-8,332	1,5894E-01	2
38,559	-8,299	1,3714E-01	0
38,557	-8,265	1,4817E-01	2
38,601	-9,236	9,4318E-02	0
38,598	-9,196	1,3203E-01	2
38,596	-9,158	1,4276E-01	0
38,594	-9,121	1,3592E-01	2
38,592	-9,083	1,9495E-01	0
38,590	-9,046	2,9945E-01	2
38,588	-9,008	2,7921E-01	0
38,585	-8,971	1,9067E-01	2
38,583	-8,934	1,7756E-01	0
38,581	-8,897	2,1816E-01	3
38,579	-8,861	2,0721E-01	0
38,577	-8,825	1,9221E-01	3
38,575	-8,789	1,9816E-01	0
38,573	-8,753	1,6069E-01	2
38,570	-8,718	1,5488E-01	0
38,568	-8,682	1,6567E-01	2
38,566	-8,646	1,7489E-01	0
38,564	-8,611	1,4185E-01	2
38,562	-8,575	1,6736E-01	0
38,559	-8,541	1,5005E-01	2
38,557	-8,506	1,8157E-01	0
38,555	-8,472	2,4225E-01	3
38,553	-8,437	1,9246E-01	0
38,551	-8,402	1,9353E-01	3
38,549	-8,368	1,6055E-01	0
38,546	-8,334	1,8009E-01	3
38,544	-8,300	1,3499E-01	0
38,542	-8,267	1,2829E-01	3
38,585	-9,237	8,7899E-02	0
38,583	-9,198	1,1618E-01	2
38,581	-9,159	1,2907E-01	0
38,579	-9,121	1,3324E-01	2
38,577	-9,084	1,7280E-01	0
38,574	-9,047	2,2512E-01	2
38,572	-9,009	3,2620E-01	0
38,570	-8,972	2,2874E-01	2
38,568	-8,934	2,0525E-01	0
38,566	-8,897	2,1226E-01	2
38,564	-8,862	1,7465E-01	0
38,562	-8,827	2,2203E-01	2
38,560	-8,790	2,1461E-01	0
38,557	-8,755	1,7306E-01	2
38,555	-8,719	2,2285E-01	0
38,553	-8,683	2,0834E-01	2
38,551	-8,647	1,4729E-01	0
38,549	-8,612	1,3786E-01	2
38,547	-8,577	1,2700E-01	0
38,545	-8,542	1,5919E-01	2
38,542	-8,507	1,8743E-01	0
38,540	-8,473	2,3817E-01	2
38,538	-8,438	2,0556E-01	0
38,536	-8,404	1,9058E-01	2
38,534	-8,369	1,4713E-01	0
38,532	-8,335	1,8605E-01	2
38,530	-8,302	1,4599E-01	0
38,528	-8,269	1,4138E-01	2
38,570	-9,238	8,5233E-02	0
38,567	-9,199	1,0859E-01	2
38,565	-9,160	1,2188E-01	0
38,563	-9,122	1,2672E-01	2
38,561	-9,085	1,6302E-01	0
38,559	-9,048	1,8080E-01	2
38,557	-9,010	2,3390E-01	0
38,555	-8,972	2,9688E-01	2
38,553	-8,935	2,1158E-01	0
38,551	-8,899	1,8829E-01	3
38,549	-8,864	1,6611E-01	0
38,547	-8,828	2,2247E-01	2
38,544	-8,792	1,5100E-01	0
38,542	-8,756	1,4733E-01	2
38,540	-8,720	1,9392E-01	0
38,538	-8,684	1,3868E-01	2
38,536	-8,648	1,3977E-01	0
38,534	-8,613	1,5562E-01	2
38,532	-8,578	1,2949E-01	0
38,530	-8,544	1,5356E-01	3
38,528	-8,509	1,9379E-01	0
38,526	-8,475	1,6074E-01	3
38,523	-8,440	1,5310E-01	0
38,521	-8,405	1,8831E-01	3
38,519	-8,371	1,4503E-01	0
38,517	-8,336	1,6238E-01	3
38,515	-8,303	1,6011E-01	0
38,513	-8,270	1,7158E-01	3
38,554	-9,239	8,4763E-02	0
38,552	-9,200	9,9094E-02	2
38,550	-9,162	1,1634E-01	0
38,548	-9,124	1,1601E-01	2
38,546	-9,086	1,3995E-01	0
38,544	-9,049	1,7971E-01	2
38,542	-9,011	2,6616E-01	0
38,539	-8,973	2,3522E-01	3
38,537	-8,935	1,6883E-01	0
38,535	-8,901	1,6506E-01	2
38,533	-8,865	1,6574E-01	0
38,531	-8,829	1,4622E-01	2
38,529	-8,793	1,4112E-01	0
38,527	-8,757	1,3438E-01	2
38,525	-8,721	1,2066E-01	0
38,523	-8,686	1,3141E-01	2
38,521	-8,650	1,3134E-01	0
38,519	-8,614	1,4463E-01	2
38,517	-8,579	1,3613E-01	0
38,515	-8,545	1,4957E-01	2
38,513	-8,511	1,8501E-01	0
38,511	-8,476	1,8205E-01	2
38,509	-8,441	1,4718E-01	0
38,507	-8,407	2,0197E-01	2
38,504	-8,373	1,7164E-01	0
38,502	-8,338	1,4846E-01	2
38,500	-8,305	1,5668E-01	0
38,498	-8,271	1,4218E-01	2
38,538	-9,240	8,5474E-02	0
38,536	-9,202	9,5240E-02	2
38,534	-9,163	1,1762E-01	0
38,532	-9,125	1,2061E-01	2
38,530	-9,087	1,2386E-01	0
38,528	-9,050	1,4432E-01	2
38,526	-9,012	2,0106E-01	0
38,524	-8,975	2,0986E-01	2
38,522	-8,938	1,5967E-01	0
38,520	-8,902	1,4100E-01	2
38,518	-8,866	1,5539E-01	0
38,516	-8,830	1,4713E-01	2
38,514	-8,794	1,4090E-01	0
38,512	-8,758	1,2682E-01	2
38,510	-8,723	1,1886E-01	0
38,508	-8,687	1,1726E-01	2
38,506	-8,651	1,3904E-01	0
38,504	-8,615	1,3232E-01	2
38,502	-8,581	1,4250E-01	0
38,500	-8,546	1,4329E-01	3
38,498	-8,511	2,2363E-01	0
38,496	-8,477	1,5843E-01	3
38,494	-8,442	1,4844E-01	0
38,492	-8,408	1,7545E-01	3
38,490	-8,374	1,5352E-01	0
38,488	-8,340	1,4223E-01	3
38,486	-8,306	2,0908E-01	0
38,484	-8,273	1,5939E-01	3
38,523	-9,241	8,7371E-02	0
38,521	-9,203	9,9085E-02	2
38,519	-9,165	1,2366E-01	0
38,517	-9,126	1,1758E-01	2
38,515	-9,088	1,3512E-01	0
38,513	-9,051	1,4072E-01	2
38,511	-9,012	1,6439E-01	0
38,509	-8,976	1,5668E-01	2
38,507	-8,940	1,2240E-01	0
38,505	-8,904	1,0119E-01	2
38,503	-8,868	1,0434E-01	0
38,501	-8,831	1,4047E-01	2
38,499	-8,795	1,4438E-01	0
38,497	-8,760	1,2292E-01	2
38,495	-8,724	1,1835E-01	0
38,493	-8,688	1,3319E-01	2
38,491	-8,652	1,3872E-01	0
38,489	-8,617	1,5141E-01	2
38,487	-8,583	1,4771E-01	0
38,485	-8,547	1,4052E-01	2
38,483	-8,512	1,7697E-01	0
38,481	-8,478	1,4321E-01	2
38,479	-8,443	1,8598E-01	0
38,477	-8,409	1,5284E-01	2
38,475	-8,375	1,5454E-01	0
38,473	-8,342	1,6210E-01	2
38,471	-8,307	1,6018E-01	0
38,469	-8,274	1,4762E-01	2
38,507	-9,243	1,0351E-01	0
38,505	-9,204	1,4746E-01	2
38,503	-9,166	1,7571E-01	0
38,501	-9,127	1,2624E-01	2
38,499	-9,089	1,2277E-01	0
38,497	-9,051	1,3682E-01	2
38,495	-9,014	1,7002E-01	0
38,493	-8,975	1,7627E-01	2
38,492	-8,940	1,3595E-01	0
38,490	-8,906	1,3112E-01	2
38,488	-8,869	1,0704E-01	0
38,486	-8,833	1,1439E-01	2
38,484	-8,797	1,3511E-01	0
38,482	-8,761	1,1694E-01	2
38,480	-8,725	1,1870E-01	0
38,478	-8,689	1,3879E-01	3
38,476	-8,654	1,6201E-01	0
38,474	-8,619	1,6288E-01	3
38,472	-8,584	1,4080E-01	0
38,470	-8,548	1,4796E-01	3
38,468	-8,514	1,6110E-01	0
38,466	-8,479	1,7697E-01	3
38,464	-8,445	1,8117E-01	0
38,462	-8,411	1,3325E-01	3
38,460	-8,377	1,5254E-01	0
38,458	-8,343	1,3625E-01	3
38,456	-8,309	1,8998E-01	0
38,454	-8,275	1,8465E-01	3
38,492	-9,244	9,6838E-02	0
38,490	-9,205	1,5720E-01	2
38,488	-9,167	1,6869E-01	0
38,486	-9,128	1,4769E-01	2
38,484	-9,090	1,3848E-01	0
38,482	-9,052	1,4178E-01	2
38,480	-9,013	2,3378E-01	0
38,478	-8,978	1,6596E-01	2
38,476	-8,943	1,1226E-01	0
38,475	-8,907	1,3248E-01	2
38,473	-8,870	1,1916E-01	0
38,471	-8,834	1,0073E-01	2
38,469	-8,798	1,0980E-01	0
38,467	-8,762	1,0753E-01	2
38,465	-8,726	1,1767E-01	0
38,463	-8,690	1,3808E-01	2
38,461	-8,655	1,6373E-01	0
38,459	-8,620	1,7565E-01	2
38,457	-8,585	2,0608E-01	0
38,455	-8,550	1,7654E-01	2
38,453	-8,515	1,7517E-01	0
38,451	-8,481	1,6014E-01	2
38,449	-8,447	1,5382E-01	0
38,448	-8,413	1,5308E-01	2
38,446	-8,379	1,6197E-01	0
38,444	-8,345	1,4842E-01	2
38,442	-8,311	1,7704E-01	0
38,440	-8,277	1,5839E-01	2
38,476	-9,245	9,4019E-02	0
38,474	-9,207	1,8553E-01	2
38,472	-9,168	1,8209E-01	0
38,470	-9,129	1,4870E-01	2
38,469	-9,091	1,4657E-01	0
38,467	-9,053	1,4679E-01	3
38,465	-9,014	1,7679E-01	0
38,463	-8,981	1,3966E-01	2
38,461	-8,945	9,6901E-02	0
38,459	-8,908	1,0220E-01	2
38,457	-8,872	1,2524E-01	0
38,456	-8,835	1,1273E-01	3
38,454	-8,799	1,0218E-01	0
38,452	-8,763	1,0624E-01	3
38,450	-8,728	1,1572E-01	0
38,448	-8,692	1,1488E-01	3
38,446	-8,656	1,3038E-01	0
38,444	-8,622	1,5021E-01	3
38,442	-8,586	1,6258E-01	0
38,440	-8,551	1,6912E-01	3
38,438	-8,517	1,6108E-01	0
38,437	-8,482	1,3706E-01	3
38,435	-8,448	1,4255E-01	0
38,433	-8,414	1,5332E-01	3
38,431	-8,380	1,2449E-01	0
38,429	-8,346	1,5199E-01	3
38,427	-8,313	1,3631E-01	0
38,425	-8,279	1,2212E-01	3
