39.349	-8.415	8.7125E-02	3
39.347	-8.371	8.1486E-02	0
39.345	-8.326	7.8253E-02	3
39.343	-8.282	8.0548E-02	0
39.349	-8.879	8.2556E-02	3
39.347	-8.832	9.6998E-02	3
39.346	-8.784	1.0122E-01	3
39.344	-8.737	1.0385E-01	3
39.342	-8.691	1.0888E-01	3
39.341	-8.645	1.1062E-01	3
39.339	-8.600	1.1757E-01	3
39.337	-8.555	1.7346E-01	3
39.336	-8.509	1.6977E-01	3
39.334	-8.463	1.0370E-01	3
39.332	-8.417	7.8567E-02	3
39.330	-8.373	8.6807E-02	3
39.329	-8.328	8.5487E-02	3
39.327	-8.284	8.4843E-02	3
39.349	-8.562	1.5731E-01	3
39.347	-8.516	1.7226E-01	3
39.345	-8.470	1.1746E-01	3
39.343	-8.423	8.3021E-02	3
39.341	-8.379	8.3674E-02	2
39.339	-8.335	8.0911E-02	3
39.337	-8.291	7.8704E-02	3
39.349	-8.982	9.5528E-02	3
39.347	-8.934	1.0291E-01	1
39.345	-8.887	8.2898E-02	3
39.343	-8.840	9.5765E-02	1
39.342	-8.792	1.0115E-01	3
39.340	-8.744	1.0145E-01	1
39.338	-8.699	1.0922E-01	3
39.336	-8.653	1.1158E-01	0
39.334	-8.608	1.1599E-01	3
39.332	-8.563	1.7344E-01	2
39.330	-8.517	1.6786E-01	3
39.328	-8.472	1.1642E-01	0
39.326	-8.426	8.3284E-02	3
39.324	-8.381	8.8176E-02	0
39.322	-8.336	8.5887E-02	3
39.320	-8.292	9.0308E-02	0
39.341	-9.230	1.1682E-01	3
39.339	-9.180	1.1650E-01	3
39.337	-9.130	1.0264E-01	3
39.336	-9.081	9.7374E-02	3
39.334	-9.031	9.1636E-02	3
39.332	-8.983	8.7619E-02	3
39.330	-8.936	1.1813E-01	3
39.328	-8.888	9.3593E-02	3
39.327	-8.841	9.2322E-02	3
39.325	-8.793	1.0895E-01	3
39.323	-8.746	1.0726E-01	3
39.321	-8.700	1.0441E-01	3
39.319	-8.654	1.2068E-01	3
39.317	-8.609	1.3925E-01	3
39.315	-8.564	1.7027E-01	3
39.314	-8.518	1.5032E-01	3
39.312	-8.472	9.2881E-02	3
39.310	-8.427	1.0092E-01	3
39.308	-8.382	1.0621E-01	2
39.306	-8.337	9.4554E-02	3
39.304	-8.292	8.8794E-02	3
39.324	-9.231	1.2698E-01	0
39.322	-9.181	1.2418E-01	3
39.320	-9.130	1.0840E-01	1
39.318	-9.082	1.0842E-01	3
39.317	-9.033	1.0736E-01	0
39.315	-8.983	9.2415E-02	3
39.313	-8.936	1.0755E-01	0
39.311	-8.889	1.0504E-01	3
39.310	-8.841	9.5465E-02	0
39.308	-8.794	9.8926E-02	3
39.306	-8.747	1.0451E-01	0
39.304	-8.701	1.1036E-01	3
39.302	-8.655	1.2066E-01	1
39.301	-8.610	1.3465E-01	3
39.299	-8.565	1.5178E-01	2
39.297	-8.519	1.3258E-01	3
39.295	-8.472	8.3567E-02	2
39.293	-8.427	8.0598E-02	3
39.291	-8.382	9.7310E-02	0
39.289	-8.338	9.0716E-02	3
39.288	-8.293	8.9533E-02	0
39.306	-9.230	1.0620E-01	3
39.305	-9.182	1.1619E-01	3
39.303	-9.131	1.1801E-01	3
39.301	-9.082	1.1707E-01	3
39.300	-9.033	1.0686E-01	3
39.298	-8.984	8.9452E-02	3
39.296	-8.938	9.4771E-02	3
39.294	-8.890	1.0139E-01	3
39.293	-8.842	1.0382E-01	3
39.291	-8.795	1.0323E-01	3
39.289	-8.749	1.1608E-01	3
39.287	-8.702	1.0884E-01	3
39.286	-8.657	1.1955E-01	3
39.284	-8.611	1.4805E-01	3
39.282	-8.565	1.4464E-01	3
39.280	-8.519	1.0726E-01	3
39.278	-8.473	8.5610E-02	3
39.277	-8.427	9.0021E-02	3
39.275	-8.383	8.6845E-02	3
39.273	-8.339	9.2617E-02	3
39.271	-8.295	9.7990E-02	3
39.269	-8.251	8.5325E-02	3
39.289	-9.231	1.1292E-01	1
39.288	-9.182	1.2154E-01	3
39.286	-9.133	1.1765E-01	0
39.284	-9.083	1.1994E-01	3
39.283	-9.034	1.0898E-01	1
39.281	-8.985	8.7507E-02	3
39.279	-8.938	8.0760E-02	0
39.278	-8.891	9.4585E-02	3
39.276	-8.844	1.0484E-01	1
39.274	-8.797	1.0226E-01	3
39.272	-8.750	1.0900E-01	2
39.271	-8.703	1.1191E-01	3
39.269	-8.658	1.3022E-01	1
39.267	-8.612	1.5802E-01	3
39.266	-8.566	1.5010E-01	2
39.264	-8.520	9.9720E-02	3
39.262	-8.474	9.2914E-02	2
39.260	-8.428	1.0047E-01	3
39.258	-8.384	9.1752E-02	0
39.257	-8.340	9.3154E-02	3
39.255	-8.296	9.3403E-02	0
39.253	-8.252	8.9545E-02	3
39.272	-9.231	1.3244E-01	3
39.270	-9.183	1.2668E-01	3
39.269	-9.134	1.2292E-01	3
39.267	-9.085	1.1670E-01	3
39.265	-9.035	9.9348E-02	3
39.264	-8.987	7.8722E-02	3
39.262	-8.939	8.3222E-02	3
39.261	-8.892	9.9513E-02	3
39.259	-8.844	1.0078E-01	3
39.257	-8.798	9.6355E-02	3
39.256	-8.751	1.0146E-01	3
39.254	-8.704	1.3408E-01	3
39.252	-8.659	1.4848E-01	3
39.251	-8.613	1.5650E-01	3
39.249	-8.567	1.3954E-01	3
39.247	-8.520	1.0134E-01	3
39.245	-8.475	8.6410E-02	3
39.244	-8.430	9.6696E-02	3
39.242	-8.385	9.3244E-02	3
39.240	-8.341	9.3482E-02	3
39.238	-8.297	8.6495E-02	3
39.237	-8.254	8.8717E-02	3
39.339	-9.236	1.2170E-01	0
39.337	-9.187	1.1925E-01	3
39.335	-9.135	1.0566E-01	0
39.333	-9.087	9.9848E-02	3
39.331	-9.037	9.6159E-02	0
39.329	-8.989	9.0768E-02	3
39.327	-8.942	1.1352E-01	0
39.324	-8.894	1.0435E-01	3
39.322	-8.847	9.3202E-02	0
39.320	-8.799	1.0462E-01	3
39.318	-8.752	1.0807E-01	0
39.316	-8.706	1.0661E-01	3
39.314	-8.661	1.2102E-01	0
39.312	-8.615	1.3679E-01	3
39.310	-8.570	1.6637E-01	0
39.308	-8.524	1.5810E-01	3
39.306	-8.478	9.1227E-02	0
39.303	-8.432	9.3040E-02	3
39.301	-8.388	1.1079E-01	0
39.299	-8.343	1.0446E-01	3
39.297	-8.299	9.1378E-02	0
39.295	-8.255	9.1345E-02	3
39.322	-9.236	1.2121E-01	3
39.320	-9.187	1.2934E-01	3
39.318	-9.135	1.1223E-01	3
39.316	-9.087	1.0965E-01	3
39.314	-9.039	1.1050E-01	3
39.312	-8.990	9.2335E-02	3
39.310	-8.942	1.0143E-01	3
39.308	-8.895	1.0338E-01	3
39.305	-8.847	9.4973E-02	3
39.303	-8.800	1.0090E-01	3
39.301	-8.753	1.0663E-01	3
39.299	-8.707	1.0899E-01	3
39.297	-8.661	1.1861E-01	3
39.295	-8.616	1.3698E-01	3
39.293	-8.571	1.5184E-01	3
39.291	-8.525	1.2655E-01	3
39.289	-8.478	8.6226E-02	3
39.287	-8.433	7.8743E-02	3
39.285	-8.388	8.6445E-02	3
39.283	-8.344	8.7301E-02	3
39.281	-8.300	9.0137E-02	3
39.279	-8.256	8.5872E-02	3
39.304	-9.236	1.0248E-01	0
39.302	-9.188	1.1441E-01	3
39.300	-9.137	1.1938E-01	0
39.298	-9.088	1.1980E-01	3
39.296	-9.039	1.0856E-01	0
39.294	-8.990	8.9989E-02	3
39.293	-8.943	9.1397E-02	0
39.291	-8.896	1.0680E-01	3
39.289	-8.849	1.0682E-01	0
39.287	-8.801	1.0473E-01	3
39.285	-8.755	1.1491E-01	0
39.283	-8.708	1.1514E-01	3
39.281	-8.663	1.2133E-01	1
39.279	-8.617	1.4490E-01	3
39.277	-8.571	1.5518E-01	2
39.275	-8.526	1.1005E-01	3
39.272	-8.480	9.0386E-02	0
39.270	-8.434	9.9509E-02	3
39.268	-8.389	9.3813E-02	0
39.266	-8.345	9.4053E-02	3
39.264	-8.301	1.0392E-01	0
39.262	-8.257	8.9138E-02	3
39.287	-9.236	1.1849E-01	3
39.285	-9.188	1.2436E-01	3
39.283	-9.139	1.1923E-01	3
39.281	-9.089	1.1999E-01	3
39.279	-9.040	1.1178E-01	3
39.277	-8.991	8.9224E-02	3
39.276	-8.944	8.1368E-02	3
39.274	-8.897	8.8607E-02	3
39.272	-8.850	1.0345E-01	3
39.270	-8.803	9.8821E-02	3
39.268	-8.756	1.0873E-01	3
39.266	-8.709	1.2102E-01	3
39.264	-8.664	1.3590E-01	3
39.262	-8.618	1.6534E-01	3
39.260	-8.572	1.5276E-01	3
39.258	-8.526	1.0634E-01	3
39.256	-8.480	8.9689E-02	3
39.254	-8.435	9.6832E-02	3
39.252	-8.390	8.8678E-02	3
39.250	-8.347	9.2744E-02	3
39.248	-8.302	8.9910E-02	3
39.246	-8.259	9.0287E-02	3
39.270	-9.237	1.3127E-01	0
39.268	-9.189	1.2819E-01	3
39.266	-9.140	1.2636E-01	1
39.264	-9.090	1.1654E-01	3
39.262	-9.041	1.0263E-01	2
39.260	-8.992	7.9742E-02	3
39.259	-8.945	8.2593E-02	1
39.257	-8.898	9.7853E-02	3
39.255	-8.850	1.0152E-01	0
39.253	-8.803	1.0059E-01	3
39.251	-8.757	9.6387E-02	1
39.249	-8.710	1.2730E-01	3
39.247	-8.665	1.4190E-01	0
39.245	-8.619	1.5356E-01	3
39.243	-8.573	1.3181E-01	2
39.241	-8.526	1.0024E-01	3
39.239	-8.481	8.9337E-02	1
39.237	-8.436	9.9144E-02	3
39.235	-8.391	9.5703E-02	0
39.234	-8.347	9.4780E-02	3
39.232	-8.303	8.5190E-02	0
39.230	-8.260	8.8990E-02	3
39.252	-9.239	1.2878E-01	3
39.251	-9.190	1.2735E-01	3
39.249	-9.141	1.2291E-01	3
39.247	-9.091	1.1433E-01	3
39.245	-9.041	9.7609E-02	3
39.243	-8.993	8.8309E-02	3
39.242	-8.946	9.7398E-02	3
39.240	-8.898	9.8115E-02	3
39.238	-8.851	1.0583E-01	3
39.236	-8.804	9.7151E-02	3
39.234	-8.758	9.5141E-02	3
39.232	-8.711	1.1681E-01	3
39.230	-8.665	1.4168E-01	3
39.229	-8.620	1.5244E-01	3
39.227	-8.574	1.2010E-01	3
39.225	-8.528	9.9888E-02	3
39.223	-8.482	8.8233E-02	3
39.221	-8.437	9.1081E-02	3
39.219	-8.393	9.7739E-02	3
39.217	-8.348	9.3743E-02	3
39.215	-8.305	9.7055E-02	3
39.213	-8.261	9.2106E-02	3
39.235	-9.240	1.1900E-01	0
39.233	-9.190	1.0246E-01	3
39.232	-9.141	1.0117E-01	2
39.230	-9.092	1.1219E-01	3
39.228	-9.042	9.8283E-02	0
39.226	-8.994	1.0044E-01	3
39.225	-8.947	9.3614E-02	0
39.223	-8.900	1.0002E-01	3
39.221	-8.852	9.5052E-02	0
39.219	-8.805	9.7004E-02	3
39.217	-8.758	1.0005E-01	0
39.216	-8.713	1.0441E-01	3
39.214	-8.667	1.4290E-01	0
39.212	-8.621	1.7165E-01	3
39.210	-8.575	1.4477E-01	2
39.208	-8.528	1.0555E-01	3
39.206	-8.483	9.0614E-02	2
39.204	-8.438	9.9062E-02	3
39.203	-8.394	9.1991E-02	0
39.201	-8.350	9.2095E-02	3
39.199	-8.306	9.1378E-02	0
39.197	-8.261	8.7388E-02	3
39.218	-9.242	1.1527E-01	3
39.216	-9.191	9.3171E-02	3
39.214	-9.142	9.3398E-02	3
39.213	-9.093	1.0764E-01	3
39.211	-9.041	8.9966E-02	3
39.209	-8.994	9.3158E-02	3
39.208	-8.948	1.3886E-01	3
39.206	-8.900	1.1694E-01	3
39.204	-8.853	9.6478E-02	3
39.202	-8.806	9.2813E-02	3
39.201	-8.759	1.1010E-01	3
39.199	-8.714	1.3438E-01	3
39.197	-8.668	1.5198E-01	3
39.195	-8.621	1.5849E-01	3
39.193	-8.575	1.5693E-01	3
39.192	-8.529	1.3582E-01	3
39.190	-8.484	1.0051E-01	3
39.188	-8.440	1.0356E-01	3
39.186	-8.395	9.8673E-02	3
39.184	-8.351	9.4882E-02	3
39.182	-8.307	9.0275E-02	3
39.181	-8.262	9.4210E-02	3
39.201	-9.242	1.2316E-01	2
39.199	-9.192	1.0620E-01	3
39.197	-9.142	9.2152E-02	1
39.196	-9.092	1.0640E-01	3
39.194	-9.040	8.3642E-02	2
39.192	-8.995	8.9442E-02	3
39.191	-8.949	1.1375E-01	0
39.189	-8.901	9.7669E-02	3
39.187	-8.853	9.9825E-02	0
39.185	-8.806	1.0527E-01	3
39.184	-8.760	1.1872E-01	2
39.182	-8.715	1.5257E-01	3
39.180	-8.669	1.6168E-01	2
39.179	-8.622	1.4992E-01	3
39.177	-8.576	1.5486E-01	2
39.175	-8.530	1.2480E-01	3
39.173	-8.486	1.1293E-01	2
39.171	-8.440	9.3233E-02	3
39.170	-8.396	9.4836E-02	0
39.168	-8.351	9.3846E-02	3
39.166	-8.307	9.0332E-02	0
39.164	-8.263	9.6791E-02	3
39.183	-9.243	1.0487E-01	3
39.182	-9.193	1.0090E-01	3
39.180	-9.143	9.7633E-02	3
39.178	-9.090	1.0288E-01	3
39.177	-9.039	8.7542E-02	3
39.175	-8.997	8.9431E-02	3
39.174	-8.950	9.7693E-02	3
39.172	-8.902	1.0238E-01	3
39.170	-8.854	1.1118E-01	2
39.169	-8.808	1.2162E-01	3
39.167	-8.762	1.3376E-01	2
39.165	-8.716	1.7315E-01	3
39.164	-8.670	1.6344E-01	3
39.162	-8.623	1.4607E-01	3
39.160	-8.576	1.1970E-01	2
39.158	-8.532	1.4282E-01	3
39.157	-8.486	1.0144E-01	2
39.155	-8.441	8.7347E-02	3
39.153	-8.396	9.6736E-02	2
39.151	-8.352	9.2538E-02	3
39.150	-8.308	8.8820E-02	3
39.148	-8.265	9.5278E-02	3
39.251	-9.247	1.2905E-01	2
39.248	-9.197	1.2687E-01	3
39.246	-9.149	1.2076E-01	0
39.244	-9.099	1.1818E-01	3
39.242	-9.050	1.0324E-01	0
39.240	-9.001	9.2357E-02	3
39.238	-8.954	1.0316E-01	0
39.236	-8.906	9.6332E-02	3
39.234	-8.859	1.0336E-01	2
39.232	-8.812	9.5508E-02	3
39.230	-8.766	9.8075E-02	2
39.228	-8.720	1.0742E-01	3
39.226	-8.674	1.3723E-01	1
39.224	-8.628	1.6202E-01	3
39.221	-8.582	1.3440E-01	0
39.219	-8.536	1.0939E-01	3
39.217	-8.491	8.9259E-02	0
39.215	-8.446	9.3051E-02	3
39.213	-8.401	9.9230E-02	2
39.211	-8.357	9.4153E-02	3
39.209	-8.313	9.7532E-02	3
39.206	-8.269	9.0742E-02	3
39.233	-9.249	1.2106E-01	3
39.231	-9.198	1.0513E-01	3
39.229	-9.149	1.0021E-01	3
39.227	-9.100	1.0944E-01	3
39.225	-9.050	1.0185E-01	3
39.223	-9.001	9.5159E-02	3
39.221	-8.955	9.7386E-02	3
39.219	-8.908	9.9064E-02	3
39.217	-8.860	9.8342E-02	3
39.215	-8.813	9.3442E-02	3
39.213	-8.766	9.8953E-02	3
39.211	-8.721	1.0549E-01	3
39.209	-8.675	1.3852E-01	3
39.207	-8.629	1.7267E-01	3
39.205	-8.583	1.5619E-01	2
39.203	-8.536	1.2647E-01	3
39.201	-8.491	9.3962E-02	3
39.198	-8.447	1.0131E-01	3
39.196	-8.402	9.5190E-02	3
39.194	-8.358	9.2914E-02	3
39.192	-8.314	9.1311E-02	3
39.190	-8.270	8.7388E-02	3
39.216	-9.250	1.1664E-01	0
39.214	-9.199	9.3846E-02	3
39.212	-9.150	9.0791E-02	0
39.210	-9.101	1.0840E-01	3
39.208	-9.049	9.1889E-02	0
39.206	-9.002	8.8082E-02	3
39.204	-8.956	1.3886E-01	0
39.202	-8.908	1.3058E-01	3
39.200	-8.861	9.8260E-02	2
39.198	-8.813	9.4732E-02	3
39.196	-8.767	1.1695E-01	1
39.194	-8.722	1.3881E-01	3
39.192	-8.676	1.5807E-01	0
39.190	-8.630	1.4967E-01	3
39.188	-8.583	1.5768E-01	1
39.186	-8.537	1.3930E-01	3
39.184	-8.493	1.0550E-01	0
39.182	-8.448	1.0471E-01	3
39.180	-8.404	9.8195E-02	0
39.178	-8.359	9.7749E-02	3
39.176	-8.315	9.0410E-02	2
39.174	-8.271	9.6449E-02	3
39.199	-9.250	1.2509E-01	3
39.197	-9.200	1.1465E-01	3
39.195	-9.150	9.4830E-02	3
39.193	-9.100	1.0667E-01	3
39.191	-9.046	8.7212E-02	2
39.189	-9.002	8.6629E-02	3
39.187	-8.957	1.0655E-01	2
39.185	-8.909	9.0540E-02	3
39.183	-8.861	1.0421E-01	2
39.181	-8.814	1.0821E-01	3
39.179	-8.768	1.1844E-01	3
39.177	-8.723	1.4659E-01	3
39.176	-8.677	1.6339E-01	3
39.174	-8.630	1.4766E-01	3
39.171	-8.584	1.4782E-01	3
39.169	-8.538	1.3512E-01	3
39.168	-8.494	1.1751E-01	3
39.165	-8.448	9.0831E-02	3
39.163	-8.403	9.2437E-02	3
39.161	-8.359	9.3097E-02	3
39.159	-8.315	9.0537E-02	3
39.157	-8.272	9.6097E-02	3
39.180	-9.201	9.8012E-02	3
39.178	-9.151	9.5024E-02	0
39.176	-9.098	1.0329E-01	3
39.174	-9.046	9.0904E-02	0
39.172	-9.004	8.8471E-02	3
39.170	-8.958	9.6938E-02	0
39.168	-8.910	1.0684E-01	3
39.166	-8.862	1.1139E-01	2
39.164	-8.816	1.1936E-01	3
39.163	-8.769	1.3691E-01	2
39.161	-8.724	1.7402E-01	3
39.159	-8.678	1.6980E-01	0
39.157	-8.631	1.5661E-01	3
39.155	-8.584	1.1068E-01	0
39.153	-8.540	1.3920E-01	3
39.151	-8.495	1.0363E-01	0
39.149	-8.449	8.6927E-02	3
39.147	-8.405	9.8159E-02	1
39.145	-8.361	9.4654E-02	3
39.143	-8.316	8.7116E-02	1
39.141	-8.273	9.6630E-02	3
39.162	-9.202	9.0926E-02	3
39.160	-9.152	9.6797E-02	1
39.159	-9.101	1.0664E-01	3
39.157	-9.053	1.0118E-01	2
39.155	-9.006	8.8390E-02	3
39.153	-8.958	8.8016E-02	2
39.151	-8.911	1.2224E-01	3
39.149	-8.863	1.2247E-01	3
39.148	-8.817	1.1462E-01	3
39.146	-8.771	1.2320E-01	3
39.144	-8.725	1.7242E-01	3
39.142	-8.678	1.6957E-01	3
39.140	-8.632	1.5194E-01	3
39.138	-8.585	9.7539E-02	3
39.136	-8.541	1.1151E-01	3
39.134	-8.496	9.3300E-02	1
39.132	-8.451	9.0536E-02	3
39.131	-8.406	9.2833E-02	3
39.129	-8.362	9.0685E-02	3
39.127	-8.317	8.5877E-02	3
39.125	-8.274	9.2868E-02	3
39.145	-9.203	1.0678E-01	3
39.143	-9.151	1.0104E-01	0
39.141	-9.101	1.1233E-01	3
39.140	-9.055	1.1777E-01	0
39.138	-9.007	1.0827E-01	3
39.136	-8.960	1.0034E-01	0
39.134	-8.912	1.2189E-01	3
39.133	-8.864	1.1828E-01	2
39.131	-8.818	1.0516E-01	3
39.129	-8.772	1.1237E-01	0
39.127	-8.726	1.5489E-01	3
39.125	-8.679	1.7653E-01	0
39.123	-8.633	1.4686E-01	3
39.122	-8.587	1.0149E-01	0
39.120	-8.542	1.0692E-01	3
39.118	-8.497	1.0121E-01	2
39.116	-8.452	9.5509E-02	3
39.114	-8.407	9.4393E-02	2
39.112	-8.363	9.2515E-02	3
39.110	-8.319	9.6779E-02	2
39.108	-8.275	9.0403E-02	3
39.128	-9.203	1.0216E-01	3
39.126	-9.151	9.6222E-02	2
39.124	-9.103	1.1032E-01	3
39.123	-9.056	1.0685E-01	3
39.121	-9.008	1.0914E-01	3
39.119	-8.961	9.5805E-02	2
39.117	-8.913	1.0255E-01	3
39.116	-8.865	1.0272E-01	3
39.114	-8.819	1.0946E-01	3
39.112	-8.773	1.2742E-01	3
39.110	-8.727	1.4604E-01	3
39.109	-8.680	1.2248E-01	3
39.107	-8.634	1.0111E-01	3
39.105	-8.588	1.0066E-01	2
39.103	-8.542	1.0137E-01	3
39.101	-8.497	1.0161E-01	2
39.099	-8.452	9.2016E-02	3
39.098	-8.407	9.6349E-02	3
39.096	-8.363	9.1140E-02	3
39.094	-8.320	9.1856E-02	3
39.092	-8.276	1.0014E-01	3
39.111	-9.203	1.0613E-01	3
39.109	-9.152	1.0006E-01	0
39.107	-9.105	1.1868E-01	3
39.106	-9.056	1.1568E-01	1
39.104	-9.008	1.0406E-01	3
39.102	-8.962	9.7575E-02	0
39.100	-8.914	9.1168E-02	3
39.099	-8.867	9.1615E-02	0
39.097	-8.820	9.9040E-02	3
39.095	-8.774	1.4669E-01	0
39.094	-8.727	1.4000E-01	3
39.092	-8.681	1.1884E-01	0
39.090	-8.635	1.0362E-01	3
39.088	-8.589	1.0263E-01	0
39.087	-8.543	1.0560E-01	3
39.085	-8.498	9.8113E-02	2
39.083	-8.453	9.9921E-02	3
39.081	-8.409	9.4915E-02	2
39.079	-8.364	9.0037E-02	3
39.078	-8.321	8.9867E-02	2
39.076	-8.277	8.5814E-02	3
39.093	-9.204	1.1388E-01	3
39.092	-9.154	1.1329E-01	3
39.090	-9.106	1.1900E-01	3
39.088	-9.057	1.1889E-01	3
39.087	-9.009	1.4893E-01	3
39.085	-8.963	1.0311E-01	3
39.084	-8.915	9.7321E-02	3
39.082	-8.868	1.0434E-01	3
39.080	-8.822	1.3188E-01	3
39.079	-8.775	1.5023E-01	3
39.077	-8.728	1.4881E-01	3
39.075	-8.682	1.3920E-01	3
39.073	-8.636	1.0265E-01	3
39.072	-8.590	1.0569E-01	2
39.070	-8.545	9.6157E-02	3
39.068	-8.499	9.7556E-02	2
39.066	-8.454	1.0360E-01	3
39.065	-8.409	9.4359E-02	3
39.063	-8.366	9.2481E-02	3
39.061	-8.322	9.5243E-02	3
39.059	-8.279	9.1732E-02	3
39.160	-9.208	9.4497E-02	3
39.158	-9.158	1.0043E-01	0
39.156	-9.106	1.1007E-01	3
39.154	-9.059	1.0996E-01	0
39.152	-9.012	9.5317E-02	3
39.149	-8.964	8.8837E-02	0
39.147	-8.917	1.2354E-01	3
39.145	-8.869	1.2576E-01	1
39.143	-8.823	1.1044E-01	3
39.141	-8.777	1.1335E-01	2
39.139	-8.731	1.6530E-01	3
39.137	-8.685	1.7536E-01	2
39.135	-8.638	1.6019E-01	3
39.133	-8.592	1.0149E-01	0
39.131	-8.547	1.1076E-01	3
39.128	-8.502	9.9242E-02	0
39.126	-8.457	9.4701E-02	3
39.124	-8.413	9.3232E-02	1
39.122	-8.368	8.9992E-02	3
39.120	-8.324	9.1878E-02	2
39.118	-8.280	9.3073E-02	3
39.143	-9.209	1.1124E-01	3
39.140	-9.157	9.8913E-02	2
39.138	-9.107	1.1006E-01	3
39.137	-9.061	1.1702E-01	2
39.135	-9.013	1.1114E-01	3
39.132	-8.966	1.0425E-01	3
39.130	-8.918	1.2017E-01	3
39.128	-8.870	1.1533E-01	2
39.126	-8.824	1.1057E-01	3
39.124	-8.778	1.1080E-01	3
39.122	-8.732	1.5297E-01	3
39.120	-8.685	1.5920E-01	2
39.118	-8.639	1.3871E-01	3
39.116	-8.594	1.0592E-01	2
39.114	-8.548	1.0364E-01	3
39.112	-8.503	1.0510E-01	2
39.110	-8.458	9.5917E-02	3
39.108	-8.413	9.6156E-02	3
39.105	-8.369	9.4482E-02	3
39.103	-8.325	9.5006E-02	3
39.101	-8.282	9.0538E-02	3
39.125	-9.209	1.0114E-01	3
39.123	-9.157	9.8831E-02	0
39.121	-9.109	1.1204E-01	3
39.119	-9.061	1.0905E-01	0
39.117	-9.013	1.0722E-01	3
39.116	-8.967	9.5326E-02	0
39.113	-8.918	9.6319E-02	3
39.111	-8.871	1.0060E-01	2
39.109	-8.825	1.0556E-01	3
39.108	-8.779	1.3056E-01	2
39.106	-8.733	1.4659E-01	3
39.103	-8.686	1.2383E-01	0
39.101	-8.640	1.0034E-01	3
39.099	-8.594	9.9417E-02	1
39.097	-8.548	1.0233E-01	3
39.095	-8.503	9.8058E-02	0
39.093	-8.458	9.5360E-02	3
39.091	-8.414	9.6074E-02	0
39.089	-8.369	9.0857E-02	3
39.087	-8.326	9.1039E-02	2
39.085	-8.283	9.9457E-02	3
39.108	-9.209	1.1149E-01	3
39.106	-9.157	9.9575E-02	2
39.104	-9.111	1.1779E-01	3
39.102	-9.063	1.1918E-01	3
39.100	-9.013	1.1626E-01	3
39.099	-8.968	1.0155E-01	3
39.097	-8.920	9.3154E-02	3
39.095	-8.872	9.3120E-02	2
39.093	-8.826	1.0226E-01	3
39.091	-8.780	1.4765E-01	3
39.089	-8.733	1.4233E-01	3
39.087	-8.687	1.3455E-01	2
39.085	-8.641	1.0771E-01	3
39.083	-8.595	1.0487E-01	2
39.081	-8.550	1.0464E-01	3
39.079	-8.504	1.0009E-01	3
39.077	-8.459	1.0204E-01	3
39.075	-8.415	9.5041E-02	3
39.073	-8.371	9.1050E-02	3
39.071	-8.327	9.1640E-02	3
39.069	-8.283	8.7109E-02	3
39.091	-9.210	1.1607E-01	3
39.089	-9.160	1.1617E-01	0
39.087	-9.112	1.1955E-01	3
39.085	-9.063	1.1841E-01	0
39.083	-9.014	1.4448E-01	3
39.082	-8.969	1.0606E-01	0
39.080	-8.921	9.7253E-02	3
39.078	-8.873	1.1378E-01	2
39.076	-8.827	1.3516E-01	3
39.074	-8.781	1.5146E-01	2
39.072	-8.734	1.4293E-01	3
39.070	-8.688	1.3946E-01	0
39.068	-8.642	9.7447E-02	3
39.066	-8.596	1.0240E-01	0
39.064	-8.551	9.4314E-02	3
39.062	-8.506	9.7079E-02	0
39.060	-8.460	1.0264E-01	3
39.058	-8.415	9.4754E-02	0
39.056	-8.372	9.4108E-02	3
39.054	-8.328	9.8651E-02	1
39.052	-8.285	9.4799E-02	3
39.074	-9.211	1.1407E-01	3
39.072	-9.161	1.1595E-01	2
39.070	-9.112	1.1981E-01	3
39.068	-9.064	1.1230E-01	3
39.066	-9.016	1.1479E-01	3
39.065	-8.970	1.1646E-01	1
39.063	-8.922	1.0518E-01	3
39.061	-8.875	1.2575E-01	1
39.059	-8.828	1.4165E-01	3
39.057	-8.782	1.4358E-01	3
39.055	-8.735	1.4722E-01	3
39.053	-8.689	1.3233E-01	3
39.051	-8.642	1.0051E-01	3
39.049	-8.597	8.3944E-02	3
39.048	-8.551	8.9182E-02	3
39.046	-8.506	9.4678E-02	3
39.044	-8.461	9.4778E-02	3
39.042	-8.417	8.7922E-02	3
39.040	-8.373	8.8776E-02	3
39.038	-8.329	9.7276E-02	3
39.036	-8.286	9.2267E-02	3
39.056	-9.212	1.0905E-01	3
39.055	-9.162	1.1127E-01	0
39.053	-9.112	1.1369E-01	3
39.051	-9.063	1.1372E-01	0
39.049	-9.016	1.2170E-01	3
39.048	-8.971	1.3432E-01	0
39.046	-8.923	1.4530E-01	3
39.044	-8.876	1.4415E-01	2
39.042	-8.829	1.6264E-01	3
39.040	-8.783	1.5129E-01	0
39.038	-8.736	1.2607E-01	3
39.037	-8.689	1.1694E-01	0
39.035	-8.643	9.9815E-02	3
39.033	-8.597	8.2976E-02	0
39.031	-8.552	9.5041E-02	3
39.029	-8.507	1.0129E-01	2
39.027	-8.462	9.9065E-02	3
39.025	-8.418	8.6071E-02	2
39.023	-8.375	8.6107E-02	3
39.022	-8.331	9.1334E-02	2
39.020	-8.288	1.0152E-01	3
39.039	-9.211	1.0546E-01	3
39.037	-9.162	1.1173E-01	3
39.036	-9.111	1.1183E-01	3
39.034	-9.063	1.0226E-01	1
39.032	-9.017	1.1017E-01	3
39.031	-8.972	1.4951E-01	1
39.029	-8.924	1.2214E-01	3
39.027	-8.877	1.1956E-01	1
39.025	-8.830	1.1787E-01	3
39.023	-8.783	1.4710E-01	3
39.022	-8.737	1.3078E-01	3
39.020	-8.691	9.9566E-02	3
39.018	-8.644	8.5593E-02	3
39.016	-8.598	8.1396E-02	3
39.014	-8.553	8.6770E-02	3
39.013	-8.508	9.2810E-02	3
39.011	-8.464	9.5301E-02	3
39.009	-8.420	9.2879E-02	3
39.007	-8.376	1.2107E-01	3
39.005	-8.333	1.3201E-01	3
39.003	-8.289	1.1261E-01	3
39.022	-9.212	1.0497E-01	3
39.020	-9.162	1.1062E-01	0
39.018	-9.112	1.0647E-01	3
39.017	-9.065	1.0711E-01	1
39.015	-9.018	1.1543E-01	3
39.014	-8.972	1.2251E-01	0
39.012	-8.925	1.3068E-01	3
39.010	-8.878	1.5417E-01	0
39.008	-8.831	1.4980E-01	3
39.007	-8.784	1.5577E-01	0
39.005	-8.738	1.4703E-01	3
39.003	-8.692	1.0283E-01	0
39.001	-8.645	8.9134E-02	3
39.000	-8.599	8.9238E-02	0
38.998	-8.554	8.5667E-02	3
38.996	-8.509	9.6689E-02	2
38.994	-8.466	1.0429E-01	3
38.993	-8.422	1.2137E-01	2
38.991	-8.378	1.2959E-01	3
38.989	-8.333	1.0985E-01	2
38.987	-8.290	1.1335E-01	3
39.005	-9.213	1.1058E-01	3
39.003	-9.162	1.0526E-01	3
39.001	-9.115	1.0460E-01	3
39.000	-9.067	1.1601E-01	3
38.998	-9.020	1.1494E-01	3
38.997	-8.973	1.2181E-01	2
38.995	-8.926	1.3682E-01	3
38.993	-8.879	1.4512E-01	3
38.992	-8.832	1.3631E-01	3
38.990	-8.785	1.4488E-01	3
38.988	-8.738	1.4701E-01	3
38.986	-8.692	1.2523E-01	3
38.985	-8.646	9.4587E-02	3
38.983	-8.601	1.0411E-01	3
38.981	-8.555	9.5486E-02	3
38.980	-8.511	1.1769E-01	3
38.978	-8.467	1.2570E-01	3
38.976	-8.422	1.1222E-01	3
38.974	-8.378	8.9630E-02	3
38.972	-8.334	8.9392E-02	3
38.971	-8.290	9.2833E-02	3
39.072	-9.219	1.1194E-01	3
39.069	-9.169	1.1348E-01	0
39.067	-9.120	1.2015E-01	3
39.065	-9.071	1.1209E-01	0
39.063	-9.024	1.1513E-01	3
39.061	-8.978	1.2146E-01	0
39.059	-8.930	1.0765E-01	3
39.057	-8.883	1.2828E-01	0
39.055	-8.837	1.4507E-01	3
39.053	-8.790	1.4892E-01	0
39.051	-8.743	1.4742E-01	3
39.049	-8.697	1.3657E-01	0
39.046	-8.651	1.0912E-01	3
39.044	-8.605	8.6743E-02	2
39.042	-8.559	9.2243E-02	3
39.040	-8.514	9.4119E-02	1
39.038	-8.470	9.5392E-02	3
39.036	-8.425	8.8674E-02	0
39.034	-8.382	8.9051E-02	3
39.031	-8.338	9.7129E-02	0
39.029	-8.295	9.4720E-02	3
39.027	-8.252	1.0075E-01	0
39.054	-9.220	1.0953E-01	3
39.052	-9.170	1.1154E-01	1
39.050	-9.120	1.1582E-01	3
39.048	-9.071	1.1393E-01	1
39.046	-9.024	1.1731E-01	3
39.044	-8.979	1.4028E-01	3
39.042	-8.931	1.4044E-01	3
39.040	-8.884	1.3648E-01	3
39.038	-8.837	1.5381E-01	3
39.036	-8.791	1.4787E-01	3
39.034	-8.744	1.2607E-01	3
39.032	-8.698	1.1543E-01	3
39.030	-8.651	9.7356E-02	3
39.028	-8.605	8.3319E-02	3
39.025	-8.560	8.6633E-02	3
39.023	-8.515	1.0681E-01	3
39.021	-8.471	1.0111E-01	3
39.019	-8.427	8.9889E-02	3
39.017	-8.383	8.9447E-02	3
39.015	-8.340	1.0237E-01	3
39.013	-8.296	1.0397E-01	3
39.011	-8.253	9.9033E-02	3
39.037	-9.219	1.0965E-01	3
39.035	-9.170	1.1098E-01	0
39.033	-9.119	1.1204E-01	3
39.031	-9.071	1.0301E-01	0
39.029	-9.025	1.0503E-01	3
39.027	-8.979	1.4478E-01	0
39.025	-8.933	1.2789E-01	3
39.023	-8.885	1.3626E-01	0
39.021	-8.838	1.2403E-01	3
39.019	-8.791	1.5100E-01	1
39.017	-8.745	1.4089E-01	3
39.015	-8.699	1.0367E-01	1
39.013	-8.652	8.5320E-02	3
39.011	-8.606	8.3854E-02	2
39.009	-8.562	8.5735E-02	3
39.007	-8.516	9.0219E-02	0
39.005	-8.472	9.5029E-02	3
39.003	-8.429	1.0577E-01	0
39.001	-8.385	1.3613E-01	3
38.999	-8.341	1.3942E-01	0
38.997	-8.298	1.1582E-01	3
38.995	-8.254	1.1373E-01	0
39.020	-9.220	1.0394E-01	3
39.018	-9.170	1.0884E-01	3
39.016	-9.121	1.0626E-01	3
39.014	-9.073	1.0890E-01	1
39.012	-9.026	1.1797E-01	3
39.010	-8.980	1.2326E-01	3
39.008	-8.933	1.2541E-01	3
39.006	-8.886	1.4876E-01	3
39.004	-8.839	1.4529E-01	3
39.002	-8.792	1.5577E-01	3
39.000	-8.746	1.5010E-01	3
38.998	-8.700	1.0844E-01	3
38.996	-8.653	9.2072E-02	3
38.994	-8.608	9.4836E-02	3
38.992	-8.563	8.6474E-02	3
38.990	-8.518	1.0542E-01	3
38.988	-8.474	1.1009E-01	3
38.986	-8.430	1.1925E-01	3
38.984	-8.385	1.0592E-01	3
38.982	-8.341	9.6138E-02	3
38.980	-8.298	1.0592E-01	3
38.978	-8.255	1.1236E-01	3
39.003	-9.222	1.1271E-01	3
39.001	-9.170	1.0704E-01	0
38.999	-9.121	1.0399E-01	3
38.997	-9.075	1.1786E-01	0
38.995	-9.028	1.1185E-01	3
38.993	-8.980	1.1825E-01	0
38.991	-8.934	1.3237E-01	3
38.989	-8.887	1.4786E-01	0
38.987	-8.840	1.3508E-01	3
38.986	-8.793	1.4180E-01	1
38.984	-8.747	1.4257E-01	3
38.982	-8.700	1.4087E-01	0
38.980	-8.654	9.8685E-02	3
38.978	-8.609	1.0595E-01	2
38.976	-8.564	9.6566E-02	3
38.974	-8.519	1.2165E-01	0
38.972	-8.475	1.3074E-01	3
38.970	-8.431	1.0533E-01	0
38.968	-8.386	9.2074E-02	3
38.966	-8.342	8.9179E-02	0
38.964	-8.298	9.2222E-02	3
38.962	-8.255	9.4230E-02	0
38.985	-9.222	1.0789E-01	3
38.983	-9.170	1.0134E-01	3
38.981	-9.121	9.8548E-02	3
38.980	-9.075	1.1387E-01	3
38.978	-9.028	1.0266E-01	3
38.976	-8.981	1.0954E-01	3
38.974	-8.935	1.3147E-01	3
38.972	-8.888	1.4100E-01	3
38.971	-8.841	1.2788E-01	3
38.969	-8.794	1.3112E-01	3
38.967	-8.748	1.1658E-01	3
38.965	-8.701	1.0540E-01	3
38.963	-8.655	8.7609E-02	3
38.961	-8.610	1.0389E-01	3
38.959	-8.565	1.0215E-01	3
38.957	-8.520	1.4728E-01	2
38.955	-8.476	1.4921E-01	3
38.953	-8.431	9.2573E-02	3
38.951	-8.387	8.7632E-02	3
38.949	-8.343	8.8622E-02	2
38.948	-8.299	8.8329E-02	3
38.946	-8.256	9.1494E-02	3
38.968	-9.222	1.0274E-01	3
38.966	-9.171	1.0530E-01	0
38.964	-9.122	1.0367E-01	3
38.963	-9.074	1.0829E-01	0
38.961	-9.028	1.1374E-01	3
38.959	-8.983	1.1726E-01	0
38.957	-8.936	1.3494E-01	3
38.956	-8.889	1.2531E-01	0
38.954	-8.842	1.2691E-01	3
38.952	-8.795	1.1880E-01	0
38.950	-8.749	1.0304E-01	3
38.948	-8.703	1.1557E-01	0
38.946	-8.657	1.2379E-01	3
38.944	-8.611	1.2224E-01	0
38.943	-8.566	1.2267E-01	3
38.941	-8.522	1.3247E-01	0
38.939	-8.477	1.2703E-01	3
38.937	-8.432	9.0039E-02	0
38.935	-8.388	8.7010E-02	3
38.933	-8.344	9.0110E-02	0
38.931	-8.300	8.9407E-02	3
38.929	-8.257	9.0668E-02	0
38.951	-9.222	1.0972E-01	3
38.949	-9.173	1.0988E-01	3
38.947	-9.123	1.0873E-01	3
38.945	-9.075	1.0218E-01	3
38.944	-9.029	1.0387E-01	3
38.942	-8.984	1.1862E-01	3
38.940	-8.937	1.2931E-01	3
38.939	-8.890	1.2995E-01	3
38.937	-8.843	1.2211E-01	3
38.935	-8.796	1.0450E-01	3
38.933	-8.749	9.4621E-02	3
38.931	-8.703	9.9230E-02	3
38.930	-8.657	9.0455E-02	3
38.928	-8.612	1.1308E-01	3
38.926	-8.567	1.2921E-01	3
38.924	-8.522	1.0251E-01	1
38.922	-8.478	9.4766E-02	3
38.920	-8.433	8.6552E-02	3
38.919	-8.389	8.9995E-02	3
38.917	-8.345	8.9906E-02	3
38.915	-8.302	9.1847E-02	3
38.913	-8.258	9.1881E-02	3
38.933	-9.223	1.2349E-01	2
38.932	-9.175	1.1001E-01	0
38.930	-9.125	1.0065E-01	3
38.928	-9.076	1.0902E-01	0
38.927	-9.031	1.1824E-01	3
38.925	-8.985	1.2709E-01	0
38.923	-8.938	1.3457E-01	3
38.922	-8.891	1.3999E-01	0
38.920	-8.844	1.3604E-01	3
38.918	-8.797	1.0073E-01	0
38.916	-8.750	9.6045E-02	2
38.915	-8.704	1.0099E-01	0
38.913	-8.658	1.2294E-01	3
38.911	-8.613	9.9282E-02	0
38.909	-8.568	9.1266E-02	3
38.908	-8.523	9.0969E-02	0
38.906	-8.478	9.7071E-02	3
38.904	-8.434	8.6474E-02	0
38.902	-8.390	8.6647E-02	3
38.900	-8.346	8.7443E-02	0
38.899	-8.303	8.8910E-02	3
38.897	-8.259	9.2278E-02	2
38.916	-9.223	1.0756E-01	3
38.915	-9.176	9.9506E-02	3
38.913	-9.128	1.0221E-01	3
38.911	-9.078	1.0704E-01	3
38.910	-9.033	1.3362E-01	3
38.908	-8.986	1.2557E-01	3
38.907	-8.939	1.4262E-01	3
38.905	-8.891	1.2342E-01	3
38.903	-8.844	1.0731E-01	3
38.901	-8.798	9.5864E-02	3
38.900	-8.751	9.1184E-02	3
38.898	-8.705	9.6816E-02	3
38.896	-8.659	1.0361E-01	3
38.895	-8.613	9.2175E-02	3
38.893	-8.568	8.9959E-02	3
38.891	-8.524	9.0142E-02	2
38.889	-8.479	8.7109E-02	3
38.888	-8.434	9.2458E-02	3
38.886	-8.390	9.0110E-02	3
38.884	-8.346	8.9747E-02	3
38.882	-8.303	8.9918E-02	3
38.880	-8.260	9.1587E-02	2
38.983	-9.228	1.0913E-01	3
38.981	-9.176	1.0503E-01	0
38.979	-9.127	9.9095E-02	3
38.977	-9.080	1.1077E-01	0
38.975	-9.033	1.0560E-01	3
38.973	-8.987	1.0843E-01	0
38.971	-8.941	1.3147E-01	3
38.968	-8.894	1.3901E-01	0
38.966	-8.847	1.2467E-01	3
38.964	-8.800	1.2606E-01	0
38.962	-8.754	1.1870E-01	3
38.960	-8.708	1.2029E-01	0
38.958	-8.662	1.0127E-01	3
38.956	-8.616	9.6589E-02	2
38.953	-8.571	9.9555E-02	3
38.951	-8.527	1.4072E-01	2
38.949	-8.482	1.5267E-01	3
38.947	-8.438	9.9252E-02	0
38.945	-8.393	8.5451E-02	3
38.943	-8.349	8.8964E-02	0
38.941	-8.305	8.9066E-02	3
38.938	-8.262	9.0884E-02	0
38.966	-9.228	1.0102E-01	3
38.964	-9.177	1.0597E-01	3
38.961	-9.128	1.0820E-01	3
38.959	-9.080	1.1021E-01	3
38.958	-9.034	1.1538E-01	3
38.956	-8.988	1.2183E-01	3
38.954	-8.942	1.3398E-01	3
38.952	-8.895	1.2381E-01	3
38.949	-8.848	1.2445E-01	3
38.947	-8.801	1.2085E-01	3
38.945	-8.755	9.8051E-02	3
38.943	-8.708	9.9652E-02	3
38.941	-8.663	1.1491E-01	3
38.939	-8.618	1.3725E-01	3
38.937	-8.573	1.4334E-01	3
38.935	-8.528	1.2563E-01	2
38.933	-8.483	1.1406E-01	3
38.931	-8.438	8.9425E-02	2
38.928	-8.394	9.0006E-02	3
38.926	-8.351	9.2424E-02	2
38.924	-8.307	9.1847E-02	3
38.922	-8.263	9.2368E-02	2
38.948	-9.228	1.1109E-01	3
38.946	-9.179	1.1330E-01	0
38.944	-9.129	1.0839E-01	3
38.942	-9.081	1.0465E-01	0
38.940	-9.035	1.0461E-01	3
38.939	-8.990	1.1792E-01	0
38.937	-8.943	1.2800E-01	3
38.935	-8.896	1.3392E-01	0
38.933	-8.849	1.2867E-01	3
38.931	-8.802	1.0136E-01	1
38.928	-8.755	9.3871E-02	3
38.926	-8.709	1.0674E-01	0
38.924	-8.663	9.7966E-02	3
38.922	-8.618	9.5746E-02	2
38.920	-8.573	1.0833E-01	3
38.918	-8.529	9.6015E-02	0
38.916	-8.484	9.4617E-02	3
38.914	-8.439	8.7370E-02	0
38.912	-8.395	8.8156E-02	3
38.910	-8.351	8.8396E-02	0
38.908	-8.308	8.9794E-02	3
38.906	-8.265	9.3107E-02	0
38.931	-9.229	1.2540E-01	3
38.929	-9.180	1.1013E-01	3
38.927	-9.131	9.9401E-02	3
38.925	-9.082	1.0655E-01	3
38.923	-9.036	1.1966E-01	3
38.922	-8.991	1.2434E-01	3
38.920	-8.944	1.4201E-01	3
38.918	-8.897	1.3628E-01	3
38.916	-8.849	1.4007E-01	3
38.914	-8.803	1.0264E-01	3
38.912	-8.756	9.7956E-02	3
38.910	-8.710	9.6010E-02	2
38.908	-8.664	1.2635E-01	3
38.906	-8.619	1.0549E-01	2
38.904	-8.574	9.4198E-02	3
38.902	-8.529	8.9458E-02	3
38.900	-8.484	9.5015E-02	3
38.898	-8.440	8.7088E-02	2
38.896	-8.396	8.8078E-02	3
38.894	-8.352	8.7909E-02	3
38.892	-8.309	8.9579E-02	3
38.889	-8.265	9.2483E-02	3
38.914	-9.228	1.0392E-01	3
38.912	-9.181	1.0011E-01	0
38.910	-9.134	1.0418E-01	3
38.908	-9.084	1.0791E-01	0
38.906	-9.039	1.3532E-01	3
38.905	-8.992	1.2548E-01	0
38.903	-8.945	1.4616E-01	3
38.901	-8.897	1.2019E-01	0
38.899	-8.850	1.0362E-01	3
38.897	-8.804	9.4018E-02	1
38.895	-8.757	9.0297E-02	3
38.893	-8.711	9.5928E-02	0
38.891	-8.665	9.9307E-02	3
38.889	-8.619	8.9855E-02	1
38.887	-8.574	8.7025E-02	3
38.885	-8.530	9.2585E-02	0
38.883	-8.485	8.6622E-02	3
38.881	-8.440	9.3958E-02	0
38.879	-8.396	9.4741E-02	3
38.877	-8.353	9.1914E-02	0
38.875	-8.310	9.2631E-02	3
38.873	-8.266	9.0635E-02	0
38.897	-9.229	9.7599E-02	3
38.895	-9.181	9.8453E-02	3
38.893	-9.133	1.0362E-01	3
38.891	-9.085	1.1146E-01	3
38.889	-9.040	1.4057E-01	3
38.888	-8.993	1.2964E-01	3
38.886	-8.946	1.4019E-01	3
38.884	-8.898	1.1095E-01	3
38.882	-8.851	9.5340E-02	3
38.880	-8.805	9.3051E-02	3
38.878	-8.758	9.5269E-02	3
38.876	-8.712	1.0350E-01	2
38.874	-8.666	1.0366E-01	3
38.872	-8.620	9.6460E-02	3
38.871	-8.575	1.0038E-01	3
38.869	-8.530	9.0392E-02	1
38.867	-8.486	8.6950E-02	3
38.865	-8.441	9.1766E-02	2
38.863	-8.397	9.2822E-02	3
38.861	-8.353	9.0133E-02	2
38.859	-8.311	9.2891E-02	3
38.857	-8.267	8.9944E-02	3
38.879	-9.231	9.5611E-02	3
38.878	-9.182	9.6319E-02	0
38.876	-9.135	1.0738E-01	3
38.874	-9.088	1.4122E-01	0
38.872	-9.041	1.2317E-01	3
38.871	-8.994	1.0315E-01	0
38.869	-8.946	1.1563E-01	3
38.867	-8.899	1.2796E-01	0
38.865	-8.852	1.0469E-01	3
38.863	-8.805	8.6824E-02	0
38.861	-8.759	1.0557E-01	3
38.860	-8.713	1.0587E-01	0
38.858	-8.667	9.8735E-02	3
38.856	-8.621	1.0143E-01	0
38.854	-8.576	1.0344E-01	3
38.852	-8.531	9.5015E-02	0
38.850	-8.487	9.0210E-02	3
38.848	-8.443	9.4344E-02	0
38.846	-8.398	9.1245E-02	3
38.844	-8.354	9.1077E-02	0
38.843	-8.311	9.0635E-02	3
38.841	-8.268	9.3266E-02	0
38.862	-9.232	9.3944E-02	3
38.861	-9.185	1.0646E-01	3
38.859	-9.138	1.3210E-01	3
38.857	-9.090	1.4866E-01	3
38.855	-9.043	1.1803E-01	3
38.854	-8.995	1.0697E-01	3
38.852	-8.947	1.0789E-01	3
38.850	-8.900	1.0074E-01	3
38.848	-8.853	9.3062E-02	3
38.846	-8.806	8.8246E-02	3
38.845	-8.760	9.4563E-02	3
38.843	-8.714	1.0006E-01	3
38.841	-8.668	9.5450E-02	3
38.839	-8.622	1.0298E-01	3
38.837	-8.577	1.1781E-01	3
38.835	-8.532	9.9705E-02	1
38.834	-8.487	9.5036E-02	3
38.832	-8.443	9.6716E-02	2
38.830	-8.399	9.0416E-02	3
38.828	-8.355	8.5279E-02	2
38.826	-8.312	8.8923E-02	3
38.824	-8.269	9.7334E-02	2
38.845	-9.234	9.8124E-02	3
38.843	-9.188	1.2658E-01	0
38.842	-9.140	1.1907E-01	3
38.840	-9.091	1.4351E-01	0
38.838	-9.044	1.0563E-01	3
38.837	-8.996	1.0709E-01	0
38.835	-8.948	1.1027E-01	3
38.833	-8.901	1.0722E-01	0
38.831	-8.854	9.4827E-02	3
38.830	-8.807	8.5094E-02	0
38.828	-8.761	9.4212E-02	3
38.826	-8.715	9.4107E-02	0
38.824	-8.669	8.9981E-02	3
38.823	-8.623	8.8243E-02	0
38.821	-8.578	1.0116E-01	3
38.819	-8.533	9.5945E-02	0
38.817	-8.489	9.2368E-02	3
38.815	-8.444	9.6024E-02	0
38.814	-8.400	9.1088E-02	3
38.812	-8.356	8.4589E-02	0
38.810	-8.313	8.4286E-02	3
38.808	-8.269	8.6169E-02	2
38.828	-9.233	9.7209E-02	3
38.826	-9.187	1.0971E-01	2
38.825	-9.140	1.3138E-01	3
38.823	-9.092	1.4233E-01	3
38.821	-9.044	1.0199E-01	3
38.820	-8.997	1.0660E-01	3
38.818	-8.949	1.0759E-01	3
38.816	-8.902	1.0823E-01	3
38.815	-8.855	9.7479E-02	3
38.813	-8.808	8.5151E-02	2
38.811	-8.762	9.2288E-02	3
38.809	-8.716	9.3961E-02	2
38.808	-8.670	8.9083E-02	3
38.806	-8.625	8.8299E-02	3
38.804	-8.580	8.9085E-02	3
38.802	-8.535	8.9529E-02	2
38.801	-8.490	9.0188E-02	3
38.799	-8.445	9.5127E-02	2
38.797	-8.401	9.4616E-02	3
38.795	-8.357	8.3490E-02	1
38.794	-8.313	8.8968E-02	3
38.792	-8.270	8.8538E-02	3
38.894	-9.237	9.8216E-02	3
38.892	-9.188	9.9755E-02	0
38.890	-9.140	1.0266E-01	3
38.888	-9.093	1.1906E-01	0
38.886	-9.048	1.3975E-01	3
38.884	-9.001	1.2547E-01	0
38.882	-8.954	1.3999E-01	3
38.880	-8.907	1.1929E-01	0
38.878	-8.860	1.0134E-01	3
38.876	-8.813	9.2424E-02	0
38.874	-8.767	9.8468E-02	3
38.871	-8.720	1.0240E-01	0
38.869	-8.674	1.0100E-01	3
38.867	-8.629	9.5029E-02	0
38.865	-8.583	1.0304E-01	3
38.863	-8.539	9.2845E-02	0
38.861	-8.494	9.0698E-02	3
38.858	-8.450	9.5094E-02	0
38.856	-8.406	9.4321E-02	3
38.854	-8.362	9.3197E-02	2
38.852	-8.319	9.3367E-02	3
38.850	-8.276	9.0952E-02	0
38.877	-9.239	9.6696E-02	3
38.875	-9.190	9.6181E-02	2
38.873	-9.143	1.0642E-01	3
38.871	-9.096	1.3732E-01	3
38.869	-9.050	1.3378E-01	3
38.867	-9.002	9.9870E-02	3
38.865	-8.955	1.1180E-01	3
38.863	-8.907	1.2830E-01	3
38.861	-8.860	1.0276E-01	3
38.859	-8.814	8.8589E-02	3
38.857	-8.767	9.9888E-02	3
38.855	-8.721	1.0874E-01	3
38.853	-8.675	1.0092E-01	3
38.850	-8.629	1.0020E-01	2
38.848	-8.584	1.0821E-01	3
38.846	-8.539	9.7810E-02	3
38.844	-8.495	9.1847E-02	3
38.842	-8.451	9.4878E-02	3
38.840	-8.406	9.1382E-02	3
38.838	-8.362	8.7605E-02	3
38.836	-8.319	8.8458E-02	3
38.833	-8.277	9.6587E-02	3
38.860	-9.240	9.5588E-02	3
38.858	-9.193	1.0679E-01	0
38.856	-9.147	1.2826E-01	3
38.854	-9.098	1.4627E-01	0
38.852	-9.051	1.2288E-01	3
38.850	-9.003	1.0649E-01	0
38.848	-8.955	1.0987E-01	3
38.846	-8.908	1.0047E-01	0
38.844	-8.861	9.3733E-02	3
38.842	-8.815	8.7825E-02	0
38.840	-8.768	9.2027E-02	3
38.838	-8.722	9.8352E-02	0
38.836	-8.676	9.7769E-02	2
38.834	-8.630	9.8552E-02	0
38.832	-8.585	1.1761E-01	3
38.830	-8.540	1.0475E-01	0
38.828	-8.496	9.5173E-02	3
38.825	-8.451	9.6296E-02	0
38.823	-8.407	8.9736E-02	3
38.821	-8.363	8.6573E-02	0
38.819	-8.320	8.4910E-02	3
38.817	-8.277	9.3039E-02	0
38.843	-9.241	9.6948E-02	3
38.841	-9.196	1.2329E-01	3
38.839	-9.148	1.1996E-01	3
38.837	-9.099	1.4434E-01	3
38.835	-9.052	1.0871E-01	3
38.833	-9.004	1.0620E-01	3
38.831	-8.956	1.0897E-01	3
38.829	-8.909	1.1002E-01	3
38.827	-8.862	1.0165E-01	3
38.825	-8.815	8.5151E-02	0
38.823	-8.769	9.3585E-02	3
38.821	-8.723	9.5881E-02	1
38.819	-8.677	8.8003E-02	3
38.817	-8.632	8.7491E-02	2
38.815	-8.586	9.2778E-02	3
38.813	-8.542	9.5469E-02	3
38.811	-8.497	9.1825E-02	3
38.809	-8.452	9.5536E-02	3
38.807	-8.408	9.7145E-02	3
38.805	-8.364	8.4452E-02	3
38.803	-8.320	8.6394E-02	3
38.801	-8.277	8.7791E-02	3
38.825	-9.240	1.0139E-01	3
38.824	-9.194	1.0751E-01	0
38.822	-9.148	1.3417E-01	3
38.820	-9.099	1.4541E-01	0
38.818	-9.053	1.0479E-01	3
38.816	-9.005	1.0428E-01	0
38.814	-8.957	1.0998E-01	3
38.812	-8.910	1.0604E-01	0
38.810	-8.863	1.0054E-01	3
38.808	-8.816	8.5483E-02	0
38.806	-8.770	9.1322E-02	3
38.804	-8.724	9.4915E-02	0
38.803	-8.678	9.0447E-02	3
38.801	-8.633	9.2801E-02	0
38.799	-8.588	8.8539E-02	3
38.797	-8.543	8.6259E-02	2
38.795	-8.498	9.0315E-02	3
38.793	-8.454	9.5863E-02	0
38.791	-8.409	9.2777E-02	3
38.789	-8.365	8.5600E-02	0
38.787	-8.322	8.9718E-02	3
38.785	-8.279	8.7168E-02	0
38.808	-9.242	1.3309E-01	3
38.806	-9.195	1.5803E-01	3
38.805	-9.148	1.5304E-01	3
38.803	-9.101	1.3561E-01	3
38.801	-9.053	9.8077E-02	3
38.799	-9.006	9.7495E-02	3
38.797	-8.958	1.1092E-01	3
38.795	-8.911	1.0180E-01	3
38.793	-8.864	9.4382E-02	3
38.792	-8.817	8.6360E-02	3
38.790	-8.771	8.9534E-02	3
38.788	-8.725	9.9612E-02	3
38.786	-8.679	9.9029E-02	3
38.784	-8.634	9.7764E-02	3
38.782	-8.588	9.3504E-02	3
38.780	-8.543	8.3592E-02	3
38.778	-8.499	9.3912E-02	3
38.776	-8.455	9.0951E-02	3
38.774	-8.411	9.0249E-02	3
38.772	-8.367	9.2869E-02	3
38.770	-8.323	9.3923E-02	3
38.768	-8.280	8.3962E-02	3
38.791	-9.244	1.1760E-01	3
38.789	-9.197	1.5972E-01	0
38.788	-9.149	1.6706E-01	2
38.786	-9.102	1.4846E-01	0
38.784	-9.054	9.3485E-02	3
38.782	-9.006	9.6252E-02	0
38.780	-8.959	1.1057E-01	3
38.778	-8.912	9.7889E-02	0
38.777	-8.864	9.9765E-02	3
38.775	-8.818	9.4268E-02	0
38.773	-8.772	9.7166E-02	3
38.771	-8.725	9.7212E-02	2
38.769	-8.680	1.1286E-01	3
38.767	-8.634	1.0321E-01	1
38.765	-8.589	9.8400E-02	3
38.763	-8.544	9.0054E-02	0
38.762	-8.499	9.6284E-02	3
38.760	-8.455	8.5836E-02	0
38.758	-8.412	9.1122E-02	3
38.756	-8.368	9.3674E-02	0
38.754	-8.324	9.9828E-02	3
38.752	-8.281	8.5925E-02	0
38.774	-9.245	1.4470E-01	3
38.772	-9.198	1.5484E-01	3
38.770	-9.149	1.7032E-01	3
38.769	-9.102	1.5261E-01	3
38.767	-9.055	9.0600E-02	3
38.765	-9.007	9.6923E-02	3
38.763	-8.960	1.1342E-01	3
38.762	-8.913	1.0314E-01	3
38.760	-8.866	9.5111E-02	3
38.758	-8.819	9.5006E-02	3
38.756	-8.772	1.1305E-01	3
38.754	-8.726	9.6381E-02	3
38.752	-8.680	1.1223E-01	3
38.751	-8.635	1.0878E-01	3
38.749	-8.590	9.6003E-02	3
38.747	-8.546	9.8828E-02	3
38.745	-8.501	1.0621E-01	3
38.743	-8.456	9.2085E-02	3
38.741	-8.412	8.7641E-02	3
38.739	-8.368	9.0124E-02	3
38.738	-8.324	8.9073E-02	3
38.736	-8.281	8.3466E-02	3
38.757	-9.247	1.6901E-01	2
38.755	-9.199	1.7324E-01	0
38.753	-9.151	1.7133E-01	3
38.752	-9.103	1.4541E-01	0
38.750	-9.056	8.6828E-02	3
38.748	-9.008	1.0136E-01	0
38.746	-8.961	1.3370E-01	3
38.745	-8.914	1.0811E-01	0
38.743	-8.867	1.0513E-01	3
38.741	-8.820	1.0196E-01	0
38.739	-8.773	1.1386E-01	3
38.738	-8.727	9.4119E-02	0
38.736	-8.681	9.6334E-02	3
38.734	-8.636	1.2124E-01	0
38.732	-8.591	1.0750E-01	3
38.730	-8.546	9.6500E-02	0
38.729	-8.502	9.0951E-02	2
38.727	-8.458	8.9840E-02	0
38.725	-8.414	9.0350E-02	3
38.723	-8.369	9.1067E-02	0
38.721	-8.325	9.8444E-02	3
38.719	-8.282	8.9913E-02	0
38.739	-9.248	1.3186E-01	3
38.738	-9.199	1.3681E-01	3
38.736	-9.151	1.6980E-01	3
38.734	-9.104	1.3876E-01	3
38.733	-9.057	8.6204E-02	3
38.731	-9.009	1.0989E-01	3
38.729	-8.961	1.3416E-01	3
38.728	-8.914	1.2339E-01	3
38.726	-8.868	1.0519E-01	3
38.724	-8.821	9.8805E-02	3
38.723	-8.774	1.1740E-01	3
38.721	-8.728	1.2152E-01	3
38.719	-8.682	1.1480E-01	3
38.717	-8.637	1.0555E-01	3
38.716	-8.592	9.6865E-02	3
38.714	-8.547	8.8248E-02	3
38.712	-8.503	8.3996E-02	3
38.710	-8.458	8.9149E-02	3
38.709	-8.415	9.2925E-02	3
38.707	-8.371	8.6840E-02	3
38.705	-8.327	8.6809E-02	3
38.703	-8.283	8.5961E-02	3
38.806	-9.248	1.2905E-01	3
38.804	-9.200	1.6728E-01	0
38.802	-9.154	1.6071E-01	3
38.800	-9.106	1.4355E-01	0
38.798	-9.059	1.0088E-01	3
38.796	-9.012	9.5991E-02	0
38.793	-8.964	1.1058E-01	2
38.791	-8.917	1.0029E-01	0
38.789	-8.870	9.9573E-02	3
38.787	-8.823	8.8203E-02	0
38.785	-8.777	9.0149E-02	3
38.783	-8.731	1.0035E-01	0
38.781	-8.685	1.0734E-01	3
38.778	-8.640	9.5913E-02	0
38.776	-8.594	9.9637E-02	3
38.774	-8.549	8.8428E-02	0
38.772	-8.505	9.8408E-02	3
38.770	-8.461	8.9725E-02	0
38.768	-8.417	9.0781E-02	3
38.765	-8.373	9.0817E-02	1
38.763	-8.330	9.8547E-02	3
38.761	-8.286	8.6341E-02	0
38.789	-9.250	1.1314E-01	3
38.787	-9.203	1.5493E-01	3
38.785	-9.154	1.6589E-01	3
38.783	-9.107	1.5735E-01	3
38.781	-9.060	9.7176E-02	3
38.779	-9.012	9.5158E-02	3
38.776	-8.965	1.1064E-01	3
38.774	-8.918	1.0192E-01	3
38.772	-8.870	1.0093E-01	3
38.770	-8.824	9.5632E-02	3
38.768	-8.778	9.9692E-02	3
38.766	-8.732	9.6449E-02	2
38.764	-8.686	1.1387E-01	3
38.762	-8.640	1.1226E-01	3
38.760	-8.596	9.8944E-02	3
38.758	-8.550	9.1278E-02	3
38.755	-8.506	9.8600E-02	3
38.753	-8.461	8.8286E-02	3
38.751	-8.418	8.9885E-02	3
38.749	-8.374	9.1417E-02	3
38.747	-8.330	9.5679E-02	3
38.745	-8.287	8.5380E-02	3
38.769	-9.204	1.5786E-01	0
38.767	-9.155	1.7162E-01	3
38.766	-9.108	1.5870E-01	0
38.764	-9.061	9.3747E-02	3
38.762	-9.013	9.5627E-02	0
38.760	-8.966	1.1923E-01	3
38.757	-8.919	1.0628E-01	0
38.755	-8.872	9.5316E-02	3
38.753	-8.825	9.7190E-02	0
38.751	-8.778	1.2595E-01	3
38.749	-8.732	1.0033E-01	0
38.747	-8.686	1.0247E-01	3
38.745	-8.641	1.1354E-01	0
38.743	-8.596	9.7433E-02	3
38.741	-8.552	1.0135E-01	0
38.739	-8.507	1.0492E-01	3
38.737	-8.463	9.5148E-02	0
38.735	-8.419	9.0079E-02	3
38.733	-8.375	9.1814E-02	0
38.731	-8.331	9.4988E-02	3
38.728	-8.287	8.8224E-02	0
38.752	-9.204	1.7481E-01	3
38.750	-9.156	1.7324E-01	3
38.748	-9.109	1.5109E-01	2
38.747	-9.062	8.8060E-02	3
38.745	-9.014	1.0047E-01	2
38.743	-8.966	1.3165E-01	3
38.741	-8.919	1.1275E-01	2
38.739	-8.873	1.0991E-01	3
38.737	-8.826	1.0059E-01	3
38.735	-8.779	1.0437E-01	3
38.733	-8.733	9.5676E-02	3
38.731	-8.687	9.8638E-02	3
38.728	-8.642	1.2000E-01	3
38.726	-8.597	1.1064E-01	3
38.724	-8.552	9.4458E-02	1
38.722	-8.508	8.7683E-02	3
38.720	-8.464	8.8127E-02	3
38.718	-8.420	9.2994E-02	3
38.716	-8.376	9.0726E-02	3
38.714	-8.332	9.3209E-02	3
38.712	-8.288	8.9368E-02	3
38.735	-9.205	1.3072E-01	0
38.733	-9.157	1.6173E-01	3
38.731	-9.110	1.4758E-01	0
38.729	-9.063	8.6888E-02	3
38.728	-9.015	1.1255E-01	0
38.726	-8.967	1.3519E-01	3
38.724	-8.920	1.2899E-01	0
38.722	-8.873	1.0540E-01	3
38.720	-8.827	1.0229E-01	0
38.718	-8.780	1.2332E-01	3
38.716	-8.734	1.3773E-01	0
38.714	-8.688	1.1444E-01	3
38.712	-8.643	1.0159E-01	0
38.710	-8.598	1.0047E-01	3
38.708	-8.553	8.8181E-02	2
38.706	-8.509	8.5903E-02	3
38.704	-8.464	9.2947E-02	0
38.702	-8.421	9.5907E-02	3
38.700	-8.377	8.5752E-02	0
38.698	-8.333	8.6196E-02	3
38.696	-8.290	8.4670E-02	0
38.718	-9.206	1.3460E-01	3
38.716	-9.158	1.7429E-01	3
38.714	-9.111	1.2513E-01	3
38.712	-9.063	8.7288E-02	3
38.711	-9.016	1.2552E-01	3
38.709	-8.968	1.6440E-01	3
38.707	-8.921	1.3970E-01	3
38.705	-8.874	1.0900E-01	3
38.703	-8.828	9.9270E-02	3
38.701	-8.781	1.1710E-01	3
38.699	-8.735	1.3860E-01	3
38.697	-8.689	1.2792E-01	3
38.695	-8.644	1.2052E-01	3
38.693	-8.598	1.1851E-01	3
38.691	-8.554	9.4569E-02	3
38.689	-8.509	1.0277E-01	3
38.687	-8.465	1.1199E-01	3
38.686	-8.421	9.6032E-02	3
38.684	-8.378	8.8256E-02	3
38.682	-8.335	8.5982E-02	3
38.680	-8.291	8.1602E-02	3
38.701	-9.209	1.5805E-01	0
38.699	-9.161	1.1490E-01	3
38.697	-9.112	7.8763E-02	0
38.695	-9.064	8.7822E-02	3
38.694	-9.017	1.0590E-01	0
38.692	-8.969	1.2498E-01	3
38.690	-8.922	1.3599E-01	0
38.688	-8.875	9.8817E-02	3
38.686	-8.829	9.4415E-02	0
38.684	-8.782	1.3039E-01	3
38.682	-8.736	1.3811E-01	2
38.681	-8.690	1.2695E-01	3
38.679	-8.645	1.4359E-01	1
38.677	-8.599	1.2776E-01	3
38.675	-8.555	9.1427E-02	0
38.673	-8.510	1.0473E-01	3
38.671	-8.466	1.4075E-01	0
38.669	-8.422	1.2268E-01	3
38.667	-8.378	9.0489E-02	0
38.665	-8.335	8.4476E-02	3
38.663	-8.292	8.1796E-02	0
38.684	-9.210	7.9425E-02	3
38.682	-9.161	1.1427E-01	3
38.680	-9.113	7.8000E-02	3
38.678	-9.065	1.0039E-01	3
38.677	-9.018	1.2071E-01	3
38.675	-8.970	1.3848E-01	3
38.673	-8.923	1.3645E-01	3
38.671	-8.876	1.2924E-01	3
38.669	-8.830	9.4403E-02	3
38.668	-8.783	1.1639E-01	3
38.666	-8.737	1.3939E-01	3
38.664	-8.692	1.3177E-01	3
38.662	-8.646	1.1607E-01	3
38.660	-8.601	1.1535E-01	3
38.658	-8.556	9.2368E-02	3
38.656	-8.511	9.8800E-02	3
38.655	-8.467	1.0434E-01	3
38.653	-8.423	9.4988E-02	3
38.651	-8.379	9.6936E-02	3
38.649	-8.335	9.1328E-02	3
38.647	-8.292	8.8919E-02	3
38.666	-9.210	1.2791E-01	0
38.665	-9.162	1.4469E-01	3
38.663	-9.114	9.4668E-02	0
38.661	-9.066	1.6105E-01	3
38.660	-9.018	1.4132E-01	0
38.658	-8.971	1.3294E-01	3
38.656	-8.923	1.2313E-01	0
38.654	-8.877	1.0220E-01	3
38.653	-8.830	9.0026E-02	0
38.651	-8.784	1.0704E-01	3
38.649	-8.738	1.2424E-01	0
38.647	-8.692	1.5662E-01	3
38.645	-8.647	1.1334E-01	0
38.644	-8.602	8.9873E-02	3
38.642	-8.557	8.0515E-02	0
38.640	-8.513	9.0216E-02	3
38.638	-8.468	8.9027E-02	0
38.636	-8.424	9.0150E-02	3
38.634	-8.380	8.5029E-02	0
38.633	-8.336	8.2010E-02	3
38.631	-8.292	8.6735E-02	0
38.649	-9.211	1.4356E-01	3
38.648	-9.162	1.6169E-01	3
38.646	-9.115	1.2582E-01	3
38.644	-9.067	1.3657E-01	3
38.643	-9.019	1.4315E-01	3
38.641	-8.972	1.2855E-01	3
38.639	-8.924	1.3464E-01	3
38.637	-8.878	1.1925E-01	3
38.636	-8.831	9.6085E-02	3
38.634	-8.785	9.6936E-02	3
38.632	-8.739	1.2627E-01	3
38.630	-8.694	1.5470E-01	3
38.629	-8.648	9.7794E-02	3
38.627	-8.603	8.0467E-02	3
38.625	-8.558	8.4317E-02	3
38.623	-8.514	9.2177E-02	3
38.622	-8.470	8.5956E-02	3
38.620	-8.425	8.7214E-02	3
38.618	-8.381	8.6788E-02	3
38.616	-8.337	8.4920E-02	3
38.614	-8.293	8.4348E-02	3
38.613	-8.250	8.4247E-02	3
38.715	-9.215	1.4445E-01	0
38.713	-9.166	1.6786E-01	3
38.711	-9.119	1.3546E-01	0
38.709	-9.072	8.4620E-02	3
38.707	-9.024	1.1937E-01	1
38.705	-8.976	1.5955E-01	3
38.703	-8.929	1.4693E-01	0
38.701	-8.883	1.1207E-01	3
38.699	-8.836	9.5790E-02	0
38.696	-8.790	1.1690E-01	3
38.694	-8.744	1.3690E-01	0
38.692	-8.698	1.3555E-01	3
38.690	-8.652	1.3319E-01	0
38.688	-8.607	1.3409E-01	3
38.686	-8.562	1.0035E-01	0
38.683	-8.517	1.0611E-01	3
38.681	-8.473	1.3709E-01	0
38.679	-8.429	1.1555E-01	3
38.677	-8.386	8.9946E-02	0
38.675	-8.343	8.5845E-02	3
38.672	-8.299	8.0652E-02	0
38.670	-8.256	8.6937E-02	3
38.698	-9.217	1.4820E-01	3
38.696	-9.169	1.1196E-01	3
38.694	-9.121	7.7736E-02	3
38.692	-9.073	8.3721E-02	3
38.690	-9.025	1.0603E-01	3
38.688	-8.977	1.2423E-01	3
38.686	-8.930	1.4350E-01	3
38.684	-8.883	1.0653E-01	3
38.682	-8.837	9.2299E-02	3
38.680	-8.791	1.2125E-01	3
38.677	-8.745	1.4077E-01	3
38.675	-8.699	1.2089E-01	3
38.673	-8.653	1.3692E-01	3
38.671	-8.608	1.2448E-01	3
38.669	-8.563	9.5375E-02	3
38.667	-8.519	9.5206E-02	3
38.665	-8.474	1.2123E-01	3
38.663	-8.430	1.1309E-01	3
38.660	-8.386	9.7208E-02	3
38.658	-8.343	9.1001E-02	3
38.656	-8.300	8.5532E-02	3
38.654	-8.257	9.6843E-02	3
38.681	-9.218	8.0590E-02	0
38.679	-9.169	1.2330E-01	3
38.677	-9.121	8.4152E-02	1
38.675	-9.073	1.0442E-01	3
38.673	-9.026	1.2187E-01	2
38.671	-8.978	1.3589E-01	3
38.669	-8.931	1.3188E-01	1
38.667	-8.884	1.2801E-01	3
38.665	-8.838	9.7812E-02	0
38.663	-8.791	1.0903E-01	3
38.661	-8.746	1.3755E-01	0
38.659	-8.700	1.3566E-01	3
38.657	-8.654	1.1899E-01	0
38.655	-8.609	1.0935E-01	3
38.652	-8.564	9.5092E-02	0
38.650	-8.520	9.3423E-02	3
38.648	-8.475	9.9715E-02	0
38.646	-8.431	9.2065E-02	3
38.644	-8.387	9.2846E-02	0
38.642	-8.343	8.7921E-02	3
38.640	-8.300	8.7492E-02	0
38.638	-8.257	8.8887E-02	3
38.664	-9.218	1.2703E-01	3
38.662	-9.169	1.5077E-01	3
38.660	-9.122	1.0499E-01	3
38.658	-9.074	1.5613E-01	3
38.656	-9.026	1.5532E-01	3
38.654	-8.979	1.3772E-01	3
38.652	-8.932	1.2552E-01	3
38.650	-8.885	1.0971E-01	3
38.648	-8.839	8.8798E-02	3
38.646	-8.792	9.8788E-02	3
38.644	-8.746	1.2199E-01	3
38.642	-8.701	1.5935E-01	3
38.640	-8.655	1.1802E-01	3
38.638	-8.610	8.1965E-02	3
38.636	-8.565	8.0243E-02	3
38.634	-8.521	9.0216E-02	3
38.632	-8.477	8.8415E-02	3
38.630	-8.432	9.0150E-02	3
38.628	-8.388	8.6584E-02	3
38.626	-8.344	8.3028E-02	3
38.624	-8.301	8.6735E-02	3
38.621	-8.258	8.7246E-02	3
38.647	-9.219	1.4035E-01	0
38.645	-9.170	1.6067E-01	3
38.643	-9.123	1.2828E-01	0
38.641	-9.075	1.3035E-01	3
38.639	-9.027	1.3829E-01	0
38.637	-8.980	1.2582E-01	3
38.635	-8.932	1.3321E-01	0
38.633	-8.886	1.3064E-01	3
38.631	-8.839	1.1136E-01	0
38.629	-8.793	1.0000E-01	3
38.627	-8.747	1.2470E-01	0
38.625	-8.702	1.6348E-01	3
38.623	-8.656	1.0929E-01	0
38.621	-8.611	8.5357E-02	3
38.619	-8.566	8.7310E-02	0
38.617	-8.522	9.2857E-02	3
38.615	-8.478	8.7450E-02	0
38.613	-8.433	8.6672E-02	3
38.611	-8.389	8.5486E-02	0
38.609	-8.345	8.6007E-02	3
38.607	-8.301	8.4482E-02	1
38.605	-8.258	8.2957E-02	3
38.630	-9.220	1.3014E-01	3
38.628	-9.171	1.5723E-01	3
38.626	-9.123	1.5669E-01	3
38.624	-9.076	1.3164E-01	3
38.622	-9.028	1.2312E-01	3
38.620	-8.980	1.1946E-01	3
38.618	-8.933	1.2262E-01	3
38.616	-8.886	1.4174E-01	3
38.614	-8.840	1.5880E-01	3
38.613	-8.794	1.4723E-01	3
38.611	-8.748	1.3212E-01	3
38.609	-8.703	1.5550E-01	3
38.607	-8.658	1.1452E-01	3
38.605	-8.612	9.5489E-02	3
38.603	-8.567	8.5396E-02	3
38.601	-8.523	8.7541E-02	3
38.599	-8.479	8.8665E-02	3
38.597	-8.435	8.9991E-02	3
38.595	-8.390	8.6222E-02	3
38.593	-8.346	8.3619E-02	3
38.591	-8.302	8.6985E-02	3
38.589	-8.259	8.2473E-02	3
38.612	-9.221	9.6824E-02	1
38.611	-9.172	1.4997E-01	3
38.609	-9.124	1.3782E-01	0
38.607	-9.076	1.3483E-01	3
38.605	-9.028	1.1368E-01	0
38.603	-8.981	1.2948E-01	3
38.601	-8.934	1.3229E-01	0
38.599	-8.887	1.3961E-01	3
38.598	-8.841	1.6233E-01	0
38.596	-8.795	1.6056E-01	3
38.594	-8.749	1.1738E-01	0
38.592	-8.704	1.2075E-01	3
38.590	-8.659	1.1689E-01	0
38.588	-8.614	9.2357E-02	3
38.586	-8.569	9.6678E-02	0
38.584	-8.525	9.6236E-02	3
38.582	-8.480	8.8791E-02	0
38.581	-8.435	8.7671E-02	3
38.579	-8.391	8.8522E-02	0
38.577	-8.347	8.5241E-02	3
38.575	-8.304	8.4531E-02	0
38.573	-8.261	8.1446E-02	3
38.595	-9.222	7.1515E-02	3
38.593	-9.173	1.1967E-01	3
38.592	-9.125	1.0221E-01	3
38.590	-9.077	1.2641E-01	3
38.588	-9.029	1.2603E-01	3
38.586	-8.982	1.4686E-01	3
38.584	-8.934	1.2634E-01	3
38.583	-8.887	1.3271E-01	3
38.581	-8.842	1.3606E-01	3
38.579	-8.796	1.3758E-01	3
38.577	-8.751	1.0994E-01	3
38.575	-8.705	1.0037E-01	3
38.573	-8.659	9.0873E-02	3
38.572	-8.614	8.7855E-02	3
38.570	-8.569	8.2790E-02	3
38.568	-8.525	8.8538E-02	3
38.566	-8.481	8.1778E-02	3
38.564	-8.436	8.4603E-02	3
38.562	-8.392	8.6609E-02	3
38.560	-8.348	8.7811E-02	3
38.558	-8.305	8.3976E-02	3
38.557	-8.262	8.2115E-02	3
38.578	-9.223	6.2824E-02	2
38.576	-9.174	1.0059E-01	3
38.575	-9.125	1.1217E-01	0
38.573	-9.078	1.4135E-01	3
38.571	-9.030	1.4772E-01	0
38.569	-8.982	1.2815E-01	3
38.567	-8.934	1.2148E-01	0
38.566	-8.888	1.1919E-01	3
38.564	-8.843	1.1853E-01	0
38.562	-8.797	1.1420E-01	3
38.560	-8.752	1.0652E-01	0
38.559	-8.706	8.8035E-02	3
38.557	-8.660	8.3101E-02	0
38.555	-8.615	8.3627E-02	3
38.553	-8.570	8.0942E-02	0
38.551	-8.526	7.9485E-02	3
38.550	-8.482	8.4486E-02	0
38.548	-8.438	8.9483E-02	3
38.546	-8.393	9.1284E-02	0
38.544	-8.349	8.7731E-02	3
38.542	-8.306	8.8515E-02	0
38.540	-8.264	8.3799E-02	2
38.561	-9.224	5.6597E-02	3
38.559	-9.175	9.0192E-02	3
38.557	-9.126	1.0163E-01	3
38.556	-9.078	1.4652E-01	3
38.554	-9.031	1.4756E-01	3
38.552	-8.983	1.2574E-01	3
38.551	-8.934	9.0436E-02	3
38.549	-8.890	1.1522E-01	3
38.547	-8.844	1.3235E-01	3
38.545	-8.799	1.1391E-01	3
38.544	-8.753	9.7250E-02	3
38.542	-8.707	8.4074E-02	3
38.540	-8.661	8.2207E-02	3
38.538	-8.616	8.4840E-02	3
38.537	-8.571	8.1748E-02	3
38.535	-8.527	8.4574E-02	3
38.533	-8.484	8.8826E-02	3
38.531	-8.439	8.8589E-02	3
38.529	-8.395	9.1149E-02	3
38.528	-8.350	8.5140E-02	3
38.526	-8.308	8.5517E-02	3
38.524	-8.266	8.3789E-02	3
38.627	-9.227	1.1824E-01	0
38.625	-9.177	1.5443E-01	3
38.623	-9.129	1.5799E-01	0
38.621	-9.082	1.3881E-01	3
38.619	-9.034	1.1971E-01	1
38.616	-8.986	1.2307E-01	3
38.614	-8.939	1.2057E-01	0
38.612	-8.893	1.4304E-01	3
38.610	-8.846	1.6242E-01	0
38.608	-8.800	1.5984E-01	3
38.606	-8.754	1.3062E-01	0
38.603	-8.709	1.4405E-01	3
38.601	-8.664	1.2909E-01	0
38.599	-8.619	9.8482E-02	3
38.597	-8.574	8.9807E-02	0
38.595	-8.530	9.4807E-02	3
38.593	-8.485	9.0704E-02	0
38.590	-8.441	9.0058E-02	3
38.588	-8.396	8.8396E-02	0
38.586	-8.353	8.3746E-02	3
38.584	-8.309	8.4665E-02	0
38.581	-8.266	8.4645E-02	3
38.610	-9.228	8.3011E-02	3
38.608	-9.178	1.5113E-01	3
38.606	-9.130	1.3406E-01	3
38.604	-9.082	1.3797E-01	3
38.602	-9.035	1.1655E-01	3
38.599	-8.987	1.3261E-01	3
38.597	-8.940	1.3325E-01	3
38.595	-8.893	1.3483E-01	3
38.593	-8.847	1.5503E-01	3
38.591	-8.801	1.5573E-01	3
38.589	-8.755	1.1997E-01	3
38.587	-8.710	1.0964E-01	3
38.585	-8.665	1.0443E-01	3
38.583	-8.620	9.2754E-02	3
38.580	-8.575	9.3879E-02	3
38.578	-8.531	9.2077E-02	3
38.576	-8.486	8.6819E-02	3
38.574	-8.442	8.6380E-02	3
38.572	-8.397	8.9201E-02	3
38.570	-8.353	8.9915E-02	3
38.567	-8.310	8.6964E-02	3
38.565	-8.267	8.2125E-02	3
38.593	-9.228	6.5157E-02	0
38.591	-9.179	1.1304E-01	3
38.589	-9.131	1.0289E-01	0
38.587	-9.083	1.2641E-01	3
38.585	-9.036	1.2834E-01	2
38.582	-8.988	1.5471E-01	3
38.580	-8.940	1.3098E-01	1
38.578	-8.893	1.3550E-01	3
38.576	-8.848	1.3572E-01	0
38.574	-8.802	1.3806E-01	3
38.572	-8.757	1.1526E-01	0
38.570	-8.711	9.8396E-02	3
38.568	-8.665	8.9170E-02	0
38.566	-8.620	8.5191E-02	3
38.564	-8.575	8.1691E-02	0
38.562	-8.531	8.6830E-02	3
38.560	-8.487	8.3951E-02	0
38.558	-8.443	8.7795E-02	3
38.555	-8.398	8.8308E-02	0
38.553	-8.355	8.7323E-02	3
38.551	-8.311	8.5256E-02	0
38.549	-8.269	8.2860E-02	3
38.575	-9.229	5.9747E-02	3
38.573	-9.180	9.7515E-02	3
38.571	-9.131	1.0718E-01	3
38.569	-9.083	1.4613E-01	3
38.568	-9.036	1.5099E-01	3
38.565	-8.988	1.2337E-01	3
38.563	-8.940	1.1418E-01	3
38.561	-8.894	1.0889E-01	3
38.559	-8.849	1.1567E-01	3
38.557	-8.803	1.1079E-01	3
38.555	-8.758	1.0598E-01	3
38.553	-8.712	8.5106E-02	3
38.551	-8.666	8.2354E-02	3
38.549	-8.621	8.4773E-02	3
38.547	-8.576	8.2632E-02	3
38.545	-8.532	7.9418E-02	3
38.543	-8.488	8.4145E-02	3
38.541	-8.444	8.9075E-02	3
38.539	-8.400	9.3527E-02	3
38.537	-8.355	8.7790E-02	3
38.535	-8.313	8.8311E-02	3
38.533	-8.270	8.5293E-02	3
38.558	-9.230	5.4204E-02	0
38.556	-9.180	8.6162E-02	3
38.554	-9.132	9.5556E-02	0
38.552	-9.084	1.3389E-01	3
38.550	-9.037	1.4688E-01	0
38.548	-8.989	1.2574E-01	3
38.546	-8.940	8.9412E-02	0
38.545	-8.896	1.2142E-01	3
38.543	-8.850	1.3889E-01	0
38.541	-8.805	1.1759E-01	3
38.539	-8.759	9.8203E-02	0
38.537	-8.713	8.8227E-02	3
38.535	-8.667	8.1390E-02	0
38.533	-8.622	8.6122E-02	3
38.531	-8.578	8.2759E-02	0
38.529	-8.534	8.4778E-02	3
38.527	-8.490	9.0660E-02	0
38.525	-8.445	9.0492E-02	3
38.523	-8.401	8.8761E-02	0
38.521	-8.357	8.5334E-02	3
38.519	-8.314	8.7281E-02	1
38.517	-8.272	8.5215E-02	3
38.541	-9.231	5.2421E-02	3
38.539	-9.182	7.7952E-02	3
38.537	-9.133	9.2334E-02	3
38.535	-9.085	9.2572E-02	3
38.533	-9.037	1.2120E-01	3
38.532	-8.989	1.1891E-01	3
38.530	-8.941	9.2675E-02	3
38.528	-8.897	1.5849E-01	3
38.526	-8.851	1.4835E-01	3
38.524	-8.805	1.2268E-01	3
38.522	-8.760	9.9620E-02	3
38.520	-8.714	8.9103E-02	3
38.518	-8.668	8.1654E-02	3
38.516	-8.623	8.8221E-02	3
38.514	-8.579	8.5809E-02	3
38.512	-8.535	8.8302E-02	3
38.510	-8.491	8.8203E-02	3
38.508	-8.446	9.0277E-02	3
38.506	-8.402	8.9362E-02	3
38.504	-8.359	8.5868E-02	3
38.502	-8.315	8.8834E-02	3
38.500	-8.273	8.6832E-02	3
38.524	-9.232	5.1866E-02	1
38.522	-9.183	7.9240E-02	3
38.520	-9.134	9.1775E-02	0
38.518	-9.086	1.0826E-01	3
38.516	-9.038	1.1129E-01	0
38.515	-8.990	1.0518E-01	3
38.513	-8.944	8.0527E-02	0
38.511	-8.899	7.3545E-02	3
38.509	-8.852	1.0690E-01	0
38.507	-8.806	1.1851E-01	3
38.505	-8.761	1.0369E-01	0
38.503	-8.715	9.0453E-02	3
38.501	-8.669	8.6270E-02	0
38.500	-8.624	8.7326E-02	3
38.498	-8.580	8.7770E-02	0
38.496	-8.535	8.6390E-02	3
38.494	-8.492	8.7921E-02	0
38.492	-8.447	8.9314E-02	3
38.490	-8.403	8.7246E-02	0
38.488	-8.360	8.9794E-02	3
38.486	-8.317	9.3437E-02	0
38.484	-8.274	9.0010E-02	3
38.507	-9.233	5.1860E-02	3
38.505	-9.184	8.8861E-02	3
38.503	-9.135	9.5383E-02	3
38.501	-9.086	9.4733E-02	3
38.499	-9.038	9.4017E-02	3
38.498	-8.990	8.7095E-02	3
38.496	-8.944	1.0008E-01	3
38.494	-8.900	9.0574E-02	3
38.492	-8.853	8.0730E-02	3
38.490	-8.807	1.3144E-01	3
38.489	-8.762	1.0021E-01	3
38.487	-8.716	9.3096E-02	3
38.485	-8.670	8.7482E-02	3
38.483	-8.625	8.9084E-02	3
38.481	-8.581	9.0955E-02	3
38.479	-8.536	8.9709E-02	3
38.477	-8.492	8.8114E-02	3
38.475	-8.448	8.4890E-02	3
38.474	-8.405	8.5199E-02	3
38.472	-8.362	8.4431E-02	3
38.470	-8.318	8.8676E-02	3
38.468	-8.275	9.1152E-02	3
38.489	-9.234	5.1648E-02	2
38.488	-9.185	8.4274E-02	3
38.486	-9.135	1.0425E-01	1
38.484	-9.087	1.0407E-01	3
38.482	-9.038	9.1617E-02	0
38.481	-8.990	7.9651E-02	3
38.479	-8.947	8.0166E-02	0
38.477	-8.901	1.1571E-01	3
38.475	-8.854	7.9289E-02	0
38.474	-8.808	9.1721E-02	3
38.472	-8.763	8.8899E-02	0
38.470	-8.717	9.3221E-02	3
38.468	-8.671	8.7880E-02	0
38.466	-8.627	9.2337E-02	3
38.465	-8.582	9.2653E-02	0
38.463	-8.537	9.1328E-02	3
38.461	-8.493	8.4639E-02	0
38.459	-8.450	8.5832E-02	3
38.457	-8.407	8.9737E-02	0
38.455	-8.363	8.5981E-02	3
38.454	-8.319	8.9003E-02	0
38.452	-8.276	9.2022E-02	3
38.472	-9.235	5.2257E-02	3
38.471	-9.185	8.8362E-02	3
38.469	-9.135	1.1741E-01	3
38.467	-9.087	1.2303E-01	3
38.465	-9.038	8.7445E-02	3
38.464	-8.993	7.2548E-02	3
38.462	-8.948	5.6572E-02	3
38.460	-8.902	6.6363E-02	3
38.459	-8.855	9.7125E-02	3
38.457	-8.809	6.7132E-02	3
38.455	-8.764	7.9221E-02	3
38.453	-8.718	9.4025E-02	3
38.452	-8.672	8.5763E-02	3
38.450	-8.628	9.8444E-02	3
38.448	-8.583	8.4827E-02	3
38.446	-8.539	8.9891E-02	3
38.445	-8.495	8.5716E-02	3
38.443	-8.451	9.0913E-02	3
38.441	-8.408	9.0472E-02	3
38.439	-8.364	8.6175E-02	3
38.437	-8.321	8.7636E-02	3
38.435	-8.278	8.6723E-02	3
38.539	-9.239	5.2215E-02	2
38.536	-9.190	7.1940E-02	3
38.534	-9.142	9.4382E-02	0
38.532	-9.093	9.5304E-02	3
38.530	-9.045	1.1294E-01	0
38.528	-8.998	1.2116E-01	3
38.526	-8.951	9.3084E-02	0
38.524	-8.905	1.3811E-01	3
38.521	-8.859	1.5353E-01	0
38.519	-8.814	1.2793E-01	3
38.517	-8.768	1.0187E-01	0
38.515	-8.723	9.3051E-02	3
38.513	-8.677	8.3014E-02	0
38.511	-8.631	8.8968E-02	3
38.508	-8.587	8.8732E-02	0
38.506	-8.543	8.5845E-02	3
38.504	-8.499	8.9086E-02	0
38.502	-8.454	9.1228E-02	3
38.500	-8.411	8.9904E-02	0
38.497	-8.367	8.9056E-02	3
38.495	-8.324	9.2622E-02	0
38.493	-8.281	8.8801E-02	3
38.521	-9.240	5.1799E-02	3
38.519	-9.191	7.4528E-02	3
38.517	-9.143	9.0820E-02	3
38.515	-9.094	1.0744E-01	3
38.513	-9.046	1.0508E-01	3
38.511	-8.998	1.0626E-01	3
38.509	-8.952	8.2028E-02	3
38.507	-8.907	6.8092E-02	3
38.505	-8.861	8.8848E-02	3
38.502	-8.814	1.2934E-01	3
38.500	-8.769	1.1003E-01	3
38.498	-8.723	9.1268E-02	3
38.496	-8.678	8.8038E-02	3
38.494	-8.632	8.6510E-02	3
38.492	-8.588	8.9129E-02	3
38.490	-8.543	8.8418E-02	3
38.488	-8.499	8.9687E-02	3
38.485	-8.455	8.7752E-02	3
38.483	-8.412	8.6296E-02	3
38.481	-8.369	8.7010E-02	3
38.479	-8.325	8.8065E-02	3
38.477	-8.282	9.2452E-02	3
38.504	-9.241	5.1587E-02	0
38.502	-9.192	8.1076E-02	3
38.500	-9.143	1.0064E-01	0
38.498	-9.094	9.3984E-02	3
38.496	-9.046	9.3812E-02	0
38.494	-8.998	8.6128E-02	3
38.492	-8.951	1.0096E-01	0
38.490	-8.908	1.0761E-01	3
38.488	-8.862	7.9027E-02	0
38.486	-8.815	1.2068E-01	3
38.484	-8.770	1.0722E-01	0
38.482	-8.724	9.5136E-02	3
38.479	-8.679	9.0000E-02	0
38.477	-8.634	8.9422E-02	3
38.475	-8.589	9.4420E-02	0
38.473	-8.544	8.9153E-02	3
38.471	-8.500	8.7095E-02	0
38.469	-8.456	8.3261E-02	3
38.467	-8.414	8.6286E-02	0
38.465	-8.370	8.5372E-02	3
38.463	-8.326	8.9139E-02	0
38.460	-8.283	9.1085E-02	3
38.487	-9.242	5.1718E-02	3
38.485	-9.193	7.7788E-02	3
38.483	-9.143	1.0746E-01	3
38.481	-9.094	1.1301E-01	3
38.479	-9.047	9.5029E-02	3
38.477	-8.998	7.9709E-02	3
38.475	-8.955	6.9463E-02	3
38.473	-8.909	1.0038E-01	3
38.471	-8.862	8.5420E-02	3
38.469	-8.816	7.3064E-02	3
38.467	-8.771	8.1409E-02	3
38.465	-8.725	9.4582E-02	3
38.463	-8.680	8.5295E-02	3
38.461	-8.635	9.3084E-02	3
38.459	-8.590	9.1691E-02	3
38.457	-8.545	9.2541E-02	3
38.455	-8.502	8.6268E-02	3
38.453	-8.458	8.8818E-02	3
38.451	-8.415	9.1977E-02	3
38.448	-8.371	9.0517E-02	3
38.446	-8.328	8.8654E-02	3
38.444	-8.284	9.1141E-02	3
38.470	-9.242	5.1780E-02	0
38.468	-9.193	7.9278E-02	3
38.466	-9.143	1.1195E-01	0
38.464	-9.094	1.2528E-01	3
38.462	-9.047	8.9754E-02	0
38.460	-9.001	7.4049E-02	3
38.458	-8.956	5.6232E-02	0
38.456	-8.910	5.8527E-02	3
38.454	-8.863	9.7534E-02	0
38.452	-8.817	8.0681E-02	3
38.450	-8.772	7.7248E-02	0
38.448	-8.726	9.4909E-02	3
38.446	-8.681	8.7326E-02	0
38.444	-8.636	1.0096E-01	3
38.442	-8.591	8.6514E-02	0
38.440	-8.547	8.8045E-02	3
38.438	-8.503	8.7210E-02	0
38.436	-8.459	9.1795E-02	3
38.434	-8.416	9.0472E-02	0
38.432	-8.373	8.3384E-02	3
38.430	-8.330	8.6821E-02	0
38.428	-8.287	8.5027E-02	3
38.453	-9.243	5.2661E-02	3
38.451	-9.193	7.9134E-02	3
38.449	-9.143	1.0784E-01	3
38.447	-9.095	1.2233E-01	3
38.445	-9.048	9.6709E-02	3
38.443	-9.004	5.4951E-02	3
38.441	-8.957	5.2273E-02	3
38.439	-8.911	5.1777E-02	3
38.437	-8.864	6.8782E-02	3
38.435	-8.818	1.0960E-01	3
38.433	-8.773	1.0494E-01	3
38.432	-8.727	9.0952E-02	3
38.430	-8.682	9.5884E-02	3
38.428	-8.637	1.0244E-01	3
38.426	-8.592	9.1669E-02	3
38.424	-8.548	9.4841E-02	3
38.422	-8.504	8.9982E-02	3
38.420	-8.460	8.6624E-02	3
38.418	-8.417	9.7926E-02	3
38.416	-8.373	8.2356E-02	3
38.414	-8.331	8.7084E-02	3
38.412	-8.287	9.2000E-02	3
38.435	-9.244	5.4772E-02	0
38.433	-9.194	8.8408E-02	3
38.432	-9.145	8.6464E-02	0
38.430	-9.099	6.1124E-02	3
38.428	-9.052	5.1828E-02	0
38.426	-9.005	4.9148E-02	3
38.424	-8.958	4.8858E-02	0
38.422	-8.911	4.9045E-02	3
38.421	-8.865	5.2976E-02	0
38.419	-8.819	1.0088E-01	3
38.417	-8.774	1.1554E-01	0
38.415	-8.728	1.2250E-01	3
38.413	-8.683	1.1607E-01	0
38.411	-8.638	1.0671E-01	3
38.409	-8.594	1.1272E-01	0
38.407	-8.550	1.0522E-01	3
38.405	-8.505	9.7373E-02	0
38.403	-8.462	1.0304E-01	3
38.401	-8.418	1.0314E-01	0
38.399	-8.374	8.5602E-02	3
38.398	-8.332	8.9785E-02	0
38.396	-8.289	9.3955E-02	3
38.418	-9.245	5.6951E-02	3
38.416	-9.195	7.6247E-02	3
38.415	-9.148	5.1313E-02	3
38.413	-9.101	4.8976E-02	3
38.411	-9.053	4.8616E-02	3
38.409	-9.006	4.8531E-02	3
38.407	-8.959	4.8443E-02	3
38.406	-8.912	4.8834E-02	3
38.404	-8.866	4.9497E-02	3
38.402	-8.820	8.4123E-02	3
38.400	-8.774	1.3015E-01	3
38.398	-8.729	1.6398E-01	3
38.396	-8.684	1.5147E-01	3
38.394	-8.639	1.1513E-01	3
38.393	-8.594	1.0598E-01	3
38.391	-8.550	1.0840E-01	3
38.389	-8.506	1.1047E-01	3
38.387	-8.463	1.1613E-01	3
38.385	-8.419	9.5527E-02	3
38.383	-8.375	9.4951E-02	3
38.381	-8.332	9.0181E-02	3
38.379	-8.290	8.9131E-02	3
38.401	-9.246	5.0594E-02	0
38.399	-9.197	4.9688E-02	3
38.398	-9.149	4.8646E-02	0
38.396	-9.101	4.8081E-02	2
38.394	-9.054	4.8268E-02	0
38.392	-9.007	4.8250E-02	2
38.390	-8.960	4.8233E-02	0
38.389	-8.913	4.8489E-02	3
38.387	-8.867	4.8948E-02	0
38.385	-8.821	7.2953E-02	3
38.383	-8.775	1.2381E-01	0
38.382	-8.730	1.4138E-01	3
38.380	-8.684	1.4221E-01	0
38.378	-8.640	1.1994E-01	3
38.376	-8.595	1.1208E-01	0
38.374	-8.551	1.1851E-01	3
38.372	-8.508	1.3218E-01	0
38.371	-8.464	1.0451E-01	3
38.369	-8.419	9.3685E-02	0
38.367	-8.376	9.9414E-02	3
38.365	-8.333	9.0714E-02	0
38.363	-8.291	9.4409E-02	3
38.384	-9.247	5.0110E-02	3
38.382	-9.198	4.9477E-02	3
38.380	-9.150	4.8435E-02	3
38.379	-9.102	4.8008E-02	3
38.377	-9.055	4.8058E-02	3
38.375	-9.008	4.8040E-02	3
38.374	-8.961	4.8092E-02	3
38.372	-8.914	4.8483E-02	3
38.370	-8.868	4.9009E-02	3
38.368	-8.822	6.3145E-02	3
38.367	-8.776	1.1713E-01	3
38.365	-8.731	1.3218E-01	3
38.363	-8.685	1.5184E-01	3
38.361	-8.640	1.1721E-01	3
38.360	-8.596	1.1322E-01	3
38.358	-8.552	1.0430E-01	3
38.356	-8.509	1.0698E-01	3
38.354	-8.464	9.6421E-02	3
38.352	-8.420	9.5504E-02	3
38.350	-8.377	9.0248E-02	3
38.450	-9.249	5.2593E-02	2
38.448	-9.200	7.7564E-02	3
38.445	-9.149	1.0865E-01	0
38.443	-9.102	1.1529E-01	3
38.441	-9.055	9.3971E-02	0
38.439	-9.010	5.4330E-02	3
38.437	-8.963	5.1585E-02	0
38.435	-8.917	5.1292E-02	3
38.433	-8.870	5.8491E-02	0
38.430	-8.824	1.0700E-01	3
38.428	-8.779	1.0929E-01	0
38.426	-8.734	9.8233E-02	3
38.424	-8.689	9.9285E-02	0
38.422	-8.644	1.0700E-01	3
38.420	-8.599	1.0383E-01	0
38.417	-8.555	9.9448E-02	3
38.415	-8.510	9.4183E-02	0
38.413	-8.467	9.2519E-02	3
38.411	-8.424	1.0722E-01	0
38.409	-8.380	8.6427E-02	3
38.406	-8.337	8.7818E-02	0
38.404	-8.294	9.6261E-02	3
38.402	-8.251	9.3255E-02	0
38.430	-9.200	8.5473E-02	3
38.428	-9.152	7.7251E-02	3
38.426	-9.106	5.6690E-02	3
38.424	-9.058	4.9844E-02	3
38.422	-9.011	4.9142E-02	3
38.420	-8.964	4.8990E-02	3
38.418	-8.918	4.9176E-02	3
38.416	-8.871	5.0248E-02	3
38.414	-8.825	8.9022E-02	3
38.412	-8.780	1.2132E-01	3
38.409	-8.734	1.3291E-01	3
38.407	-8.689	1.3286E-01	3
38.405	-8.645	1.1242E-01	3
38.403	-8.600	1.1055E-01	3
38.401	-8.556	1.0765E-01	3
38.399	-8.511	1.0836E-01	3
38.397	-8.468	1.1030E-01	3
38.394	-8.425	1.0619E-01	3
38.392	-8.380	9.0010E-02	3
38.390	-8.338	9.2081E-02	3
38.388	-8.295	9.2385E-02	3
38.386	-8.252	9.4124E-02	3
38.413	-9.202	7.1674E-02	3
38.411	-9.154	5.1585E-02	0
38.409	-9.107	4.8976E-02	3
38.407	-9.059	4.8882E-02	0
38.405	-9.012	4.8729E-02	3
38.403	-8.965	4.8916E-02	0
38.401	-8.918	4.9033E-02	3
38.399	-8.872	4.9561E-02	0
38.397	-8.826	7.3642E-02	3
38.395	-8.781	1.2695E-01	0
38.393	-8.735	1.7044E-01	3
38.391	-8.690	1.6908E-01	0
38.389	-8.645	1.1329E-01	3
38.386	-8.601	1.0877E-01	0
38.384	-8.556	1.1273E-01	3
38.382	-8.512	1.1799E-01	0
38.380	-8.469	1.1572E-01	3
38.378	-8.425	9.3833E-02	0
38.376	-8.381	9.8544E-02	3
38.374	-8.338	9.0511E-02	0
38.372	-8.296	9.0545E-02	3
38.369	-8.253	9.7502E-02	0
38.396	-9.203	4.9893E-02	3
38.394	-9.155	4.8988E-02	3
38.392	-9.107	4.8356E-02	3
38.390	-9.060	4.8604E-02	3
38.388	-9.013	4.8519E-02	3
38.386	-8.966	4.8569E-02	3
38.384	-8.919	4.8755E-02	3
38.382	-8.873	4.9076E-02	3
38.380	-8.827	6.4854E-02	3
38.378	-8.781	1.2265E-01	3
38.376	-8.736	1.3002E-01	3
38.374	-8.690	1.4364E-01	3
38.372	-8.646	1.2734E-01	3
38.370	-8.601	1.1330E-01	3
38.368	-8.557	1.1489E-01	3
38.366	-8.514	1.2551E-01	3
38.364	-8.470	1.0105E-01	3
38.362	-8.425	9.6805E-02	3
38.360	-8.382	9.7448E-02	3
38.357	-8.340	9.0837E-02	3
38.355	-8.298	9.3662E-02	3
38.353	-8.254	9.5255E-02	3
38.379	-9.204	4.9887E-02	3
38.377	-9.156	4.8912E-02	0
38.375	-9.108	4.8280E-02	3
38.373	-9.061	4.8467E-02	0
38.371	-9.014	4.8513E-02	3
38.369	-8.967	4.8495E-02	0
38.367	-8.920	4.8817E-02	3
38.365	-8.874	4.9345E-02	0
38.363	-8.828	5.7293E-02	3
38.361	-8.782	1.1162E-01	0
38.359	-8.737	1.3313E-01	3
38.357	-8.691	1.4219E-01	0
38.355	-8.646	1.1605E-01	3
38.353	-8.602	1.1370E-01	0
38.351	-8.558	1.0728E-01	3
38.362	-9.205	4.9471E-02	3
38.360	-9.157	4.8362E-02	3
38.358	-9.109	4.8069E-02	3
38.356	-9.062	4.8189E-02	3
38.354	-9.015	4.8233E-02	3
38.352	-8.968	4.8489E-02	3
38.350	-8.921	4.8743E-02	3
38.359	-9.213	4.9881E-02	3
38.357	-9.165	4.8701E-02	0
38.355	-9.117	4.8479E-02	3
38.353	-9.070	4.8388E-02	0
38.351	-9.023	4.8370E-02	3
