39.349	-8.515	1.3675E-01	0
39.347	-8.479	1.2247E-01	2
39.345	-8.442	8.4700E-02	0
39.343	-8.406	9.4378E-02	2
39.341	-8.372	9.5683E-02	0
39.340	-8.337	1.1902E-01	2
39.338	-8.302	1.4998E-01	0
39.336	-8.267	1.3767E-01	2
39.349	-8.807	1.0699E-01	0
39.347	-8.769	1.2263E-01	3
39.345	-8.732	1.2184E-01	0
39.343	-8.696	1.3140E-01	3
39.341	-8.660	1.3592E-01	0
39.340	-8.624	1.3930E-01	3
39.338	-8.588	1.4065E-01	0
39.336	-8.552	1.5097E-01	3
39.334	-8.517	1.3138E-01	0
39.332	-8.481	1.6168E-01	3
39.330	-8.444	1.1645E-01	0
39.328	-8.408	1.0351E-01	3
39.327	-8.374	1.1211E-01	0
39.325	-8.339	1.4062E-01	3
39.323	-8.304	1.3473E-01	0
39.321	-8.269	1.1764E-01	3
39.348	-8.487	1.2575E-01	2
39.346	-8.450	9.1253E-02	0
39.344	-8.414	9.0913E-02	2
39.342	-8.379	9.6439E-02	0
39.340	-8.344	1.0643E-01	2
39.338	-8.310	1.5527E-01	0
39.336	-8.275	1.3950E-01	2
39.350	-8.777	1.1531E-01	3
39.348	-8.739	1.2071E-01	0
39.346	-8.703	1.3242E-01	3
39.344	-8.667	1.3377E-01	0
39.342	-8.631	1.3854E-01	3
39.340	-8.595	1.3460E-01	0
39.338	-8.560	1.5469E-01	3
39.336	-8.524	1.3094E-01	0
39.333	-8.488	1.5739E-01	3
39.331	-8.452	1.2754E-01	0
39.329	-8.416	9.6330E-02	3
39.327	-8.381	1.1444E-01	0
39.325	-8.346	1.2922E-01	3
39.323	-8.311	1.4883E-01	0
39.321	-8.276	1.1337E-01	3
39.349	-9.041	1.0683E-01	0
39.347	-9.002	1.1913E-01	2
39.345	-8.965	1.1607E-01	0
39.343	-8.927	1.1516E-01	2
39.341	-8.889	1.0546E-01	0
39.339	-8.853	1.3259E-01	2
39.337	-8.816	1.1868E-01	0
39.335	-8.777	1.3304E-01	2
39.333	-8.740	1.2159E-01	0
39.331	-8.704	1.3721E-01	2
39.329	-8.668	1.4065E-01	0
39.327	-8.632	1.4150E-01	2
39.325	-8.597	1.3471E-01	0
39.323	-8.561	1.4124E-01	2
39.321	-8.525	1.4740E-01	0
39.319	-8.489	1.4181E-01	2
39.316	-8.454	1.1418E-01	0
39.314	-8.418	1.2165E-01	2
39.312	-8.383	1.0411E-01	0
39.310	-8.347	1.1800E-01	2
39.308	-8.312	1.0961E-01	0
39.306	-8.277	1.2053E-01	2
39.343	-9.238	1.8813E-01	3
39.341	-9.200	1.7904E-01	0
39.339	-9.159	1.8431E-01	3
39.337	-9.120	1.3623E-01	0
39.335	-9.081	1.1090E-01	3
39.333	-9.042	1.1713E-01	0
39.331	-9.004	1.0205E-01	3
39.329	-8.966	9.5827E-02	0
39.327	-8.929	1.3803E-01	3
39.325	-8.891	1.2687E-01	0
39.323	-8.854	1.1630E-01	3
39.321	-8.817	1.1431E-01	0
39.319	-8.779	1.3296E-01	3
39.317	-8.742	1.2562E-01	0
39.315	-8.706	1.2262E-01	2
39.313	-8.670	1.4537E-01	0
39.312	-8.634	1.3354E-01	3
39.310	-8.598	1.2746E-01	0
39.308	-8.562	1.4583E-01	3
39.306	-8.526	1.4398E-01	0
39.303	-8.490	1.0474E-01	3
39.301	-8.454	1.1108E-01	0
39.299	-8.419	1.0324E-01	3
39.297	-8.383	1.1576E-01	0
39.295	-8.348	1.3424E-01	3
39.293	-8.313	1.1810E-01	0
39.291	-8.278	1.2991E-01	3
39.327	-9.239	2.3480E-01	3
39.326	-9.201	2.1397E-01	0
39.324	-9.160	1.8347E-01	2
39.322	-9.120	1.7456E-01	0
39.320	-9.082	1.3790E-01	2
39.318	-9.044	1.2534E-01	0
39.316	-9.005	1.2461E-01	2
39.314	-8.967	1.2472E-01	0
39.312	-8.930	1.4459E-01	2
39.310	-8.892	1.4734E-01	0
39.308	-8.855	1.3865E-01	2
39.306	-8.817	1.3760E-01	0
39.304	-8.780	1.3618E-01	2
39.302	-8.743	1.3861E-01	0
39.300	-8.707	1.2842E-01	2
39.298	-8.671	1.3388E-01	0
39.296	-8.635	1.4262E-01	2
39.294	-8.599	1.3558E-01	0
39.293	-8.563	1.3410E-01	2
39.291	-8.527	1.2934E-01	0
39.288	-8.490	1.0323E-01	2
39.286	-8.454	9.2803E-02	0
39.285	-8.419	9.3480E-02	2
39.283	-8.384	1.3621E-01	0
39.281	-8.349	9.5767E-02	2
39.279	-8.314	1.0676E-01	0
39.277	-8.280	1.1939E-01	2
39.312	-9.239	2.6061E-01	3
39.310	-9.201	2.3718E-01	0
39.308	-9.161	2.1201E-01	3
39.306	-9.121	2.4979E-01	0
39.304	-9.083	1.7040E-01	3
39.302	-9.045	1.3336E-01	0
39.300	-9.006	1.2291E-01	3
39.298	-8.968	1.1206E-01	0
39.297	-8.931	1.3087E-01	3
39.295	-8.894	1.5693E-01	0
39.293	-8.856	1.2171E-01	3
39.291	-8.818	1.2863E-01	0
39.289	-8.782	1.3516E-01	2
39.287	-8.745	1.3545E-01	0
39.285	-8.709	1.3245E-01	2
39.283	-8.672	1.3299E-01	0
39.281	-8.636	1.2848E-01	2
39.279	-8.601	1.3621E-01	0
39.277	-8.564	1.4304E-01	3
39.276	-8.528	1.1452E-01	0
39.274	-8.492	9.9751E-02	3
39.272	-8.456	1.1157E-01	0
39.270	-8.420	1.3466E-01	2
39.268	-8.385	1.1644E-01	0
39.266	-8.351	1.1899E-01	2
39.264	-8.316	1.4157E-01	0
39.262	-8.281	1.4090E-01	2
39.296	-9.240	2.8889E-01	3
39.294	-9.201	2.8978E-01	0
39.292	-9.163	1.8364E-01	3
39.291	-9.124	1.7897E-01	0
39.289	-9.084	1.8341E-01	3
39.287	-9.046	1.5315E-01	0
39.285	-9.007	1.4015E-01	3
39.283	-8.969	1.4176E-01	0
39.281	-8.932	1.0894E-01	3
39.279	-8.895	1.0632E-01	0
39.277	-8.858	1.2208E-01	2
39.276	-8.820	1.3992E-01	0
39.274	-8.783	1.3426E-01	2
39.272	-8.747	1.3272E-01	0
39.270	-8.710	1.2739E-01	2
39.268	-8.674	1.2737E-01	0
39.266	-8.638	1.3263E-01	3
39.264	-8.602	1.5858E-01	0
39.262	-8.565	1.5803E-01	3
39.260	-8.529	1.2114E-01	0
39.259	-8.493	1.1171E-01	2
39.257	-8.457	1.2121E-01	0
39.255	-8.422	1.1236E-01	2
39.253	-8.387	1.2373E-01	0
39.251	-8.352	1.2905E-01	2
39.249	-8.317	1.2311E-01	0
39.247	-8.283	1.3555E-01	2
39.280	-9.241	3.0212E-01	3
39.279	-9.203	2.8887E-01	0
39.277	-9.165	2.7544E-01	2
39.275	-9.125	2.2022E-01	0
39.273	-9.086	2.0707E-01	3
39.271	-9.047	1.8494E-01	0
39.269	-9.009	1.2364E-01	3
39.268	-8.971	1.3398E-01	0
39.266	-8.934	1.0223E-01	3
39.264	-8.896	1.2085E-01	0
39.262	-8.859	1.1128E-01	2
39.260	-8.821	1.2482E-01	0
39.258	-8.785	1.1040E-01	2
39.257	-8.748	1.2634E-01	0
39.255	-8.711	1.4329E-01	2
39.253	-8.675	1.3026E-01	0
39.251	-8.639	1.2197E-01	2
39.249	-8.603	1.4621E-01	0
39.247	-8.567	1.5545E-01	2
39.245	-8.530	1.2238E-01	0
39.244	-8.494	1.0712E-01	2
39.242	-8.458	9.9401E-02	0
39.240	-8.423	1.4341E-01	2
39.238	-8.388	1.0842E-01	0
39.236	-8.354	1.0570E-01	2
39.234	-8.319	1.2385E-01	0
39.232	-8.284	1.0300E-01	2
39.231	-8.250	1.0500E-01	0
39.333	-9.245	2.1308E-01	2
39.330	-9.207	2.1156E-01	0
39.328	-9.166	1.8467E-01	2
39.326	-9.126	1.6104E-01	0
39.324	-9.088	1.4062E-01	2
39.322	-9.050	1.2326E-01	0
39.320	-9.011	1.1950E-01	2
39.317	-8.973	1.2035E-01	0
39.315	-8.936	1.5546E-01	3
39.313	-8.898	1.4462E-01	0
39.311	-8.861	1.3574E-01	2
39.309	-8.824	1.3685E-01	0
39.307	-8.786	1.3536E-01	2
39.304	-8.749	1.3899E-01	0
39.302	-8.713	1.3107E-01	2
39.300	-8.677	1.3684E-01	0
39.298	-8.641	1.4602E-01	2
39.296	-8.605	1.3640E-01	0
39.294	-8.570	1.3524E-01	2
39.292	-8.534	1.3369E-01	0
39.289	-8.497	1.0789E-01	2
39.287	-8.461	9.4188E-02	0
39.285	-8.425	8.9322E-02	2
39.283	-8.390	1.3508E-01	0
39.281	-8.356	1.0131E-01	2
39.278	-8.321	1.0493E-01	0
39.276	-8.286	1.1977E-01	2
39.274	-8.252	1.2975E-01	0
39.317	-9.245	2.6739E-01	3
39.315	-9.207	2.2948E-01	0
39.313	-9.167	2.0043E-01	3
39.310	-9.127	2.3081E-01	0
39.308	-9.089	1.6041E-01	3
39.306	-9.051	1.3944E-01	0
39.304	-9.012	1.2916E-01	3
39.302	-8.974	1.1339E-01	0
39.300	-8.937	1.2948E-01	2
39.298	-8.900	1.5592E-01	0
39.296	-8.862	1.3238E-01	2
39.293	-8.824	1.3160E-01	0
39.291	-8.788	1.3636E-01	2
39.289	-8.751	1.3589E-01	0
39.287	-8.715	1.3523E-01	2
39.285	-8.678	1.3110E-01	0
39.283	-8.642	1.2905E-01	2
39.281	-8.607	1.3438E-01	0
39.279	-8.571	1.4475E-01	2
39.277	-8.535	1.1919E-01	0
39.274	-8.498	1.0385E-01	2
39.272	-8.462	1.0703E-01	0
39.270	-8.427	1.3082E-01	2
39.268	-8.391	1.2488E-01	0
39.266	-8.357	1.1452E-01	2
39.264	-8.322	1.4043E-01	0
39.262	-8.288	1.4367E-01	2
39.259	-8.253	1.2105E-01	0
39.301	-9.246	2.6827E-01	2
39.299	-9.207	2.8877E-01	0
39.297	-9.169	1.9478E-01	2
39.295	-9.129	2.2554E-01	0
39.293	-9.090	1.8742E-01	2
39.291	-9.051	1.3905E-01	0
39.289	-9.012	1.3863E-01	2
39.287	-8.975	1.3033E-01	0
39.285	-8.938	1.2088E-01	2
39.282	-8.901	1.1270E-01	0
39.280	-8.864	1.2095E-01	2
39.278	-8.826	1.3102E-01	0
39.276	-8.789	1.3832E-01	2
39.274	-8.752	1.3159E-01	0
39.272	-8.716	1.2619E-01	2
39.270	-8.680	1.2718E-01	0
39.268	-8.644	1.3421E-01	2
39.266	-8.608	1.5549E-01	0
39.264	-8.572	1.6371E-01	2
39.262	-8.535	1.2756E-01	0
39.259	-8.499	1.1033E-01	2
39.257	-8.463	1.2266E-01	0
39.255	-8.428	1.1456E-01	2
39.253	-8.393	1.2046E-01	0
39.251	-8.359	1.3377E-01	2
39.249	-8.324	1.2110E-01	0
39.247	-8.289	1.3517E-01	2
39.245	-8.255	1.4488E-01	0
39.285	-9.247	3.2174E-01	3
39.283	-9.208	3.0596E-01	0
39.281	-9.170	2.4393E-01	2
39.279	-9.131	2.0118E-01	0
39.277	-9.092	2.0909E-01	3
39.275	-9.053	1.9310E-01	0
39.273	-9.015	1.3611E-01	3
39.271	-8.976	1.4087E-01	0
39.269	-8.939	1.0216E-01	3
39.267	-8.902	1.2122E-01	0
39.265	-8.865	1.1064E-01	2
39.263	-8.827	1.3220E-01	0
39.261	-8.791	1.1937E-01	2
39.259	-8.754	1.2804E-01	0
39.257	-8.717	1.4758E-01	2
39.255	-8.681	1.3473E-01	0
39.253	-8.645	1.2210E-01	2
39.251	-8.609	1.4375E-01	0
39.249	-8.573	1.5778E-01	2
39.246	-8.536	1.2806E-01	0
39.244	-8.500	1.0800E-01	2
39.242	-8.465	1.0123E-01	0
39.240	-8.429	1.3767E-01	2
39.238	-8.394	1.1591E-01	0
39.236	-8.360	1.0570E-01	2
39.234	-8.325	1.2165E-01	0
39.232	-8.290	1.0426E-01	2
39.230	-8.256	1.0361E-01	0
39.270	-9.248	2.3043E-01	2
39.268	-9.209	3.1093E-01	0
39.266	-9.171	3.1752E-01	2
39.264	-9.132	2.6024E-01	0
39.262	-9.093	1.6822E-01	2
39.260	-9.054	1.5162E-01	0
39.258	-9.015	1.4368E-01	2
39.256	-8.978	1.1438E-01	0
39.254	-8.940	9.0667E-02	2
39.252	-8.903	9.7083E-02	0
39.250	-8.865	1.1764E-01	2
39.248	-8.828	1.2027E-01	0
39.246	-8.792	1.0528E-01	2
39.244	-8.755	1.0211E-01	0
39.242	-8.718	1.2239E-01	2
39.240	-8.682	1.3291E-01	0
39.238	-8.646	1.2183E-01	2
39.236	-8.610	1.3625E-01	0
39.234	-8.574	1.3861E-01	2
39.232	-8.538	1.2483E-01	0
39.229	-8.502	1.0093E-01	2
39.227	-8.466	1.1627E-01	0
39.225	-8.431	1.3055E-01	2
39.223	-8.396	1.1296E-01	0
39.221	-8.361	1.2249E-01	2
39.219	-8.326	1.4122E-01	0
39.217	-8.292	1.1250E-01	2
39.215	-8.257	1.1285E-01	0
39.254	-9.250	2.5968E-01	2
39.252	-9.210	2.9966E-01	0
39.250	-9.172	3.7297E-01	2
39.248	-9.133	2.7755E-01	0
39.246	-9.094	1.6670E-01	3
39.244	-9.055	1.7993E-01	0
39.242	-9.016	1.4727E-01	2
39.240	-8.979	1.4143E-01	0
39.238	-8.942	1.0949E-01	3
39.236	-8.904	9.8274E-02	0
39.234	-8.866	1.1929E-01	3
39.232	-8.830	1.0682E-01	0
39.230	-8.793	1.0402E-01	2
39.228	-8.756	1.0658E-01	0
39.227	-8.720	1.1923E-01	2
39.224	-8.683	1.3050E-01	0
39.223	-8.648	1.4055E-01	2
39.221	-8.611	1.5326E-01	0
39.219	-8.575	1.4250E-01	2
39.216	-8.539	1.1576E-01	0
39.214	-8.503	1.1560E-01	2
39.212	-8.468	1.2119E-01	0
39.210	-8.432	1.2266E-01	2
39.208	-8.397	1.0671E-01	0
39.206	-8.362	9.8500E-02	2
39.204	-8.328	1.0113E-01	0
39.202	-8.293	1.1363E-01	2
39.200	-8.258	1.0391E-01	0
39.237	-9.212	2.8894E-01	0
39.235	-9.173	3.1935E-01	2
39.233	-9.134	3.1885E-01	0
39.231	-9.095	2.0273E-01	2
39.229	-9.056	1.6000E-01	0
39.227	-9.017	1.1623E-01	2
39.225	-8.980	1.1980E-01	0
39.223	-8.943	1.0196E-01	2
39.221	-8.906	1.0447E-01	0
39.219	-8.868	1.0696E-01	2
39.217	-8.831	1.1028E-01	0
39.215	-8.794	1.1486E-01	2
39.213	-8.757	1.0600E-01	0
39.211	-8.721	1.1929E-01	2
39.209	-8.685	1.2638E-01	0
39.207	-8.649	1.4950E-01	2
39.205	-8.612	1.6383E-01	0
39.203	-8.576	1.5126E-01	2
39.201	-8.540	1.3729E-01	0
39.199	-8.504	1.2209E-01	2
39.198	-8.469	1.2168E-01	0
39.196	-8.434	1.3947E-01	2
39.194	-8.399	1.1338E-01	0
39.192	-8.364	1.1216E-01	2
39.190	-8.329	1.1075E-01	0
39.188	-8.294	1.0512E-01	2
39.186	-8.260	9.5483E-02	0
39.221	-9.213	2.9512E-01	0
39.219	-9.174	3.3384E-01	2
39.217	-9.135	3.1592E-01	0
39.215	-9.096	2.0809E-01	2
39.213	-9.056	1.4039E-01	0
39.211	-9.017	9.5431E-02	2
39.209	-8.981	1.2851E-01	0
39.208	-8.944	1.6608E-01	3
39.206	-8.907	1.3470E-01	0
39.204	-8.869	1.1396E-01	3
39.202	-8.832	1.0864E-01	0
39.200	-8.795	1.0047E-01	2
39.198	-8.758	1.2404E-01	0
39.196	-8.722	1.3486E-01	2
39.194	-8.686	1.2683E-01	0
39.192	-8.650	1.5075E-01	2
39.190	-8.613	1.7151E-01	0
39.188	-8.577	1.6152E-01	2
39.186	-8.541	1.4239E-01	0
39.185	-8.506	1.2491E-01	2
39.183	-8.471	1.2029E-01	0
39.181	-8.435	1.1906E-01	2
39.179	-8.400	1.0935E-01	0
39.177	-8.365	1.0611E-01	2
39.175	-8.330	1.0080E-01	0
39.173	-8.296	9.3793E-02	2
39.171	-8.261	1.1201E-01	0
39.205	-9.214	2.0615E-01	0
39.203	-9.175	2.4702E-01	2
39.202	-9.136	3.6566E-01	0
39.200	-9.097	2.9509E-01	2
39.198	-9.055	1.9355E-01	0
39.196	-9.017	8.5689E-02	2
39.194	-8.982	1.0166E-01	0
39.192	-8.945	1.3656E-01	2
39.190	-8.908	1.1493E-01	0
39.188	-8.870	1.0714E-01	2
39.187	-8.832	1.0269E-01	0
39.185	-8.796	1.2552E-01	2
39.183	-8.759	1.3015E-01	0
39.181	-8.724	1.2942E-01	2
39.179	-8.687	1.2574E-01	0
39.177	-8.651	1.4267E-01	2
39.175	-8.615	1.5002E-01	0
39.173	-8.578	1.6743E-01	2
39.171	-8.542	1.3092E-01	0
39.170	-8.507	1.4487E-01	2
39.168	-8.471	1.0145E-01	0
39.166	-8.436	1.0728E-01	2
39.164	-8.401	1.2054E-01	0
39.162	-8.366	1.1076E-01	2
39.160	-8.331	9.8529E-02	0
39.158	-8.297	1.0033E-01	2
39.156	-8.262	1.0823E-01	0
39.190	-9.215	3.1806E-01	0
39.188	-9.176	1.7742E-01	2
39.186	-9.137	2.1470E-01	0
39.184	-9.096	3.1339E-01	2
39.182	-9.053	1.5074E-01	0
39.180	-9.020	8.7198E-02	2
39.179	-8.984	1.0020E-01	0
39.177	-8.946	1.0244E-01	2
39.175	-8.908	1.0022E-01	0
39.173	-8.871	1.2424E-01	2
39.171	-8.834	1.3253E-01	0
39.169	-8.798	1.4362E-01	2
39.168	-8.761	1.5922E-01	0
39.166	-8.725	1.5043E-01	2
39.164	-8.689	1.4307E-01	0
39.162	-8.652	1.5490E-01	2
39.160	-8.616	1.5038E-01	0
39.158	-8.579	1.1847E-01	2
39.156	-8.544	1.4892E-01	0
39.155	-8.508	1.4128E-01	3
39.153	-8.472	1.1851E-01	0
39.151	-8.437	1.0212E-01	2
39.149	-8.402	1.2204E-01	0
39.147	-8.367	1.1164E-01	2
39.145	-8.333	9.5813E-02	0
39.143	-8.298	1.0253E-01	2
39.141	-8.264	1.1213E-01	0
39.242	-9.219	2.7325E-01	0
39.240	-9.180	3.1483E-01	2
39.238	-9.141	3.4093E-01	0
39.235	-9.102	2.1632E-01	2
39.233	-9.064	1.9258E-01	0
39.231	-9.024	1.4784E-01	2
39.229	-8.987	1.2271E-01	0
39.227	-8.950	1.0790E-01	2
39.225	-8.913	9.9349E-02	0
39.222	-8.875	1.1334E-01	2
39.220	-8.838	1.0265E-01	0
39.218	-8.801	1.1234E-01	2
39.216	-8.764	1.0644E-01	0
39.214	-8.728	1.1670E-01	2
39.212	-8.692	1.2985E-01	0
39.209	-8.656	1.4427E-01	2
39.207	-8.620	1.6541E-01	0
39.205	-8.584	1.5309E-01	2
39.203	-8.547	1.4215E-01	0
39.201	-8.511	1.2423E-01	2
39.199	-8.476	1.2300E-01	0
39.196	-8.441	1.3582E-01	2
39.194	-8.406	1.1489E-01	0
39.192	-8.371	1.1631E-01	2
39.190	-8.337	1.0994E-01	0
39.188	-8.302	1.0695E-01	2
39.185	-8.267	9.6615E-02	0
39.226	-9.220	2.6300E-01	0
39.224	-9.181	3.3467E-01	2
39.222	-9.142	3.4526E-01	0
39.220	-9.104	2.3359E-01	2
39.218	-9.064	1.5033E-01	0
39.215	-9.024	1.0137E-01	2
39.213	-8.988	1.2264E-01	0
39.211	-8.951	1.4826E-01	2
39.209	-8.914	1.2631E-01	0
39.207	-8.876	1.0873E-01	2
39.205	-8.839	1.1066E-01	0
39.203	-8.802	1.0886E-01	2
39.201	-8.765	1.1502E-01	0
39.199	-8.729	1.2445E-01	2
39.196	-8.693	1.3156E-01	0
39.194	-8.657	1.4028E-01	2
39.192	-8.621	1.7386E-01	0
39.190	-8.585	1.6001E-01	2
39.188	-8.548	1.5298E-01	0
39.186	-8.513	1.2598E-01	2
39.184	-8.478	1.1960E-01	0
39.181	-8.443	1.2473E-01	2
39.179	-8.408	1.1218E-01	0
39.177	-8.373	1.0762E-01	2
39.175	-8.338	1.0313E-01	0
39.173	-8.303	9.3415E-02	2
39.171	-8.268	1.0843E-01	0
39.211	-9.222	2.4760E-01	0
39.208	-9.182	2.6277E-01	2
39.206	-9.143	3.5487E-01	0
39.204	-9.105	2.9344E-01	2
39.202	-9.064	1.8217E-01	0
39.200	-9.024	9.1694E-02	2
39.198	-8.989	1.0033E-01	0
39.196	-8.952	1.4591E-01	2
39.194	-8.915	1.3830E-01	0
39.192	-8.877	1.1162E-01	2
39.190	-8.840	1.0067E-01	0
39.188	-8.803	1.1668E-01	2
39.185	-8.767	1.3343E-01	0
39.183	-8.730	1.2811E-01	2
39.181	-8.695	1.3073E-01	0
39.179	-8.658	1.4073E-01	2
39.177	-8.622	1.5216E-01	0
39.175	-8.585	1.5835E-01	2
39.173	-8.549	1.3344E-01	0
39.171	-8.514	1.4638E-01	2
39.169	-8.479	1.0825E-01	0
39.167	-8.443	1.0552E-01	2
39.164	-8.408	1.1488E-01	0
39.162	-8.373	1.1674E-01	2
39.160	-8.339	9.9408E-02	0
39.158	-8.304	9.9013E-02	2
39.156	-8.270	1.0836E-01	0
39.195	-9.222	2.8788E-01	0
39.193	-9.183	1.9433E-01	3
39.191	-9.144	2.1565E-01	0
39.189	-9.105	3.2832E-01	3
39.186	-9.062	2.1243E-01	0
39.184	-9.025	8.9546E-02	2
39.183	-8.990	9.9566E-02	0
39.181	-8.953	1.0813E-01	2
39.178	-8.916	9.9457E-02	0
39.176	-8.878	1.1812E-01	2
39.174	-8.841	1.3154E-01	0
39.172	-8.804	1.3724E-01	2
39.170	-8.768	1.5720E-01	0
39.168	-8.732	1.4803E-01	2
39.166	-8.696	1.3853E-01	0
39.164	-8.659	1.5017E-01	2
39.162	-8.623	1.5076E-01	0
39.160	-8.586	1.2407E-01	2
39.158	-8.551	1.3513E-01	0
39.156	-8.516	1.4600E-01	2
39.154	-8.480	1.2342E-01	0
39.152	-8.444	1.0438E-01	3
39.150	-8.409	1.1814E-01	0
39.147	-8.375	1.1717E-01	3
39.145	-8.340	9.9464E-02	0
39.143	-8.305	9.9635E-02	3
39.141	-8.271	1.1295E-01	0
39.179	-9.224	2.6959E-01	0
39.177	-9.184	2.6591E-01	2
39.175	-9.145	2.0444E-01	0
39.173	-9.104	2.4427E-01	2
39.171	-9.062	1.2924E-01	0
39.169	-9.028	1.2524E-01	2
39.167	-8.992	1.0025E-01	0
39.165	-8.955	1.0150E-01	2
39.163	-8.917	1.2868E-01	0
39.161	-8.879	1.2809E-01	2
39.159	-8.843	1.2667E-01	0
39.157	-8.806	1.3338E-01	2
39.155	-8.769	1.4421E-01	0
39.153	-8.733	1.4701E-01	2
39.151	-8.697	1.4950E-01	0
39.149	-8.661	1.7159E-01	2
39.147	-8.624	1.5876E-01	0
39.145	-8.587	9.8040E-02	2
39.143	-8.552	1.3828E-01	0
39.141	-8.517	1.2678E-01	2
39.139	-8.481	9.8231E-02	0
39.137	-8.446	1.0777E-01	2
39.135	-8.411	1.2267E-01	0
39.133	-8.376	1.0716E-01	2
39.131	-8.341	1.0160E-01	0
39.129	-8.307	1.0830E-01	2
39.127	-8.272	1.1759E-01	0
39.164	-9.225	2.2914E-01	0
39.162	-9.185	2.9865E-01	2
39.160	-9.146	2.2800E-01	0
39.158	-9.105	1.6708E-01	3
39.156	-9.068	1.3727E-01	0
39.154	-9.031	1.2112E-01	3
39.152	-8.993	1.0878E-01	0
39.150	-8.956	1.1456E-01	3
39.148	-8.919	1.4516E-01	0
39.146	-8.881	1.3357E-01	3
39.144	-8.844	1.2016E-01	0
39.142	-8.807	1.1414E-01	2
39.140	-8.771	1.1379E-01	0
39.138	-8.735	1.5029E-01	2
39.136	-8.698	1.5510E-01	0
39.134	-8.662	1.6957E-01	2
39.132	-8.625	1.5100E-01	0
39.130	-8.589	1.1284E-01	2
39.128	-8.554	1.3392E-01	0
39.126	-8.518	1.5372E-01	2
39.124	-8.483	1.1094E-01	0
39.122	-8.447	1.1249E-01	3
39.120	-8.412	1.1133E-01	0
39.118	-8.377	1.0269E-01	3
39.116	-8.342	1.1418E-01	0
39.114	-8.308	1.0598E-01	3
39.112	-8.274	9.9283E-02	0
39.148	-9.226	2.5866E-01	0
39.146	-9.187	2.5191E-01	2
39.144	-9.146	2.7599E-01	0
39.142	-9.107	1.7370E-01	2
39.140	-9.070	1.4421E-01	0
39.138	-9.032	1.2794E-01	2
39.136	-8.995	1.1786E-01	0
39.134	-8.957	1.2718E-01	2
39.132	-8.920	1.4509E-01	0
39.131	-8.882	1.3198E-01	2
39.129	-8.845	1.3360E-01	0
39.127	-8.809	1.1261E-01	2
39.125	-8.772	1.1613E-01	0
39.123	-8.736	1.3577E-01	2
39.121	-8.699	1.5754E-01	0
39.119	-8.663	1.4800E-01	2
39.117	-8.627	1.4903E-01	0
39.115	-8.591	1.2569E-01	2
39.113	-8.555	1.3252E-01	0
39.111	-8.519	1.5296E-01	2
39.109	-8.484	1.1679E-01	0
39.107	-8.448	1.1406E-01	2
39.105	-8.413	1.1812E-01	0
39.103	-8.378	1.0954E-01	2
39.101	-8.344	1.1687E-01	0
39.099	-8.310	1.1943E-01	2
39.097	-8.275	1.1758E-01	0
39.132	-9.227	2.3450E-01	0
39.130	-9.188	3.0792E-01	2
39.128	-9.146	2.0453E-01	0
39.127	-9.109	1.6042E-01	3
39.125	-9.071	1.3005E-01	0
39.123	-9.033	1.0961E-01	2
39.121	-8.996	1.1280E-01	0
39.119	-8.959	1.1455E-01	2
39.117	-8.921	1.2639E-01	0
39.115	-8.883	1.1961E-01	2
39.113	-8.846	1.1194E-01	0
39.111	-8.810	1.2251E-01	2
39.109	-8.774	1.3851E-01	0
39.108	-8.737	1.3330E-01	2
39.106	-8.701	1.3617E-01	0
39.104	-8.664	1.1868E-01	2
39.102	-8.628	1.2111E-01	0
39.100	-8.592	1.1642E-01	3
39.098	-8.556	1.1936E-01	0
39.096	-8.520	1.3110E-01	2
39.094	-8.485	1.2069E-01	0
39.092	-8.449	1.2525E-01	3
39.090	-8.414	1.1176E-01	0
39.088	-8.379	1.0185E-01	3
39.086	-8.345	9.8564E-02	0
39.084	-8.311	9.7217E-02	3
39.082	-8.276	1.0317E-01	0
39.117	-9.228	2.4485E-01	0
39.115	-9.187	1.9919E-01	2
39.113	-9.147	2.1500E-01	0
39.111	-9.111	1.5770E-01	3
39.109	-9.073	1.4413E-01	0
39.107	-9.034	1.1156E-01	3
39.106	-8.997	1.0169E-01	0
39.104	-8.960	1.1372E-01	3
39.102	-8.922	9.7527E-02	0
39.100	-8.885	1.1543E-01	3
39.098	-8.848	1.0663E-01	0
39.096	-8.811	1.3014E-01	2
39.094	-8.775	1.4606E-01	0
39.092	-8.738	1.1482E-01	2
39.090	-8.702	1.4051E-01	0
39.089	-8.665	1.3286E-01	2
39.087	-8.629	1.3522E-01	0
39.085	-8.593	1.4318E-01	2
39.083	-8.557	1.3446E-01	0
39.081	-8.522	1.1245E-01	3
39.079	-8.486	1.1054E-01	0
39.077	-8.451	1.2329E-01	2
39.075	-8.416	1.1760E-01	0
39.073	-8.381	9.6757E-02	2
39.071	-8.347	1.1088E-01	0
39.069	-8.312	1.3709E-01	2
39.068	-8.278	1.1435E-01	0
39.101	-9.229	2.9340E-01	0
39.099	-9.188	2.8276E-01	2
39.097	-9.149	1.8946E-01	0
39.096	-9.112	1.4593E-01	2
39.094	-9.074	1.5922E-01	0
39.092	-9.035	1.4592E-01	2
39.090	-8.998	1.4367E-01	0
39.088	-8.962	1.1410E-01	2
39.086	-8.923	1.0441E-01	0
39.085	-8.886	1.3606E-01	2
39.083	-8.849	1.3805E-01	0
39.081	-8.813	1.5713E-01	3
39.079	-8.776	1.3881E-01	0
39.077	-8.739	1.3089E-01	2
39.075	-8.703	1.8639E-01	0
39.073	-8.666	1.5465E-01	2
39.072	-8.630	1.4636E-01	0
39.070	-8.594	1.4123E-01	3
39.068	-8.559	1.1751E-01	0
39.066	-8.523	1.2435E-01	3
39.064	-8.488	1.1500E-01	0
39.062	-8.452	1.1473E-01	3
39.060	-8.417	1.0948E-01	0
39.058	-8.382	1.3003E-01	2
39.057	-8.348	1.1384E-01	0
39.055	-8.313	1.1148E-01	3
39.053	-8.279	1.0618E-01	0
39.153	-9.232	2.4932E-01	0
39.151	-9.192	2.6728E-01	2
39.149	-9.153	3.0293E-01	0
39.146	-9.113	1.8161E-01	2
39.144	-9.076	1.5313E-01	0
39.142	-9.038	1.3887E-01	2
39.140	-9.000	1.2027E-01	0
39.138	-8.963	1.2125E-01	2
39.136	-8.926	1.4944E-01	0
39.133	-8.888	1.3640E-01	2
39.131	-8.851	1.3505E-01	0
39.129	-8.814	1.1772E-01	2
39.127	-8.778	1.0849E-01	0
39.125	-8.742	1.4094E-01	2
39.123	-8.705	1.5597E-01	0
39.120	-8.669	1.5670E-01	2
39.118	-8.633	1.4947E-01	0
39.116	-8.597	1.2884E-01	2
39.114	-8.561	1.3133E-01	0
39.112	-8.525	1.5813E-01	2
39.110	-8.490	1.2233E-01	0
39.107	-8.454	1.1229E-01	2
39.105	-8.419	1.1938E-01	0
39.103	-8.384	1.1382E-01	2
39.101	-8.350	1.1215E-01	0
39.099	-8.316	1.2263E-01	2
39.097	-8.281	1.1878E-01	0
39.137	-9.233	2.4184E-01	0
39.135	-9.194	2.6087E-01	2
39.133	-9.152	1.9277E-01	0
39.131	-9.114	1.5624E-01	2
39.129	-9.077	1.3245E-01	0
39.127	-9.039	1.0904E-01	3
39.125	-9.001	1.1660E-01	0
39.122	-8.965	1.1367E-01	2
39.120	-8.927	1.2916E-01	0
39.118	-8.889	1.2346E-01	3
39.116	-8.852	1.1617E-01	0
39.114	-8.816	1.2364E-01	3
39.112	-8.779	1.2974E-01	0
39.110	-8.743	1.4011E-01	3
39.108	-8.707	1.3617E-01	0
39.105	-8.670	1.2240E-01	3
39.103	-8.634	1.2294E-01	0
39.101	-8.598	1.2354E-01	3
39.099	-8.562	1.1589E-01	0
39.097	-8.526	1.3349E-01	3
39.095	-8.491	1.2163E-01	0
39.092	-8.455	1.2569E-01	3
39.090	-8.420	1.1579E-01	0
39.088	-8.385	1.0280E-01	2
39.086	-8.351	1.0051E-01	0
39.084	-8.317	9.5645E-02	3
39.082	-8.283	1.0361E-01	0
39.122	-9.234	2.5054E-01	0
39.120	-9.194	2.3454E-01	2
39.117	-9.153	2.4686E-01	0
39.115	-9.116	1.8658E-01	2
39.113	-9.078	1.4982E-01	0
39.111	-9.040	1.1668E-01	2
39.109	-9.002	9.7264E-02	0
39.107	-8.966	1.1757E-01	2
39.105	-8.928	1.0309E-01	0
39.103	-8.890	1.1278E-01	2
39.101	-8.854	1.0758E-01	0
39.099	-8.817	1.2364E-01	2
39.097	-8.781	1.5029E-01	0
39.095	-8.744	1.1949E-01	2
39.092	-8.708	1.3811E-01	0
39.090	-8.671	1.3021E-01	2
39.088	-8.635	1.3591E-01	0
39.086	-8.599	1.3833E-01	2
39.084	-8.563	1.4089E-01	0
39.082	-8.527	1.1421E-01	2
39.080	-8.492	1.1161E-01	0
39.078	-8.457	1.2185E-01	2
39.075	-8.422	1.2389E-01	0
39.073	-8.387	9.8267E-02	2
39.071	-8.353	1.0906E-01	0
39.069	-8.318	1.3388E-01	2
39.067	-8.284	1.1762E-01	0
39.106	-9.235	2.8397E-01	0
39.104	-9.194	2.8531E-01	2
39.102	-9.154	1.9705E-01	0
39.100	-9.117	1.3999E-01	2
39.098	-9.080	1.5430E-01	0
39.096	-9.041	1.4194E-01	2
39.094	-9.003	1.4298E-01	0
39.092	-8.967	1.1347E-01	3
39.090	-8.929	1.0712E-01	0
39.088	-8.892	1.3126E-01	2
39.086	-8.855	1.3641E-01	0
39.083	-8.819	1.4880E-01	2
39.081	-8.782	1.5041E-01	0
39.079	-8.745	1.2030E-01	2
39.077	-8.709	1.8040E-01	0
39.075	-8.672	1.6152E-01	2
39.073	-8.636	1.4938E-01	0
39.071	-8.600	1.4646E-01	3
39.069	-8.565	1.1845E-01	0
39.067	-8.529	1.2718E-01	3
39.065	-8.494	1.1588E-01	0
39.063	-8.458	1.1548E-01	3
39.061	-8.423	1.1212E-01	0
39.058	-8.388	1.2562E-01	2
39.056	-8.354	1.2057E-01	0
39.054	-8.319	1.1274E-01	3
39.052	-8.285	1.0687E-01	0
39.050	-8.252	1.1370E-01	3
39.090	-9.236	2.7158E-01	0
39.088	-9.196	2.1529E-01	2
39.086	-9.157	1.9229E-01	0
39.084	-9.118	2.4079E-01	2
39.082	-9.080	1.4443E-01	0
39.080	-9.042	1.3201E-01	2
39.078	-9.004	1.4776E-01	0
39.076	-8.968	1.2412E-01	2
39.074	-8.931	1.0490E-01	0
39.072	-8.893	1.2773E-01	2
39.070	-8.857	1.6422E-01	0
39.068	-8.820	1.6369E-01	2
39.066	-8.783	1.3154E-01	0
39.064	-8.746	1.4733E-01	2
39.062	-8.710	1.7107E-01	0
39.060	-8.673	1.6365E-01	2
39.058	-8.637	1.3879E-01	0
39.056	-8.601	1.0777E-01	2
39.054	-8.566	1.1531E-01	0
39.052	-8.530	1.1981E-01	2
39.050	-8.495	1.1349E-01	0
39.048	-8.459	1.0811E-01	2
39.046	-8.424	9.9408E-02	0
39.044	-8.390	1.0448E-01	2
39.042	-8.355	1.0528E-01	0
39.040	-8.321	1.2562E-01	2
39.038	-8.287	1.2390E-01	0
39.036	-8.253	1.3632E-01	2
39.075	-9.237	3.1740E-01	0
39.073	-9.198	2.6528E-01	2
39.071	-9.158	2.2434E-01	0
39.069	-9.119	2.1309E-01	2
39.067	-9.081	1.6097E-01	0
39.065	-9.043	1.3623E-01	2
39.063	-9.006	1.3356E-01	0
39.061	-8.970	1.5637E-01	2
39.059	-8.932	1.0755E-01	0
39.057	-8.895	1.4261E-01	2
39.055	-8.858	1.4679E-01	0
39.053	-8.821	1.6291E-01	3
39.051	-8.784	1.6968E-01	0
39.049	-8.748	1.5679E-01	3
39.047	-8.711	1.7030E-01	0
39.045	-8.675	1.4096E-01	3
39.043	-8.638	1.5056E-01	0
39.041	-8.602	1.1481E-01	3
39.039	-8.566	1.1530E-01	0
39.037	-8.531	1.2093E-01	3
39.035	-8.496	1.2380E-01	0
39.033	-8.460	1.1780E-01	3
39.031	-8.426	9.7954E-02	0
39.029	-8.391	1.0970E-01	3
39.027	-8.357	1.0615E-01	0
39.025	-8.322	1.2587E-01	3
39.023	-8.289	1.4752E-01	0
39.021	-8.255	1.3562E-01	3
39.059	-9.237	3.1750E-01	0
39.057	-9.199	2.4455E-01	2
39.055	-9.160	1.7855E-01	0
39.053	-9.120	1.7592E-01	2
39.051	-9.081	1.7321E-01	0
39.049	-9.043	1.5733E-01	2
39.047	-9.007	1.3992E-01	0
39.046	-8.971	1.6471E-01	2
39.044	-8.933	1.4831E-01	0
39.042	-8.896	1.3256E-01	2
39.040	-8.859	1.2793E-01	0
39.038	-8.822	1.2172E-01	2
39.036	-8.785	1.6621E-01	0
39.034	-8.749	1.5419E-01	2
39.032	-8.712	1.5232E-01	0
39.030	-8.676	1.3144E-01	2
39.028	-8.639	1.3209E-01	0
39.026	-8.603	1.3390E-01	2
39.024	-8.568	1.5489E-01	0
39.022	-8.532	1.3144E-01	2
39.020	-8.497	1.2291E-01	0
39.018	-8.462	1.1238E-01	2
39.016	-8.427	1.2160E-01	0
39.014	-8.393	1.2730E-01	2
39.012	-8.359	1.3344E-01	0
39.010	-8.325	1.2881E-01	2
39.008	-8.290	1.3954E-01	0
39.006	-8.256	1.1757E-01	2
39.043	-9.238	2.8904E-01	0
39.042	-9.199	2.9130E-01	2
39.040	-9.160	2.8174E-01	0
39.038	-9.120	1.7950E-01	2
39.036	-9.082	1.4087E-01	0
39.034	-9.045	1.3174E-01	2
39.032	-9.008	1.3353E-01	0
39.030	-8.972	1.6961E-01	2
39.028	-8.935	1.4155E-01	0
39.026	-8.897	1.1717E-01	2
39.024	-8.860	1.0641E-01	0
39.023	-8.823	1.2367E-01	3
39.021	-8.787	1.6853E-01	0
39.019	-8.750	1.8317E-01	3
39.017	-8.714	1.4551E-01	0
39.015	-8.677	1.3319E-01	3
39.013	-8.641	1.2567E-01	0
39.011	-8.605	1.3206E-01	3
39.009	-8.569	1.1510E-01	0
39.007	-8.534	1.1418E-01	3
39.005	-8.498	1.1662E-01	0
39.003	-8.464	1.3835E-01	3
39.001	-8.429	1.3883E-01	0
38.999	-8.395	1.6483E-01	3
38.997	-8.360	1.7348E-01	0
38.995	-8.326	1.4164E-01	3
38.993	-8.292	1.7227E-01	0
38.991	-8.258	1.5376E-01	3
39.028	-9.240	2.2237E-01	0
39.026	-9.199	1.9387E-01	2
39.024	-9.160	2.0570E-01	0
39.022	-9.121	1.7899E-01	2
39.020	-9.083	1.4976E-01	0
39.018	-9.046	1.4435E-01	2
39.017	-9.009	1.3574E-01	0
39.015	-8.973	1.4296E-01	2
39.013	-8.936	1.3928E-01	0
39.011	-8.899	1.4119E-01	2
39.009	-8.862	1.3642E-01	0
39.007	-8.825	1.3356E-01	2
39.005	-8.788	1.8459E-01	0
39.003	-8.751	1.8172E-01	2
39.002	-8.715	1.4512E-01	0
39.000	-8.678	1.3218E-01	2
38.998	-8.642	1.4524E-01	0
38.996	-8.606	1.4678E-01	2
38.994	-8.571	1.2056E-01	0
38.992	-8.535	1.4018E-01	2
38.990	-8.500	1.4285E-01	0
38.988	-8.466	1.5723E-01	2
38.986	-8.431	1.5241E-01	0
38.984	-8.396	1.3414E-01	2
38.982	-8.361	1.1260E-01	0
38.981	-8.326	1.2459E-01	2
38.979	-8.292	1.3976E-01	0
38.977	-8.258	1.2749E-01	2
39.012	-9.241	2.7104E-01	0
39.010	-9.201	2.2320E-01	3
39.008	-9.161	2.2889E-01	0
39.007	-9.123	1.6969E-01	3
39.005	-9.086	1.5455E-01	0
39.003	-9.048	1.5490E-01	3
39.001	-9.011	1.4905E-01	0
38.999	-8.974	1.3514E-01	2
38.998	-8.937	1.3163E-01	0
38.996	-8.900	1.3758E-01	2
38.994	-8.863	1.3781E-01	0
38.992	-8.826	1.3330E-01	3
38.990	-8.789	1.4834E-01	0
38.988	-8.752	1.6374E-01	3
38.986	-8.716	1.7863E-01	0
38.985	-8.680	1.4609E-01	3
38.983	-8.643	1.2552E-01	0
38.981	-8.608	1.3368E-01	3
38.979	-8.572	1.1249E-01	0
38.977	-8.536	1.5471E-01	3
38.975	-8.502	1.4170E-01	0
38.973	-8.467	1.8377E-01	3
38.971	-8.432	1.5429E-01	0
38.970	-8.397	1.3092E-01	3
38.968	-8.362	1.3939E-01	0
38.966	-8.328	1.4369E-01	3
38.964	-8.293	1.4636E-01	0
38.962	-8.259	1.8905E-01	3
39.064	-9.245	3.0204E-01	0
39.062	-9.206	2.8703E-01	2
39.060	-9.167	1.7457E-01	0
39.058	-9.128	1.8129E-01	2
39.056	-9.089	1.7380E-01	0
39.053	-9.051	1.4918E-01	2
39.051	-9.014	1.3348E-01	0
39.049	-8.978	1.7449E-01	2
39.047	-8.941	1.4667E-01	0
39.045	-8.904	1.4930E-01	2
39.043	-8.867	1.3493E-01	0
39.041	-8.830	1.2922E-01	2
39.038	-8.793	1.7138E-01	0
39.036	-8.756	1.5677E-01	2
39.034	-8.720	1.6387E-01	0
39.032	-8.683	1.3849E-01	2
39.030	-8.647	1.4420E-01	0
39.027	-8.611	1.2432E-01	2
39.025	-8.575	1.4891E-01	0
39.023	-8.540	1.3975E-01	2
39.021	-8.504	1.2524E-01	0
39.019	-8.469	1.1527E-01	2
39.017	-8.435	1.1689E-01	0
39.014	-8.400	1.3183E-01	2
39.012	-8.366	1.2891E-01	0
39.010	-8.332	1.3416E-01	2
39.008	-8.298	1.3602E-01	0
39.006	-8.264	1.2456E-01	2
39.049	-9.246	2.8734E-01	0
39.047	-9.206	3.0331E-01	3
39.044	-9.168	2.9915E-01	0
39.042	-9.128	1.8318E-01	3
39.040	-9.089	1.4346E-01	0
39.038	-9.052	1.4096E-01	3
39.036	-9.015	1.3184E-01	0
39.034	-8.979	1.6374E-01	3
39.032	-8.942	1.4970E-01	0
39.030	-8.905	1.1363E-01	3
39.027	-8.868	9.9473E-02	0
39.025	-8.831	1.0639E-01	3
39.023	-8.794	1.6059E-01	0
39.021	-8.757	1.7373E-01	3
39.019	-8.721	1.5572E-01	0
39.017	-8.685	1.2853E-01	3
39.015	-8.648	1.3008E-01	0
39.012	-8.612	1.2500E-01	3
39.010	-8.576	1.2416E-01	0
39.008	-8.541	1.1872E-01	3
39.006	-8.506	1.1051E-01	0
39.004	-8.471	1.3584E-01	3
39.002	-8.437	1.3468E-01	0
39.000	-8.402	1.6139E-01	3
38.997	-8.368	1.7323E-01	0
38.995	-8.333	1.4811E-01	3
38.993	-8.299	1.6322E-01	0
38.991	-8.265	1.5697E-01	3
39.033	-9.247	2.3496E-01	0
39.031	-9.206	1.9412E-01	2
39.029	-9.168	1.8878E-01	0
39.027	-9.128	2.1008E-01	2
39.025	-9.090	1.4250E-01	0
39.022	-9.052	1.3925E-01	2
39.020	-9.016	1.3972E-01	0
39.018	-8.980	1.4417E-01	2
39.016	-8.943	1.4483E-01	0
39.014	-8.906	1.4119E-01	2
39.012	-8.869	1.4218E-01	0
39.010	-8.832	1.3217E-01	2
39.008	-8.795	1.8408E-01	0
39.006	-8.758	1.8884E-01	2
39.004	-8.722	1.5275E-01	0
39.002	-8.686	1.3042E-01	2
38.999	-8.649	1.4329E-01	0
38.997	-8.613	1.5208E-01	2
38.995	-8.578	1.2761E-01	0
38.993	-8.542	1.3237E-01	2
38.991	-8.507	1.4222E-01	0
38.989	-8.473	1.5220E-01	2
38.987	-8.438	1.5612E-01	0
38.985	-8.403	1.3798E-01	2
38.983	-8.369	1.1826E-01	0
38.980	-8.334	1.1786E-01	2
38.978	-8.300	1.4556E-01	0
38.976	-8.266	1.2347E-01	2
39.017	-9.247	3.0856E-01	0
39.015	-9.207	2.4159E-01	3
39.013	-9.169	2.5511E-01	0
39.011	-9.129	1.6457E-01	3
39.009	-9.092	1.5880E-01	0
39.007	-9.055	1.5250E-01	3
39.005	-9.018	1.5479E-01	0
39.003	-8.981	1.3785E-01	3
39.001	-8.944	1.3043E-01	0
38.999	-8.907	1.3583E-01	3
38.997	-8.870	1.4090E-01	0
38.995	-8.833	1.3449E-01	3
38.993	-8.796	1.4765E-01	0
38.991	-8.760	1.6828E-01	3
38.989	-8.723	1.7764E-01	0
38.987	-8.687	1.4508E-01	3
38.984	-8.651	1.3441E-01	0
38.982	-8.615	1.2965E-01	3
38.980	-8.579	1.1351E-01	0
38.978	-8.544	1.4646E-01	3
38.976	-8.509	1.4505E-01	0
38.974	-8.474	1.7640E-01	3
38.972	-8.439	1.6713E-01	0
38.970	-8.404	1.3382E-01	3
38.968	-8.370	1.3410E-01	0
38.966	-8.335	1.4733E-01	3
38.964	-8.301	1.4152E-01	0
38.962	-8.266	1.9018E-01	3
39.002	-9.249	2.3753E-01	0
39.000	-9.209	1.8513E-01	2
38.998	-9.169	2.3354E-01	0
38.996	-9.131	1.9976E-01	2
38.994	-9.094	1.9068E-01	0
38.992	-9.057	1.5981E-01	2
38.990	-9.019	1.4532E-01	0
38.988	-8.982	1.2648E-01	2
38.986	-8.946	1.3239E-01	0
38.984	-8.908	1.4389E-01	2
38.982	-8.871	1.3307E-01	0
38.980	-8.834	1.3872E-01	2
38.978	-8.798	1.4177E-01	0
38.976	-8.761	1.3198E-01	2
38.973	-8.724	1.2482E-01	0
38.971	-8.688	1.7493E-01	2
38.969	-8.652	1.2161E-01	0
38.967	-8.616	1.3512E-01	2
38.965	-8.581	1.4460E-01	0
38.963	-8.545	1.4204E-01	2
38.961	-8.511	1.7587E-01	0
38.959	-8.476	1.9067E-01	2
38.957	-8.440	1.2214E-01	0
38.955	-8.405	1.4966E-01	2
38.953	-8.371	1.1127E-01	0
38.951	-8.336	1.2345E-01	2
38.949	-8.302	1.3008E-01	0
38.947	-8.268	1.6687E-01	2
38.984	-9.210	2.2082E-01	3
38.982	-9.169	1.8337E-01	0
38.980	-9.131	1.7429E-01	3
38.978	-9.094	1.6653E-01	0
38.976	-9.057	1.4245E-01	3
38.974	-9.019	1.3452E-01	0
38.972	-8.983	1.2558E-01	3
38.970	-8.947	1.1994E-01	0
38.968	-8.909	1.3189E-01	3
38.966	-8.872	1.3313E-01	0
38.964	-8.835	1.3410E-01	3
38.962	-8.799	1.4674E-01	0
38.960	-8.762	1.3638E-01	3
38.958	-8.726	1.3867E-01	0
38.956	-8.690	1.4261E-01	3
38.954	-8.654	1.3747E-01	0
38.952	-8.618	1.3210E-01	3
38.950	-8.582	1.1444E-01	0
38.948	-8.547	1.4651E-01	3
38.946	-8.512	1.7667E-01	0
38.944	-8.477	1.8048E-01	3
38.942	-8.442	1.5056E-01	0
38.940	-8.407	1.4751E-01	3
38.938	-8.372	1.4401E-01	0
38.936	-8.337	1.9722E-01	3
38.934	-8.303	1.1807E-01	0
38.932	-8.269	1.3525E-01	3
38.968	-9.211	1.8682E-01	2
38.966	-9.171	1.7217E-01	0
38.965	-9.132	2.1053E-01	2
38.963	-9.093	2.1337E-01	0
38.961	-9.057	1.5336E-01	2
38.959	-9.020	1.3785E-01	0
38.957	-8.985	1.3864E-01	2
38.955	-8.948	1.4378E-01	0
38.953	-8.911	1.3171E-01	2
38.951	-8.874	1.3545E-01	0
38.949	-8.837	1.4298E-01	3
38.947	-8.800	1.3936E-01	0
38.945	-8.763	1.2080E-01	2
38.943	-8.727	1.1782E-01	0
38.941	-8.691	1.1161E-01	2
38.939	-8.655	1.3086E-01	0
38.937	-8.619	1.1817E-01	2
38.935	-8.584	1.3263E-01	0
38.933	-8.548	1.4310E-01	2
38.931	-8.513	1.5132E-01	0
38.929	-8.478	1.3593E-01	2
38.927	-8.443	1.4408E-01	0
38.925	-8.408	1.4844E-01	2
38.923	-8.374	1.3836E-01	0
38.921	-8.339	1.1639E-01	2
38.919	-8.305	1.4948E-01	0
38.917	-8.271	1.2690E-01	2
38.953	-9.211	1.6013E-01	3
38.951	-9.173	2.1056E-01	0
38.949	-9.134	2.0775E-01	3
38.947	-9.095	1.5919E-01	0
38.945	-9.058	1.9002E-01	2
38.943	-9.022	1.2611E-01	0
38.942	-8.986	1.2936E-01	3
38.940	-8.949	1.3388E-01	0
38.938	-8.912	1.4494E-01	3
38.936	-8.875	1.5625E-01	0
38.934	-8.838	1.3334E-01	3
38.932	-8.801	1.3481E-01	0
38.930	-8.764	1.1425E-01	3
38.928	-8.728	1.1491E-01	0
38.926	-8.691	1.2565E-01	3
38.924	-8.656	1.3431E-01	0
38.922	-8.620	1.1753E-01	3
38.920	-8.585	1.3123E-01	0
38.918	-8.549	1.1502E-01	3
38.916	-8.514	1.1198E-01	0
38.914	-8.479	1.0409E-01	3
38.912	-8.444	1.1331E-01	0
38.911	-8.409	1.0544E-01	3
38.909	-8.375	1.0717E-01	0
38.907	-8.340	1.2487E-01	3
38.905	-8.306	1.2521E-01	0
38.903	-8.272	1.3072E-01	3
38.937	-9.213	2.4150E-01	3
38.935	-9.175	2.0848E-01	0
38.934	-9.136	1.7179E-01	3
38.932	-9.097	1.8077E-01	0
38.930	-9.060	1.9476E-01	3
38.928	-9.024	1.7684E-01	0
38.926	-8.988	1.4046E-01	3
38.924	-8.950	1.4055E-01	0
38.922	-8.913	1.4051E-01	3
38.921	-8.876	1.7353E-01	0
38.919	-8.839	1.3774E-01	3
38.917	-8.802	1.2327E-01	0
38.915	-8.765	1.1751E-01	3
38.913	-8.729	1.1634E-01	0
38.911	-8.693	1.3106E-01	2
38.909	-8.657	1.6030E-01	0
38.907	-8.621	1.2502E-01	2
38.905	-8.585	1.0592E-01	0
38.903	-8.550	1.0860E-01	2
38.901	-8.515	1.2292E-01	0
38.900	-8.480	1.1535E-01	2
38.898	-8.445	1.2072E-01	0
38.896	-8.410	1.2158E-01	2
38.894	-8.376	1.0741E-01	0
38.892	-8.341	1.0808E-01	2
38.890	-8.307	1.2056E-01	0
38.888	-8.273	1.6161E-01	2
38.922	-9.214	3.0469E-01	3
38.920	-9.176	2.2634E-01	0
38.918	-9.138	1.7411E-01	3
38.916	-9.099	2.0957E-01	0
38.914	-9.061	1.7820E-01	2
38.913	-9.026	1.6919E-01	0
38.911	-8.989	1.3281E-01	3
38.909	-8.952	1.3417E-01	0
38.907	-8.914	1.2298E-01	3
38.905	-8.877	1.4293E-01	0
38.903	-8.840	1.3287E-01	3
38.902	-8.804	1.2012E-01	0
38.900	-8.767	1.1101E-01	3
38.898	-8.730	1.1150E-01	0
38.896	-8.694	1.2607E-01	3
38.894	-8.658	1.2649E-01	0
38.892	-8.622	1.1255E-01	3
38.890	-8.586	9.3457E-02	0
38.888	-8.551	1.3433E-01	3
38.886	-8.516	1.4619E-01	0
38.885	-8.481	1.3207E-01	3
38.883	-8.446	1.6977E-01	0
38.881	-8.411	1.3528E-01	3
38.879	-8.377	1.2821E-01	0
38.877	-8.342	1.2101E-01	3
38.875	-8.309	1.2771E-01	0
38.873	-8.275	1.0759E-01	3
38.973	-9.217	2.1437E-01	2
38.971	-9.176	1.7508E-01	0
38.969	-9.138	2.0686E-01	2
38.967	-9.099	2.2325E-01	0
38.964	-9.063	1.5171E-01	2
38.962	-9.026	1.3949E-01	0
38.960	-8.990	1.3707E-01	2
38.958	-8.954	1.4019E-01	0
38.956	-8.916	1.3492E-01	2
38.954	-8.879	1.3798E-01	0
38.952	-8.842	1.4714E-01	2
38.949	-8.805	1.4472E-01	0
38.947	-8.769	1.2206E-01	2
38.945	-8.732	1.1870E-01	0
38.943	-8.696	1.1419E-01	2
38.941	-8.661	1.2765E-01	0
38.939	-8.625	1.2157E-01	2
38.936	-8.590	1.3093E-01	0
38.934	-8.554	1.4134E-01	2
38.932	-8.519	1.5232E-01	0
38.930	-8.484	1.4228E-01	2
38.928	-8.448	1.4100E-01	0
38.925	-8.414	1.4542E-01	2
38.923	-8.379	1.4728E-01	0
38.921	-8.345	1.1871E-01	2
38.919	-8.311	1.4043E-01	0
38.917	-8.277	1.3846E-01	2
38.958	-9.217	1.4838E-01	2
38.955	-9.178	1.8152E-01	0
38.953	-9.139	1.8242E-01	2
38.951	-9.100	1.7271E-01	0
38.949	-9.064	1.9835E-01	2
38.947	-9.027	1.3451E-01	0
38.945	-8.991	1.2664E-01	2
38.943	-8.955	1.3482E-01	0
38.941	-8.917	1.4387E-01	3
38.938	-8.880	1.5064E-01	0
38.936	-8.843	1.3731E-01	3
38.934	-8.807	1.3563E-01	0
38.932	-8.770	1.2199E-01	3
38.930	-8.734	1.1340E-01	0
38.928	-8.697	1.2678E-01	3
38.926	-8.661	1.3620E-01	0
38.923	-8.626	1.1722E-01	3
38.921	-8.590	1.3022E-01	0
38.919	-8.555	1.2094E-01	3
38.917	-8.520	1.1211E-01	0
38.915	-8.485	1.0755E-01	3
38.913	-8.450	1.1187E-01	0
38.911	-8.415	1.0644E-01	3
38.908	-8.380	1.0754E-01	0
38.906	-8.346	1.2192E-01	3
38.904	-8.312	1.2195E-01	0
38.902	-8.278	1.3524E-01	3
38.942	-9.218	2.0412E-01	2
38.940	-9.180	2.2529E-01	0
38.938	-9.141	2.1802E-01	2
38.936	-9.102	1.6789E-01	0
38.934	-9.065	1.9072E-01	2
38.932	-9.028	1.6441E-01	0
38.930	-8.993	1.4475E-01	2
38.927	-8.956	1.4572E-01	0
38.925	-8.919	1.3950E-01	2
38.923	-8.881	1.7138E-01	0
38.921	-8.845	1.4436E-01	2
38.919	-8.808	1.2051E-01	0
38.917	-8.771	1.1915E-01	2
38.915	-8.735	1.1641E-01	0
38.913	-8.698	1.2357E-01	2
38.910	-8.662	1.5867E-01	0
38.908	-8.627	1.3088E-01	2
38.906	-8.591	1.0894E-01	0
38.904	-8.556	1.0955E-01	2
38.902	-8.521	1.1858E-01	0
38.900	-8.486	1.2076E-01	2
38.898	-8.451	1.1859E-01	0
38.896	-8.416	1.2359E-01	2
38.894	-8.381	1.1074E-01	0
38.891	-8.347	1.0858E-01	2
38.889	-8.313	1.1667E-01	0
38.887	-8.279	1.5106E-01	2
38.926	-9.219	3.0109E-01	3
38.924	-9.181	2.2817E-01	0
38.922	-9.143	1.6282E-01	3
38.920	-9.105	2.1815E-01	0
38.918	-9.066	1.8287E-01	2
38.916	-9.031	1.8492E-01	0
38.914	-8.994	1.3332E-01	2
38.912	-8.957	1.3865E-01	0
38.910	-8.920	1.2538E-01	2
38.908	-8.883	1.4968E-01	0
38.906	-8.846	1.4088E-01	3
38.904	-8.809	1.2566E-01	0
38.902	-8.772	1.1044E-01	3
38.900	-8.736	1.1250E-01	0
38.898	-8.700	1.2834E-01	3
38.895	-8.664	1.3392E-01	0
38.893	-8.628	1.1947E-01	3
38.891	-8.592	9.5470E-02	0
38.889	-8.557	1.2734E-01	3
38.887	-8.522	1.4821E-01	0
38.885	-8.487	1.2779E-01	3
38.883	-8.452	1.7681E-01	0
38.881	-8.417	1.3427E-01	3
38.879	-8.382	1.3330E-01	0
38.877	-8.348	1.2535E-01	3
38.875	-8.314	1.2677E-01	0
38.873	-8.280	1.0910E-01	3
38.911	-9.220	2.9209E-01	2
38.909	-9.182	2.6342E-01	0
38.907	-9.145	1.9508E-01	2
38.905	-9.107	1.4925E-01	0
38.903	-9.068	1.3286E-01	2
38.901	-9.033	1.5802E-01	0
38.899	-8.996	1.3514E-01	2
38.897	-8.958	1.4129E-01	0
38.895	-8.921	1.2953E-01	2
38.893	-8.884	1.3170E-01	0
38.891	-8.847	1.0873E-01	2
38.889	-8.810	1.1387E-01	0
38.887	-8.774	1.1523E-01	2
38.884	-8.737	1.2377E-01	0
38.882	-8.701	1.3519E-01	2
38.880	-8.665	1.3460E-01	0
38.878	-8.629	1.2072E-01	2
38.876	-8.593	1.4209E-01	0
38.874	-8.558	1.0607E-01	2
38.872	-8.523	1.0838E-01	0
38.870	-8.488	1.1677E-01	2
38.868	-8.453	1.5303E-01	0
38.866	-8.418	1.5979E-01	2
38.864	-8.383	1.2493E-01	0
38.862	-8.349	1.1392E-01	2
38.860	-8.316	1.2802E-01	0
38.858	-8.282	1.2171E-01	2
38.895	-9.221	2.7876E-01	3
38.893	-9.182	2.8020E-01	0
38.891	-9.144	1.9386E-01	3
38.889	-9.106	1.6155E-01	0
38.887	-9.070	1.3425E-01	2
38.885	-9.034	1.4942E-01	0
38.883	-8.997	1.1381E-01	2
38.881	-8.959	1.4557E-01	0
38.879	-8.922	1.5417E-01	3
38.877	-8.885	1.4884E-01	0
38.875	-8.848	1.2341E-01	3
38.873	-8.811	1.1588E-01	0
38.871	-8.775	1.2190E-01	3
38.869	-8.738	1.2546E-01	0
38.867	-8.702	1.2260E-01	3
38.865	-8.666	1.2433E-01	0
38.863	-8.630	1.3595E-01	3
38.861	-8.595	1.3428E-01	0
38.859	-8.559	1.2400E-01	3
38.857	-8.524	1.1906E-01	0
38.855	-8.489	1.2633E-01	3
38.853	-8.454	1.7005E-01	0
38.851	-8.419	1.7285E-01	3
38.849	-8.385	1.3177E-01	0
38.847	-8.350	1.1441E-01	3
38.845	-8.317	1.0873E-01	0
38.843	-8.283	1.4425E-01	3
38.880	-9.222	2.8429E-01	2
38.878	-9.184	2.6539E-01	0
38.876	-9.147	2.9502E-01	2
38.874	-9.110	2.4961E-01	0
38.872	-9.072	1.7734E-01	2
38.870	-9.036	1.4570E-01	0
38.868	-8.998	1.2800E-01	2
38.866	-8.961	1.4738E-01	0
38.864	-8.923	1.5877E-01	2
38.862	-8.886	1.3547E-01	0
38.860	-8.849	1.1974E-01	2
38.858	-8.812	1.1304E-01	0
38.856	-8.776	1.3499E-01	2
38.854	-8.740	1.2539E-01	0
38.852	-8.704	1.1692E-01	2
38.850	-8.667	1.2968E-01	0
38.848	-8.631	1.3034E-01	2
38.846	-8.596	1.4560E-01	0
38.844	-8.560	1.5022E-01	2
38.842	-8.525	1.3176E-01	0
38.840	-8.490	1.3940E-01	2
38.838	-8.455	1.3774E-01	0
38.836	-8.421	1.4914E-01	2
38.834	-8.386	1.0902E-01	0
38.832	-8.351	1.1264E-01	2
38.830	-8.318	1.0766E-01	0
38.828	-8.284	1.4054E-01	2
38.826	-8.250	1.4628E-01	0
38.864	-9.224	2.0695E-01	3
38.862	-9.187	2.7575E-01	0
38.860	-9.150	3.8977E-01	2
38.858	-9.112	3.1821E-01	0
38.856	-9.074	1.8694E-01	2
38.855	-9.037	1.0922E-01	0
38.853	-8.999	1.0465E-01	3
38.851	-8.962	1.2563E-01	0
38.849	-8.924	1.4716E-01	3
38.847	-8.887	1.2247E-01	0
38.845	-8.850	9.9760E-02	3
38.843	-8.814	1.0106E-01	0
38.841	-8.777	9.2281E-02	3
38.839	-8.741	1.0668E-01	0
38.837	-8.705	1.1315E-01	3
38.835	-8.669	1.2652E-01	0
38.833	-8.632	1.1849E-01	3
38.831	-8.597	1.3055E-01	0
38.829	-8.561	1.5033E-01	3
38.827	-8.526	1.4144E-01	0
38.825	-8.491	1.3015E-01	3
38.823	-8.456	1.4980E-01	0
38.821	-8.421	1.2375E-01	3
38.820	-8.387	1.4364E-01	0
38.818	-8.352	1.6151E-01	3
38.816	-8.319	1.3641E-01	0
38.814	-8.285	1.5334E-01	3
38.812	-8.251	1.7504E-01	0
38.848	-9.226	1.9406E-01	2
38.847	-9.189	2.1434E-01	0
38.845	-9.152	2.8910E-01	2
38.843	-9.113	2.7995E-01	0
38.841	-9.075	1.7960E-01	2
38.839	-9.038	9.1353E-02	0
38.837	-9.000	9.1967E-02	2
38.835	-8.963	1.0626E-01	0
38.833	-8.926	1.3094E-01	3
38.832	-8.889	1.5670E-01	0
38.830	-8.852	1.1632E-01	2
38.828	-8.815	1.0288E-01	0
38.826	-8.778	1.1274E-01	2
38.824	-8.742	1.0679E-01	0
38.822	-8.706	1.2862E-01	2
38.820	-8.670	1.1877E-01	0
38.818	-8.634	1.1472E-01	2
38.816	-8.598	1.1060E-01	0
38.814	-8.563	1.2819E-01	2
38.812	-8.528	1.3344E-01	0
38.811	-8.493	1.4781E-01	2
38.809	-8.458	1.5280E-01	0
38.807	-8.423	1.2707E-01	2
38.805	-8.388	1.5204E-01	0
38.803	-8.354	1.4592E-01	2
38.801	-8.319	1.7265E-01	0
38.799	-8.286	1.4353E-01	2
38.797	-8.252	1.4074E-01	0
38.833	-9.226	1.9733E-01	2
38.831	-9.190	2.2423E-01	0
38.829	-9.153	2.7117E-01	2
38.827	-9.114	2.3309E-01	0
38.826	-9.077	1.5049E-01	2
38.824	-9.039	8.8830E-02	0
38.822	-9.002	9.0131E-02	2
38.820	-8.964	1.0278E-01	0
38.818	-8.927	1.2728E-01	3
38.816	-8.890	1.5233E-01	0
38.814	-8.853	1.6932E-01	3
38.813	-8.816	1.1787E-01	0
38.811	-8.779	1.0738E-01	3
38.809	-8.743	1.1435E-01	0
38.807	-8.707	1.4894E-01	3
38.805	-8.671	1.2506E-01	0
38.803	-8.636	1.0747E-01	3
38.801	-8.600	1.2016E-01	0
38.799	-8.565	1.2585E-01	3
38.798	-8.529	1.2193E-01	0
38.796	-8.494	1.0744E-01	3
38.794	-8.459	1.2502E-01	0
38.792	-8.424	1.4082E-01	3
38.790	-8.390	1.0970E-01	0
38.788	-8.355	1.3021E-01	3
38.786	-8.321	1.4444E-01	0
38.784	-8.287	1.2388E-01	3
38.782	-8.253	1.6145E-01	0
38.885	-9.230	2.7835E-01	3
38.882	-9.191	2.6129E-01	0
38.880	-9.153	2.9496E-01	3
38.878	-9.116	2.3352E-01	0
38.876	-9.079	1.7459E-01	2
38.874	-9.043	1.5788E-01	0
38.872	-9.005	1.1696E-01	2
38.870	-8.968	1.4343E-01	0
38.867	-8.931	1.6306E-01	2
38.865	-8.894	1.4877E-01	0
38.863	-8.857	1.2820E-01	2
38.861	-8.820	1.1386E-01	0
38.859	-8.783	1.3721E-01	2
38.856	-8.747	1.2495E-01	0
38.854	-8.711	1.1774E-01	2
38.852	-8.675	1.2471E-01	0
38.850	-8.639	1.3909E-01	2
38.848	-8.603	1.3610E-01	0
38.845	-8.568	1.5664E-01	2
38.843	-8.532	1.2925E-01	0
38.841	-8.497	1.3481E-01	2
38.839	-8.463	1.4252E-01	0
38.837	-8.428	1.4807E-01	2
38.834	-8.393	1.1675E-01	0
38.832	-8.359	1.0994E-01	2
38.830	-8.325	1.0860E-01	0
38.828	-8.291	1.3477E-01	2
38.826	-8.258	1.4779E-01	0
38.869	-9.231	2.0633E-01	2
38.867	-9.193	2.8251E-01	0
38.865	-9.156	3.6350E-01	2
38.863	-9.119	3.4216E-01	0
38.861	-9.081	2.0808E-01	3
38.858	-9.044	1.3345E-01	0
38.856	-9.006	1.1412E-01	2
38.854	-8.969	1.2771E-01	0
38.852	-8.932	1.4558E-01	2
38.850	-8.895	1.2671E-01	0
38.848	-8.858	1.0140E-01	2
38.846	-8.821	1.0276E-01	0
38.843	-8.784	9.7889E-02	3
38.841	-8.748	1.0504E-01	0
38.839	-8.712	1.1610E-01	3
38.837	-8.676	1.2148E-01	0
38.835	-8.640	1.1750E-01	3
38.833	-8.604	1.3074E-01	0
38.830	-8.569	1.5110E-01	3
38.828	-8.534	1.4395E-01	0
38.826	-8.499	1.3110E-01	3
38.824	-8.464	1.4213E-01	0
38.822	-8.429	1.3601E-01	3
38.820	-8.394	1.3264E-01	0
38.818	-8.360	1.6692E-01	3
38.815	-8.326	1.3961E-01	0
38.813	-8.292	1.3865E-01	3
38.811	-8.258	1.8841E-01	0
38.853	-9.233	1.9798E-01	3
38.851	-9.196	2.3827E-01	0
38.849	-9.159	3.0825E-01	3
38.847	-9.120	3.2098E-01	0
38.845	-9.082	2.0705E-01	2
38.843	-9.045	9.7166E-02	0
38.841	-9.008	9.1272E-02	2
38.839	-8.970	1.0960E-01	0
38.837	-8.933	1.2780E-01	2
38.835	-8.896	1.5436E-01	0
38.832	-8.859	1.1916E-01	2
38.830	-8.822	9.9544E-02	0
38.828	-8.785	1.1312E-01	2
38.826	-8.749	1.0384E-01	0
38.824	-8.713	1.1496E-01	2
38.822	-8.677	1.2086E-01	0
38.820	-8.641	1.2076E-01	2
38.818	-8.606	1.1098E-01	0
38.815	-8.570	1.2762E-01	2
38.813	-8.535	1.3325E-01	0
38.811	-8.500	1.4272E-01	2
38.809	-8.465	1.6268E-01	0
38.807	-8.430	1.2405E-01	2
38.805	-8.396	1.5419E-01	0
38.803	-8.361	1.3675E-01	2
38.801	-8.327	1.8169E-01	0
38.799	-8.293	1.4642E-01	2
38.796	-8.259	1.3716E-01	0
38.838	-9.234	1.9221E-01	2
38.836	-9.197	2.1478E-01	0
38.834	-9.160	2.4516E-01	3
38.832	-9.122	2.2584E-01	0
38.830	-9.084	1.8743E-01	3
38.828	-9.046	9.2992E-02	0
38.826	-9.009	8.9563E-02	2
38.823	-8.971	9.9824E-02	0
38.821	-8.934	1.2388E-01	2
38.819	-8.897	1.4458E-01	0
38.817	-8.860	1.6100E-01	2
38.815	-8.823	1.2335E-01	0
38.813	-8.787	1.0563E-01	2
38.811	-8.750	1.0648E-01	0
38.809	-8.714	1.5688E-01	3
38.807	-8.679	1.2456E-01	0
38.805	-8.643	1.0886E-01	3
38.803	-8.607	1.1431E-01	0
38.801	-8.572	1.2988E-01	3
38.798	-8.537	1.2514E-01	0
38.796	-8.502	1.0398E-01	3
38.794	-8.467	1.2841E-01	0
38.792	-8.432	1.3297E-01	3
38.790	-8.397	1.1943E-01	0
38.788	-8.363	1.1916E-01	3
38.786	-8.329	1.4915E-01	0
38.784	-8.295	1.2281E-01	3
38.782	-8.261	1.5567E-01	0
38.822	-9.234	1.9459E-01	2
38.820	-9.196	1.8673E-01	0
38.818	-9.160	2.7032E-01	2
38.816	-9.122	2.2767E-01	0
38.814	-9.085	1.3870E-01	2
38.812	-9.048	9.0147E-02	0
38.810	-9.010	8.8427E-02	2
38.808	-8.973	9.6598E-02	0
38.806	-8.935	1.2217E-01	2
38.804	-8.898	1.2032E-01	0
38.802	-8.861	1.6905E-01	2
38.800	-8.824	1.2831E-01	0
38.798	-8.788	1.0908E-01	2
38.796	-8.752	1.3864E-01	0
38.794	-8.715	1.2981E-01	2
38.792	-8.679	1.4513E-01	0
38.790	-8.644	1.5083E-01	2
38.788	-8.608	1.3632E-01	0
38.786	-8.573	1.1623E-01	2
38.784	-8.538	1.3229E-01	0
38.781	-8.503	1.2215E-01	2
38.779	-8.468	1.6259E-01	0
38.777	-8.433	1.3718E-01	2
38.775	-8.399	1.1515E-01	0
38.773	-8.364	1.2304E-01	2
38.771	-8.330	1.2671E-01	0
38.769	-8.296	1.1866E-01	2
38.767	-8.262	1.0715E-01	0
38.807	-9.235	2.0451E-01	3
38.805	-9.198	2.5585E-01	0
38.803	-9.161	3.1742E-01	3
38.801	-9.123	2.5358E-01	0
38.799	-9.086	1.2550E-01	3
38.797	-9.049	8.6486E-02	0
38.795	-9.011	8.4383E-02	3
38.793	-8.974	9.5268E-02	0
38.791	-8.936	1.0779E-01	2
38.789	-8.899	1.0152E-01	0
38.787	-8.862	1.4358E-01	2
38.785	-8.825	1.9168E-01	0
38.783	-8.789	1.3842E-01	2
38.781	-8.753	1.4009E-01	0
38.779	-8.717	1.1374E-01	3
38.777	-8.681	1.5507E-01	0
38.775	-8.645	1.4496E-01	3
38.773	-8.609	1.3851E-01	0
38.771	-8.574	1.8376E-01	3
38.769	-8.538	1.4203E-01	0
38.767	-8.503	1.5564E-01	3
38.765	-8.469	1.2865E-01	0
38.763	-8.434	1.3829E-01	3
38.760	-8.400	1.2300E-01	0
38.758	-8.365	1.3327E-01	3
38.756	-8.331	1.2879E-01	0
38.754	-8.297	1.1626E-01	3
38.752	-8.263	1.0413E-01	0
38.791	-9.237	1.7260E-01	2
38.789	-9.200	2.4492E-01	0
38.787	-9.163	3.2345E-01	2
38.785	-9.124	2.5943E-01	0
38.783	-9.088	1.2663E-01	2
38.781	-9.050	8.4966E-02	0
38.779	-9.012	8.5132E-02	2
38.777	-8.975	9.5897E-02	0
38.775	-8.938	1.0520E-01	2
38.773	-8.900	1.0555E-01	0
38.772	-8.863	1.1630E-01	2
38.770	-8.827	1.3718E-01	0
38.768	-8.790	1.5170E-01	2
38.766	-8.754	1.1660E-01	0
38.764	-8.718	1.4401E-01	2
38.762	-8.682	1.6966E-01	0
38.760	-8.646	1.4658E-01	2
38.758	-8.611	1.2876E-01	0
38.756	-8.576	1.3558E-01	2
38.754	-8.540	1.4423E-01	0
38.752	-8.505	1.4551E-01	2
38.750	-8.470	1.4435E-01	0
38.748	-8.435	1.5022E-01	2
38.746	-8.401	1.3763E-01	0
38.744	-8.367	1.4012E-01	2
38.742	-8.332	1.6984E-01	0
38.740	-8.298	1.1833E-01	2
38.738	-8.264	1.1585E-01	0
38.775	-9.239	1.8169E-01	3
38.774	-9.202	2.4080E-01	0
38.772	-9.163	2.6844E-01	3
38.770	-9.125	2.2725E-01	0
38.768	-9.089	1.3078E-01	3
38.766	-9.051	8.3823E-02	0
38.764	-9.013	8.5446E-02	2
38.762	-8.976	1.0062E-01	0
38.760	-8.939	1.1559E-01	2
38.758	-8.902	1.0870E-01	0
38.756	-8.865	9.8968E-02	2
38.754	-8.828	1.1224E-01	0
38.752	-8.792	1.6580E-01	2
38.750	-8.755	1.6109E-01	0
38.748	-8.719	1.1600E-01	3
38.747	-8.683	1.8575E-01	0
38.745	-8.647	1.6495E-01	3
38.743	-8.612	1.6881E-01	0
38.741	-8.576	1.2973E-01	3
38.739	-8.542	2.1381E-01	0
38.737	-8.507	1.5990E-01	3
38.735	-8.472	1.2360E-01	0
38.733	-8.437	1.0712E-01	3
38.731	-8.402	1.2053E-01	0
38.729	-8.368	1.6478E-01	3
38.727	-8.333	1.6317E-01	0
38.725	-8.299	1.4023E-01	3
38.723	-8.265	1.3575E-01	0
38.760	-9.241	2.1704E-01	2
38.758	-9.203	2.2304E-01	0
38.756	-9.164	2.2994E-01	2
38.754	-9.127	2.3543E-01	0
38.752	-9.090	1.2081E-01	2
38.751	-9.052	8.2750E-02	0
38.749	-9.015	8.7709E-02	2
38.747	-8.977	1.2752E-01	0
38.745	-8.940	1.4471E-01	2
38.743	-8.903	1.1751E-01	0
38.741	-8.866	1.1427E-01	2
38.739	-8.829	1.1204E-01	0
38.737	-8.793	1.4135E-01	2
38.735	-8.756	1.7438E-01	0
38.733	-8.720	1.7370E-01	2
38.731	-8.684	1.4806E-01	0
38.730	-8.648	1.4525E-01	2
38.728	-8.613	1.6044E-01	0
38.726	-8.578	1.4946E-01	2
38.724	-8.543	1.2925E-01	0
38.722	-8.508	1.7390E-01	2
38.720	-8.473	1.5917E-01	0
38.718	-8.438	1.6704E-01	2
38.716	-8.404	1.6029E-01	0
38.714	-8.369	1.4110E-01	2
38.712	-8.335	1.3511E-01	0
38.710	-8.300	1.5672E-01	2
38.708	-8.266	1.2714E-01	0
38.744	-9.242	1.8835E-01	2
38.742	-9.204	2.7076E-01	0
38.741	-9.166	2.7593E-01	2
38.739	-9.128	2.1907E-01	0
38.737	-9.091	1.0914E-01	2
38.735	-9.053	8.0158E-02	0
38.733	-9.016	9.7284E-02	2
38.731	-8.978	1.4795E-01	0
38.730	-8.941	1.7898E-01	2
38.728	-8.904	1.4755E-01	0
38.726	-8.867	1.1320E-01	2
38.724	-8.830	1.0920E-01	0
38.722	-8.794	1.4034E-01	2
38.720	-8.758	1.4962E-01	0
38.718	-8.721	1.4146E-01	3
38.716	-8.685	1.4993E-01	0
38.714	-8.650	1.6027E-01	3
38.713	-8.614	1.5087E-01	0
38.711	-8.579	1.7057E-01	3
38.709	-8.544	1.7984E-01	0
38.707	-8.509	2.4842E-01	3
38.705	-8.474	1.2516E-01	0
38.703	-8.439	1.8702E-01	3
38.701	-8.405	1.5274E-01	0
38.699	-8.371	1.9234E-01	3
38.697	-8.336	1.5926E-01	0
38.696	-8.302	1.3381E-01	3
38.694	-8.268	1.3083E-01	0
38.796	-9.243	1.5371E-01	3
38.794	-9.205	2.2541E-01	0
38.791	-9.168	3.0097E-01	3
38.789	-9.130	2.8537E-01	0
38.787	-9.093	1.3812E-01	2
38.785	-9.056	8.7425E-02	0
38.783	-9.018	8.4816E-02	2
38.781	-8.981	9.4322E-02	0
38.778	-8.944	1.0627E-01	2
38.776	-8.906	1.0290E-01	0
38.774	-8.869	1.1246E-01	2
38.772	-8.833	1.3762E-01	0
38.770	-8.796	1.5806E-01	2
38.767	-8.760	1.2201E-01	0
38.765	-8.724	1.4187E-01	2
38.763	-8.688	1.6280E-01	0
38.761	-8.652	1.5728E-01	2
38.759	-8.617	1.2674E-01	0
38.756	-8.582	1.4388E-01	2
38.754	-8.546	1.3442E-01	0
38.752	-8.511	1.4991E-01	2
38.750	-8.476	1.4944E-01	0
38.748	-8.441	1.4544E-01	2
38.746	-8.407	1.4617E-01	0
38.743	-8.373	1.3314E-01	2
38.741	-8.338	1.7750E-01	0
38.739	-8.304	1.2298E-01	2
38.737	-8.270	1.1529E-01	0
38.780	-9.244	1.8422E-01	2
38.778	-9.208	2.5576E-01	0
38.776	-9.169	2.8757E-01	2
38.774	-9.131	2.6448E-01	0
38.772	-9.094	1.4182E-01	2
38.770	-9.057	8.6724E-02	0
38.767	-9.019	8.3808E-02	2
38.765	-8.982	9.5070E-02	0
38.763	-8.945	1.0897E-01	3
38.761	-8.908	1.1059E-01	0
38.759	-8.871	1.0199E-01	3
38.757	-8.834	1.0708E-01	0
38.754	-8.798	1.5749E-01	3
38.752	-8.761	1.5461E-01	0
38.750	-8.725	1.1726E-01	3
38.748	-8.689	1.7788E-01	0
38.746	-8.653	1.7961E-01	3
38.744	-8.618	1.6353E-01	0
38.741	-8.583	1.2960E-01	3
38.739	-8.548	2.0212E-01	0
38.737	-8.513	1.7386E-01	3
38.735	-8.478	1.2913E-01	0
38.733	-8.443	1.1001E-01	3
38.731	-8.408	1.1639E-01	0
38.729	-8.374	1.5838E-01	3
38.726	-8.340	1.7064E-01	0
38.724	-8.305	1.3772E-01	3
38.722	-8.271	1.4535E-01	0
38.765	-9.246	2.0649E-01	3
38.762	-9.208	2.0504E-01	0
38.760	-9.170	2.2748E-01	3
38.758	-9.132	2.5221E-01	0
38.756	-9.095	1.3430E-01	2
38.754	-9.058	8.5083E-02	0
38.752	-9.020	8.6511E-02	2
38.750	-8.983	1.1643E-01	0
38.748	-8.946	1.5076E-01	2
38.746	-8.909	1.1619E-01	0
38.744	-8.872	1.1396E-01	2
38.741	-8.835	1.1254E-01	0
38.739	-8.799	1.3600E-01	2
38.737	-8.762	1.8212E-01	0
38.735	-8.726	1.7854E-01	2
38.733	-8.690	1.5057E-01	0
38.731	-8.654	1.4361E-01	2
38.729	-8.619	1.6743E-01	0
38.727	-8.584	1.4776E-01	2
38.724	-8.549	1.3793E-01	0
38.722	-8.514	1.5970E-01	2
38.720	-8.479	1.7324E-01	0
38.718	-8.444	1.5511E-01	2
38.716	-8.410	1.7744E-01	0
38.714	-8.376	1.3946E-01	2
38.712	-8.341	1.3887E-01	0
38.709	-8.307	1.5999E-01	2
38.707	-8.273	1.2965E-01	0
38.749	-9.248	1.8338E-01	2
38.747	-9.209	2.4759E-01	0
38.745	-9.171	2.7555E-01	2
38.743	-9.134	2.3490E-01	0
38.741	-9.097	1.2819E-01	2
38.739	-9.059	8.1986E-02	0
38.737	-9.022	8.8898E-02	3
38.735	-8.984	1.3622E-01	0
38.732	-8.947	1.6984E-01	3
38.730	-8.910	1.4939E-01	0
38.728	-8.873	1.1660E-01	3
38.726	-8.836	1.1052E-01	0
38.724	-8.800	1.3619E-01	3
38.722	-8.764	1.4836E-01	0
38.720	-8.727	1.3814E-01	3
38.718	-8.691	1.4962E-01	0
38.716	-8.656	1.5719E-01	3
38.714	-8.620	1.5879E-01	0
38.712	-8.585	1.5938E-01	3
38.709	-8.550	1.7337E-01	0
38.707	-8.515	2.5873E-01	3
38.705	-8.480	1.3063E-01	0
38.703	-8.445	1.8501E-01	3
38.701	-8.411	1.5544E-01	0
38.699	-8.377	1.9133E-01	3
38.697	-8.343	1.6052E-01	0
38.695	-8.308	1.4285E-01	3
38.693	-8.274	1.2311E-01	0
38.733	-9.249	1.7572E-01	2
38.731	-9.210	3.0861E-01	0
38.729	-9.172	3.1648E-01	2
38.727	-9.135	2.1944E-01	0
38.725	-9.098	1.0660E-01	2
38.723	-9.060	9.0428E-02	0
38.721	-9.023	1.6424E-01	2
38.719	-8.985	2.0000E-01	0
38.717	-8.948	1.8703E-01	2
38.715	-8.911	1.7471E-01	0
38.713	-8.874	1.3315E-01	2
38.711	-8.838	1.1329E-01	0
38.709	-8.801	1.3334E-01	2
38.707	-8.765	1.5590E-01	0
38.705	-8.729	1.6116E-01	2
38.703	-8.693	1.5684E-01	0
38.701	-8.657	1.6222E-01	2
38.699	-8.621	1.6343E-01	0
38.697	-8.586	1.7780E-01	2
38.695	-8.551	1.3457E-01	0
38.692	-8.516	1.2129E-01	2
38.690	-8.481	1.7252E-01	0
38.688	-8.446	2.3732E-01	2
38.686	-8.412	1.7791E-01	0
38.684	-8.378	1.6199E-01	2
38.682	-8.344	1.2474E-01	0
38.680	-8.310	1.1077E-01	2
38.678	-8.276	1.2606E-01	0
38.716	-9.212	2.4991E-01	0
38.714	-9.174	2.5318E-01	2
38.712	-9.137	1.9684E-01	0
38.710	-9.099	8.4769E-02	2
38.708	-9.061	8.4689E-02	0
38.706	-9.024	1.3813E-01	3
38.704	-8.987	1.5706E-01	0
38.702	-8.949	2.0366E-01	3
38.700	-8.912	1.8603E-01	0
38.698	-8.876	1.6320E-01	3
38.696	-8.839	1.4451E-01	0
38.694	-8.802	1.2307E-01	3
38.692	-8.766	1.5320E-01	0
38.690	-8.730	1.5706E-01	3
38.688	-8.694	1.6703E-01	0
38.686	-8.658	1.7843E-01	3
38.684	-8.623	1.5224E-01	0
38.682	-8.587	1.4880E-01	3
38.680	-8.552	1.4413E-01	0
38.678	-8.517	1.6658E-01	3
38.676	-8.482	1.7937E-01	0
38.673	-8.447	1.9276E-01	3
38.671	-8.413	2.0121E-01	0
38.669	-8.379	1.4678E-01	3
38.667	-8.345	1.5234E-01	0
38.665	-8.311	1.2295E-01	3
38.663	-8.277	1.3352E-01	0
38.700	-9.214	2.7141E-01	0
38.698	-9.176	1.3743E-01	2
38.696	-9.138	8.3089E-02	0
38.694	-9.100	7.2596E-02	2
38.692	-9.063	8.2854E-02	0
38.690	-9.025	9.5312E-02	2
38.689	-8.988	1.2025E-01	0
38.687	-8.950	1.9356E-01	2
38.685	-8.913	2.2654E-01	0
38.683	-8.877	1.6558E-01	2
38.681	-8.840	1.4400E-01	0
38.679	-8.804	1.4913E-01	2
38.677	-8.767	1.4280E-01	0
38.675	-8.731	1.6543E-01	2
38.673	-8.695	1.6167E-01	0
38.671	-8.659	1.6680E-01	2
38.669	-8.624	1.4965E-01	0
38.667	-8.588	1.5300E-01	2
38.665	-8.553	1.5090E-01	0
38.663	-8.518	1.2246E-01	2
38.661	-8.483	1.8714E-01	0
38.659	-8.449	1.5376E-01	2
38.657	-8.414	1.5786E-01	0
38.655	-8.380	1.5061E-01	2
38.653	-8.346	1.6394E-01	0
38.651	-8.311	1.1685E-01	2
38.649	-8.278	1.2735E-01	0
38.685	-9.216	1.2951E-01	0
38.683	-9.177	1.0424E-01	3
38.681	-9.139	9.9357E-02	0
38.679	-9.102	7.2778E-02	3
38.677	-9.064	1.0517E-01	0
38.675	-9.026	1.1095E-01	3
38.673	-8.989	1.5263E-01	0
38.671	-8.952	1.8379E-01	2
38.669	-8.914	1.6794E-01	0
38.667	-8.878	1.8716E-01	2
38.665	-8.841	1.8851E-01	0
38.663	-8.805	1.8135E-01	3
38.661	-8.769	1.5167E-01	0
38.660	-8.733	1.5377E-01	3
38.658	-8.697	1.4832E-01	0
38.656	-8.661	1.3081E-01	3
38.654	-8.625	1.2782E-01	0
38.652	-8.590	1.5439E-01	3
38.650	-8.555	1.3348E-01	0
38.648	-8.520	1.9698E-01	3
38.646	-8.485	1.9567E-01	0
38.644	-8.450	1.9149E-01	3
38.642	-8.415	2.6082E-01	0
38.640	-8.381	1.4627E-01	3
38.638	-8.346	1.3381E-01	0
38.636	-8.312	1.2901E-01	3
38.634	-8.279	1.2591E-01	0
38.669	-9.216	1.3714E-01	0
38.667	-9.178	1.5427E-01	2
38.665	-9.141	1.1392E-01	0
38.664	-9.103	9.0688E-02	2
38.662	-9.065	1.7395E-01	0
38.660	-9.027	1.8317E-01	2
38.658	-8.990	1.6611E-01	0
38.656	-8.953	1.5077E-01	2
38.654	-8.916	1.7617E-01	0
38.652	-8.879	1.5013E-01	2
38.650	-8.842	1.5273E-01	0
38.648	-8.806	1.4954E-01	2
38.646	-8.770	1.9495E-01	0
38.644	-8.734	1.6407E-01	2
38.643	-8.698	1.8857E-01	0
38.641	-8.662	1.6400E-01	2
38.639	-8.627	1.0990E-01	0
38.637	-8.591	1.0025E-01	2
38.635	-8.556	1.1928E-01	0
38.633	-8.521	1.4576E-01	2
38.631	-8.486	1.8600E-01	0
38.629	-8.452	1.9480E-01	2
38.627	-8.417	1.5992E-01	0
38.625	-8.382	1.7092E-01	2
38.623	-8.348	1.4309E-01	0
38.621	-8.314	1.2430E-01	2
38.619	-8.280	1.2163E-01	0
38.654	-9.217	1.4660E-01	0
38.652	-9.179	1.5848E-01	2
38.650	-9.142	1.5492E-01	0
38.648	-9.104	1.7077E-01	2
38.646	-9.066	1.8137E-01	0
38.644	-9.028	1.8523E-01	3
38.642	-8.991	1.8350E-01	0
38.641	-8.954	1.7664E-01	2
38.639	-8.917	1.6773E-01	0
38.637	-8.880	1.6088E-01	2
38.635	-8.844	1.3257E-01	0
38.633	-8.807	1.2185E-01	3
38.631	-8.771	1.4472E-01	0
38.629	-8.735	1.6785E-01	3
38.627	-8.699	1.8214E-01	0
38.626	-8.663	1.3834E-01	3
38.624	-8.628	1.3629E-01	0
38.622	-8.593	1.0541E-01	3
38.620	-8.558	1.4120E-01	0
38.618	-8.523	1.8182E-01	3
38.616	-8.488	2.0024E-01	0
38.614	-8.453	2.0830E-01	3
38.612	-8.418	1.4484E-01	0
38.610	-8.384	1.9522E-01	3
38.608	-8.349	1.1879E-01	0
38.606	-8.315	1.1281E-01	3
38.605	-8.280	9.9796E-02	0
38.705	-9.221	2.8769E-01	0
38.703	-9.183	1.7783E-01	2
38.701	-9.146	1.1779E-01	0
38.699	-9.108	7.5623E-02	2
38.697	-9.070	8.0457E-02	0
38.694	-9.033	9.7024E-02	2
38.692	-8.995	1.0361E-01	0
38.690	-8.958	1.8191E-01	2
38.688	-8.921	2.2396E-01	0
38.686	-8.884	1.7099E-01	2
38.683	-8.848	1.3935E-01	0
38.681	-8.811	1.4668E-01	2
38.679	-8.775	1.4110E-01	0
38.677	-8.739	1.6240E-01	2
38.675	-8.703	1.6085E-01	0
38.672	-8.667	1.8000E-01	2
38.670	-8.631	1.5405E-01	0
38.668	-8.596	1.5547E-01	2
38.666	-8.561	1.5392E-01	0
38.664	-8.526	1.2335E-01	2
38.661	-8.491	1.7483E-01	0
38.659	-8.457	1.6481E-01	2
38.657	-8.422	1.5956E-01	0
38.655	-8.387	1.4277E-01	2
38.653	-8.353	1.7800E-01	0
38.650	-8.319	1.2137E-01	2
38.648	-8.286	1.2254E-01	0
38.646	-8.252	1.4446E-01	2
38.690	-9.223	1.9636E-01	0
38.688	-9.185	9.4462E-02	2
38.685	-9.147	9.4877E-02	0
38.683	-9.109	7.1705E-02	2
38.681	-9.071	8.7079E-02	0
38.679	-9.034	1.0420E-01	2
38.677	-8.996	1.4413E-01	0
38.675	-8.959	1.8090E-01	2
38.672	-8.922	1.7556E-01	0
38.670	-8.885	1.8579E-01	2
38.668	-8.849	2.0192E-01	0
38.666	-8.812	1.8204E-01	3
38.664	-8.776	1.5199E-01	0
38.662	-8.740	1.5503E-01	3
38.659	-8.704	1.4651E-01	0
38.657	-8.668	1.3628E-01	3
38.655	-8.633	1.2161E-01	0
38.653	-8.597	1.6017E-01	3
38.651	-8.562	1.2669E-01	0
38.649	-8.527	1.8843E-01	3
38.646	-8.492	1.9858E-01	0
38.644	-8.458	1.8521E-01	3
38.642	-8.423	2.7001E-01	0
38.640	-8.389	1.5493E-01	3
38.638	-8.354	1.3350E-01	0
38.636	-8.320	1.3447E-01	3
38.633	-8.286	1.2742E-01	0
38.631	-8.253	1.1340E-01	3
38.674	-9.224	1.2484E-01	0
38.672	-9.185	1.4531E-01	2
38.670	-9.148	1.2603E-01	0
38.668	-9.110	8.0220E-02	2
38.666	-9.072	1.4753E-01	0
38.664	-9.035	1.6477E-01	2
38.661	-8.997	1.6039E-01	0
38.659	-8.960	1.6104E-01	2
38.657	-8.923	1.7434E-01	0
38.655	-8.886	1.6323E-01	2
38.653	-8.850	1.5041E-01	0
38.651	-8.814	1.5441E-01	2
38.649	-8.777	1.9269E-01	0
38.647	-8.741	1.5666E-01	2
38.644	-8.705	1.7109E-01	0
38.642	-8.670	1.8022E-01	2
38.640	-8.634	1.1738E-01	0
38.638	-8.599	9.8243E-02	2
38.636	-8.564	1.2066E-01	0
38.634	-8.529	1.4117E-01	2
38.632	-8.494	1.7048E-01	0
38.630	-8.459	2.0152E-01	2
38.627	-8.425	1.6745E-01	0
38.625	-8.390	1.6146E-01	2
38.623	-8.355	1.5916E-01	0
38.621	-8.321	1.2079E-01	2
38.619	-8.287	1.2509E-01	0
38.617	-8.253	1.0838E-01	2
38.659	-9.225	1.4836E-01	0
38.656	-9.186	1.4681E-01	2
38.654	-9.149	1.5391E-01	0
38.652	-9.111	1.5179E-01	2
38.650	-9.073	1.6946E-01	0
38.648	-9.036	1.9300E-01	2
38.646	-8.999	1.8293E-01	0
38.644	-8.961	1.6474E-01	2
38.642	-8.924	1.6017E-01	0
38.640	-8.888	1.6321E-01	3
38.638	-8.851	1.2988E-01	0
38.636	-8.815	1.2487E-01	2
38.634	-8.778	1.4202E-01	0
38.631	-8.742	1.7823E-01	3
38.629	-8.707	1.8132E-01	0
38.627	-8.671	1.4991E-01	3
38.625	-8.635	1.3233E-01	0
38.623	-8.600	1.0076E-01	3
38.621	-8.565	1.3893E-01	0
38.619	-8.530	1.7365E-01	3
38.617	-8.495	1.9509E-01	0
38.615	-8.461	2.1923E-01	3
38.613	-8.426	1.5538E-01	0
38.610	-8.391	1.8536E-01	3
38.608	-8.357	1.3253E-01	0
38.606	-8.322	1.1595E-01	3
38.604	-8.288	1.0225E-01	0
38.602	-8.254	1.0781E-01	3
38.643	-9.226	1.4855E-01	0
38.641	-9.187	1.5413E-01	2
38.639	-9.150	1.5011E-01	0
38.637	-9.112	1.7567E-01	2
38.635	-9.075	3.2442E-01	0
38.633	-9.037	2.0080E-01	2
38.631	-9.000	1.6660E-01	0
38.629	-8.962	1.7834E-01	2
38.627	-8.925	1.7830E-01	0
38.625	-8.889	1.6863E-01	2
38.623	-8.852	1.7771E-01	0
38.620	-8.816	1.7414E-01	2
38.618	-8.780	2.0765E-01	0
38.616	-8.744	1.7589E-01	2
38.614	-8.708	2.3290E-01	0
38.612	-8.672	1.5575E-01	2
38.610	-8.637	1.3768E-01	0
38.608	-8.601	1.6561E-01	2
38.606	-8.566	1.8525E-01	0
38.604	-8.531	1.7056E-01	2
38.602	-8.497	1.5300E-01	0
38.600	-8.462	2.0332E-01	2
38.598	-8.427	1.6694E-01	0
38.596	-8.392	1.9106E-01	2
38.594	-8.358	1.3536E-01	0
38.591	-8.324	1.1393E-01	2
38.589	-8.290	1.3360E-01	0
38.587	-8.256	1.0310E-01	3
38.627	-9.228	1.2229E-01	0
38.625	-9.189	1.5127E-01	2
38.623	-9.151	1.5086E-01	0
38.621	-9.113	1.6968E-01	2
38.619	-9.076	2.6287E-01	0
38.617	-9.038	2.9714E-01	2
38.615	-9.000	1.9211E-01	0
38.613	-8.963	1.7619E-01	3
38.611	-8.926	1.8684E-01	0
38.609	-8.890	1.8562E-01	3
38.607	-8.853	1.7033E-01	0
38.605	-8.817	1.8163E-01	2
38.603	-8.781	1.8825E-01	0
38.601	-8.745	1.6846E-01	3
38.599	-8.709	2.0344E-01	0
38.597	-8.674	1.7323E-01	3
38.595	-8.638	1.5765E-01	0
38.593	-8.603	1.0558E-01	3
38.591	-8.568	1.1146E-01	0
38.589	-8.533	1.2822E-01	2
38.587	-8.498	1.6838E-01	0
38.585	-8.464	1.6540E-01	2
38.583	-8.428	1.4187E-01	0
38.581	-8.393	1.2961E-01	3
38.579	-8.359	1.6892E-01	0
38.577	-8.325	1.2422E-01	3
38.575	-8.291	1.2726E-01	0
38.573	-8.258	1.0943E-01	3
38.612	-9.229	7.9751E-02	0
38.610	-9.190	1.4894E-01	2
38.608	-9.152	1.4802E-01	0
38.606	-9.114	1.4066E-01	2
38.604	-9.077	2.2118E-01	0
38.602	-9.039	3.2480E-01	2
38.600	-9.002	2.4275E-01	0
38.598	-8.964	1.7290E-01	2
38.596	-8.927	2.3414E-01	0
38.594	-8.891	1.9429E-01	2
38.592	-8.855	1.9696E-01	0
38.590	-8.818	1.7595E-01	2
38.588	-8.782	1.7257E-01	0
38.586	-8.746	1.8323E-01	2
38.584	-8.711	2.4782E-01	0
38.582	-8.675	1.3121E-01	2
38.580	-8.640	1.5085E-01	0
38.578	-8.604	1.1601E-01	2
38.576	-8.569	1.1422E-01	0
38.574	-8.534	1.7481E-01	2
38.572	-8.499	2.0001E-01	0
38.570	-8.464	2.2076E-01	2
38.568	-8.430	2.1888E-01	0
38.566	-8.395	1.5144E-01	2
38.564	-8.360	1.7206E-01	0
38.562	-8.327	1.3010E-01	2
38.560	-8.293	1.1898E-01	0
38.558	-8.259	1.2321E-01	2
38.596	-9.230	6.1707E-02	0
38.594	-9.191	1.0957E-01	2
38.592	-9.153	1.1509E-01	0
38.590	-9.115	1.1695E-01	2
38.589	-9.078	1.9597E-01	0
38.587	-9.040	2.9705E-01	2
38.585	-9.003	2.8361E-01	0
38.583	-8.965	1.8927E-01	3
38.581	-8.928	1.6907E-01	0
38.579	-8.891	2.2369E-01	3
38.577	-8.856	1.9373E-01	0
38.575	-8.820	1.8556E-01	2
38.573	-8.784	1.9276E-01	0
38.571	-8.748	1.4736E-01	3
38.569	-8.712	1.3337E-01	0
38.567	-8.676	1.5918E-01	2
38.565	-8.640	1.4639E-01	0
38.563	-8.605	1.2278E-01	2
38.561	-8.570	1.4871E-01	0
38.559	-8.535	1.3479E-01	2
38.557	-8.500	1.7094E-01	0
38.555	-8.466	2.2959E-01	2
38.553	-8.431	1.8454E-01	0
38.551	-8.396	1.6881E-01	2
38.549	-8.362	1.5052E-01	0
38.547	-8.328	1.6942E-01	3
38.545	-8.294	1.1314E-01	0
38.543	-8.261	1.1073E-01	3
38.581	-9.231	5.5265E-02	0
38.579	-9.192	9.2085E-02	2
38.577	-9.154	1.0807E-01	0
38.575	-9.116	1.2451E-01	2
38.573	-9.079	1.7238E-01	0
38.571	-9.041	2.2771E-01	2
38.569	-9.004	3.1713E-01	0
38.567	-8.966	2.1779E-01	2
38.565	-8.929	2.0368E-01	0
38.564	-8.893	1.8791E-01	2
38.562	-8.857	1.6860E-01	0
38.560	-8.821	2.3357E-01	2
38.558	-8.785	1.8645E-01	0
38.556	-8.749	1.5906E-01	2
38.554	-8.713	2.3416E-01	0
38.552	-8.677	1.8432E-01	2
38.550	-8.642	1.1728E-01	0
38.548	-8.606	1.1920E-01	2
38.546	-8.571	1.0146E-01	0
38.544	-8.536	1.5225E-01	2
38.542	-8.502	1.8467E-01	0
38.541	-8.468	2.2388E-01	2
38.539	-8.433	2.1020E-01	0
38.537	-8.398	1.6674E-01	2
38.535	-8.363	1.3953E-01	0
38.533	-8.329	1.6886E-01	2
38.531	-8.296	1.2059E-01	0
38.529	-8.263	1.1561E-01	2
38.565	-9.233	5.2169E-02	0
38.563	-9.194	8.2877E-02	2
38.561	-9.155	1.0051E-01	0
38.560	-9.117	1.1265E-01	2
38.558	-9.079	1.5995E-01	0
38.556	-9.042	1.8273E-01	2
38.554	-9.005	2.4781E-01	0
38.552	-8.966	2.7381E-01	3
38.550	-8.929	1.8694E-01	0
38.548	-8.894	1.6423E-01	2
38.546	-8.858	1.6621E-01	0
38.545	-8.822	1.9945E-01	2
38.543	-8.786	1.2267E-01	0
38.541	-8.750	1.2949E-01	2
38.539	-8.714	1.6208E-01	0
38.537	-8.679	1.0667E-01	2
38.535	-8.643	1.2355E-01	0
38.533	-8.607	1.2623E-01	2
38.531	-8.573	1.0829E-01	0
38.529	-8.538	1.4326E-01	2
38.528	-8.504	1.8317E-01	0
38.526	-8.469	1.3930E-01	2
38.524	-8.434	1.5409E-01	0
38.522	-8.399	1.7011E-01	2
38.520	-8.365	1.2786E-01	0
38.518	-8.331	1.4520E-01	2
38.516	-8.297	1.4944E-01	0
38.514	-8.264	1.4740E-01	2
38.616	-9.235	8.0130E-02	0
38.614	-9.195	1.4585E-01	2
38.612	-9.157	1.4272E-01	0
38.610	-9.120	1.4457E-01	2
38.607	-9.082	2.0979E-01	0
38.605	-9.045	3.3514E-01	2
38.603	-9.007	2.4256E-01	0
38.601	-8.970	1.7417E-01	2
38.599	-8.933	2.3848E-01	0
38.596	-8.896	1.9498E-01	2
38.594	-8.860	1.9633E-01	0
38.592	-8.824	1.8048E-01	2
38.590	-8.788	1.7661E-01	0
38.588	-8.752	1.7115E-01	2
38.585	-8.716	2.6354E-01	0
38.583	-8.681	1.3976E-01	2
38.581	-8.645	1.4369E-01	0
38.579	-8.610	1.2412E-01	2
38.577	-8.575	1.1485E-01	0
38.574	-8.540	1.6043E-01	2
38.572	-8.505	2.0083E-01	0
38.570	-8.470	2.2227E-01	2
38.568	-8.436	2.2842E-01	0
38.566	-8.401	1.5395E-01	2
38.563	-8.366	1.7718E-01	0
38.561	-8.332	1.4353E-01	2
38.559	-8.299	1.1961E-01	0
38.557	-8.265	1.2948E-01	2
38.601	-9.236	6.1644E-02	0
38.598	-9.196	1.1196E-01	2
38.596	-9.158	1.3230E-01	0
38.594	-9.121	1.1607E-01	2
38.592	-9.083	1.8733E-01	0
38.590	-9.046	3.0575E-01	2
38.588	-9.008	2.8326E-01	0
38.585	-8.971	1.8688E-01	2
38.583	-8.934	1.6939E-01	0
38.581	-8.897	2.1512E-01	3
38.579	-8.861	2.0355E-01	0
38.577	-8.825	1.8367E-01	3
38.575	-8.789	1.9188E-01	0
38.573	-8.753	1.4661E-01	2
38.570	-8.718	1.3998E-01	0
38.568	-8.682	1.4968E-01	2
38.566	-8.646	1.5852E-01	0
38.564	-8.611	1.2015E-01	2
38.562	-8.575	1.5016E-01	0
38.559	-8.541	1.3165E-01	2
38.557	-8.506	1.6686E-01	0
38.555	-8.472	2.3549E-01	3
38.553	-8.437	1.8172E-01	0
38.551	-8.402	1.8104E-01	3
38.549	-8.368	1.4500E-01	0
38.546	-8.334	1.7237E-01	3
38.544	-8.300	1.1728E-01	0
38.542	-8.267	1.0885E-01	3
38.585	-9.237	5.4951E-02	0
38.583	-9.198	9.0444E-02	2
38.581	-9.159	1.1181E-01	0
38.579	-9.121	1.1556E-01	2
38.577	-9.084	1.6714E-01	0
38.574	-9.047	2.2692E-01	2
38.572	-9.009	3.3955E-01	0
38.570	-8.972	2.2641E-01	2
38.568	-8.934	1.9999E-01	0
38.566	-8.897	2.0667E-01	2
38.564	-8.862	1.6778E-01	0
38.562	-8.827	2.1658E-01	2
38.560	-8.790	2.0753E-01	0
38.557	-8.755	1.6063E-01	2
38.555	-8.719	2.1668E-01	0
38.553	-8.683	1.9872E-01	2
38.551	-8.647	1.2727E-01	0
38.549	-8.612	1.1751E-01	2
38.547	-8.577	1.0347E-01	0
38.545	-8.542	1.4163E-01	2
38.542	-8.507	1.7519E-01	0
38.540	-8.473	2.3474E-01	2
38.538	-8.438	1.9940E-01	0
38.536	-8.404	1.8274E-01	2
38.534	-8.369	1.3319E-01	0
38.532	-8.335	1.7645E-01	2
38.530	-8.302	1.2793E-01	0
38.528	-8.269	1.2389E-01	2
38.570	-9.238	5.2428E-02	0
38.567	-9.199	8.0731E-02	2
38.565	-9.160	1.0473E-01	0
38.563	-9.122	1.1063E-01	2
38.561	-9.085	1.6053E-01	0
38.559	-9.048	1.8222E-01	2
38.557	-9.010	2.3515E-01	0
38.555	-8.972	3.0092E-01	2
38.553	-8.935	1.9814E-01	0
38.551	-8.899	1.7606E-01	3
38.549	-8.864	1.5815E-01	0
38.547	-8.828	2.2040E-01	2
38.544	-8.792	1.3342E-01	0
38.542	-8.756	1.2735E-01	2
38.540	-8.720	1.8178E-01	0
38.538	-8.684	1.1692E-01	2
38.536	-8.648	1.1846E-01	0
38.534	-8.613	1.3622E-01	2
38.532	-8.578	1.0641E-01	0
38.530	-8.544	1.3553E-01	3
38.528	-8.509	1.8711E-01	0
38.526	-8.475	1.4332E-01	3
38.523	-8.440	1.4529E-01	0
38.521	-8.405	1.8228E-01	3
38.519	-8.371	1.2679E-01	0
38.517	-8.336	1.4538E-01	3
38.515	-8.303	1.4498E-01	0
38.513	-8.270	1.5623E-01	3
38.554	-9.239	5.2169E-02	0
38.552	-9.200	6.8869E-02	2
38.550	-9.162	9.4952E-02	0
38.548	-9.124	9.3862E-02	2
38.546	-9.086	1.2434E-01	0
38.544	-9.049	1.7420E-01	2
38.542	-9.011	2.6941E-01	0
38.539	-8.973	2.2463E-01	3
38.537	-8.935	1.4820E-01	0
38.535	-8.901	1.5485E-01	2
38.533	-8.865	1.6078E-01	0
38.531	-8.829	1.3559E-01	2
38.529	-8.793	1.2328E-01	0
38.527	-8.757	1.0759E-01	2
38.525	-8.721	9.7954E-02	0
38.523	-8.686	1.0773E-01	2
38.521	-8.650	1.0734E-01	0
38.519	-8.614	1.2364E-01	2
38.517	-8.579	1.1577E-01	0
38.515	-8.545	1.3106E-01	2
38.513	-8.511	1.7555E-01	0
38.511	-8.476	1.6891E-01	2
38.509	-8.441	1.3719E-01	0
38.507	-8.407	1.9507E-01	2
38.504	-8.373	1.5714E-01	0
38.502	-8.338	1.3479E-01	2
38.500	-8.305	1.4422E-01	0
38.498	-8.271	1.2444E-01	2
38.538	-9.240	5.2418E-02	0
38.536	-9.202	6.2681E-02	2
38.534	-9.163	9.6211E-02	0
38.532	-9.125	1.0161E-01	2
38.530	-9.087	1.0473E-01	0
38.528	-9.050	1.2676E-01	2
38.526	-9.012	1.9116E-01	0
38.524	-8.975	1.9804E-01	2
38.522	-8.938	1.3630E-01	0
38.520	-8.902	1.2601E-01	2
38.518	-8.866	1.4768E-01	0
38.516	-8.830	1.3639E-01	2
38.514	-8.794	1.2227E-01	0
38.512	-8.758	9.7028E-02	2
38.510	-8.723	9.3167E-02	0
38.508	-8.687	9.2962E-02	2
38.506	-8.651	1.1650E-01	0
38.504	-8.615	1.0926E-01	2
38.502	-8.581	1.2034E-01	0
38.500	-8.546	1.2057E-01	3
38.498	-8.511	2.1565E-01	0
38.496	-8.477	1.3853E-01	3
38.494	-8.442	1.3536E-01	0
38.492	-8.408	1.6119E-01	3
38.490	-8.374	1.3386E-01	0
38.488	-8.340	1.3151E-01	3
38.486	-8.306	2.0661E-01	0
38.484	-8.273	1.4612E-01	3
38.523	-9.241	5.4876E-02	0
38.521	-9.203	6.7917E-02	2
38.519	-9.165	9.9293E-02	0
38.517	-9.126	9.5044E-02	2
38.515	-9.088	1.2023E-01	0
38.513	-9.051	1.2045E-01	2
38.511	-9.012	1.4466E-01	0
38.509	-8.976	1.3173E-01	2
38.507	-8.940	9.1532E-02	0
38.505	-8.904	6.5262E-02	2
38.503	-8.868	6.9026E-02	0
38.501	-8.831	1.2782E-01	2
38.499	-8.795	1.3051E-01	0
38.497	-8.760	9.6391E-02	2
38.495	-8.724	9.0276E-02	0
38.493	-8.688	1.1212E-01	2
38.491	-8.652	1.1624E-01	0
38.489	-8.617	1.3061E-01	2
38.487	-8.583	1.2587E-01	0
38.485	-8.547	1.2201E-01	2
38.483	-8.512	1.6234E-01	0
38.481	-8.478	1.2616E-01	2
38.479	-8.443	1.7389E-01	0
38.477	-8.409	1.3388E-01	2
38.475	-8.375	1.3963E-01	0
38.473	-8.342	1.4768E-01	2
38.471	-8.307	1.4853E-01	0
38.469	-8.274	1.3615E-01	2
38.507	-9.243	7.3858E-02	0
38.505	-9.204	1.2592E-01	2
38.503	-9.166	1.6087E-01	0
38.501	-9.127	1.0462E-01	2
38.499	-9.089	1.0422E-01	0
38.497	-9.051	1.1597E-01	2
38.495	-9.014	1.5291E-01	0
38.493	-8.975	1.5703E-01	2
38.492	-8.940	1.1242E-01	0
38.490	-8.906	1.0416E-01	2
38.488	-8.869	7.1662E-02	0
38.486	-8.833	8.2972E-02	2
38.484	-8.797	1.1798E-01	0
38.482	-8.761	8.7713E-02	2
38.480	-8.725	9.0769E-02	0
38.478	-8.689	1.1833E-01	3
38.476	-8.654	1.4684E-01	0
38.474	-8.619	1.4554E-01	3
38.472	-8.584	1.2165E-01	0
38.470	-8.548	1.3054E-01	3
38.468	-8.514	1.4533E-01	0
38.466	-8.479	1.6556E-01	3
38.464	-8.445	1.7256E-01	0
38.462	-8.411	1.1725E-01	3
38.460	-8.377	1.3892E-01	0
38.458	-8.343	1.2040E-01	3
38.456	-8.309	1.8500E-01	0
38.454	-8.275	1.7839E-01	3
38.492	-9.244	6.5336E-02	0
38.490	-9.205	1.3551E-01	2
38.488	-9.167	1.5261E-01	0
38.486	-9.128	1.3140E-01	2
38.484	-9.090	1.2052E-01	0
38.482	-9.052	1.2006E-01	2
38.480	-9.013	2.2255E-01	0
38.478	-8.978	1.3750E-01	2
38.476	-8.943	7.2701E-02	0
38.475	-8.907	9.6028E-02	2
38.473	-8.870	9.1167E-02	0
38.471	-8.834	6.3341E-02	2
38.469	-8.798	7.8039E-02	0
38.467	-8.762	7.3812E-02	2
38.465	-8.726	8.9945E-02	0
38.463	-8.690	1.1833E-01	2
38.461	-8.655	1.4997E-01	0
38.459	-8.620	1.6156E-01	2
38.457	-8.585	1.9480E-01	0
38.455	-8.550	1.6249E-01	2
38.453	-8.515	1.6251E-01	0
38.451	-8.481	1.5275E-01	2
38.449	-8.447	1.4663E-01	0
38.448	-8.413	1.4215E-01	2
38.446	-8.379	1.5003E-01	0
38.444	-8.345	1.3525E-01	2
38.442	-8.311	1.6601E-01	0
38.440	-8.277	1.4885E-01	2
38.476	-9.245	6.2119E-02	0
38.474	-9.207	1.7036E-01	2
38.472	-9.168	1.6861E-01	0
38.470	-9.129	1.3296E-01	2
38.469	-9.091	1.3218E-01	0
38.467	-9.053	1.2352E-01	3
38.465	-9.014	1.5408E-01	0
38.463	-8.981	1.0495E-01	2
38.461	-8.945	5.4757E-02	0
38.459	-8.908	5.5062E-02	2
38.457	-8.872	9.3486E-02	0
38.456	-8.835	8.1700E-02	3
38.454	-8.799	6.4643E-02	0
38.452	-8.763	7.0850E-02	3
38.450	-8.728	8.7557E-02	0
38.448	-8.692	8.8476E-02	3
38.446	-8.656	1.1058E-01	0
38.444	-8.622	1.2920E-01	3
38.442	-8.586	1.3797E-01	0
38.440	-8.551	1.4942E-01	3
38.438	-8.517	1.3954E-01	0
38.437	-8.482	1.2193E-01	3
38.435	-8.448	1.3439E-01	0
38.433	-8.414	1.4257E-01	3
38.431	-8.380	1.0185E-01	0
38.429	-8.346	1.3657E-01	3
38.427	-8.313	1.2048E-01	0
38.425	-8.279	1.0185E-01	3
