-8.415	39.349	1.9641E-02	3
-8.371	39.347	1.9231E-02	0
-8.326	39.345	1.2900E-02	3
-8.282	39.343	1.5688E-02	0
-8.879	39.349	1.7837E-02	3
-8.832	39.347	2.5849E-02	3
-8.784	39.346	2.8999E-02	3
-8.737	39.344	2.9238E-02	3
-8.691	39.342	3.3388E-02	3
-8.645	39.341	3.6850E-02	3
-8.600	39.339	3.8641E-02	3
-8.555	39.337	7.9055E-02	3
-8.509	39.336	7.9593E-02	3
-8.463	39.334	3.3575E-02	3
-8.417	39.332	1.3879E-02	3
-8.373	39.330	2.0180E-02	3
-8.328	39.329	2.1310E-02	3
-8.284	39.327	2.1268E-02	3
-8.562	39.349	6.0148E-02	3
-8.516	39.347	7.6879E-02	3
-8.470	39.345	4.0848E-02	3
-8.423	39.343	1.6638E-02	3
-8.379	39.341	1.7727E-02	2
-8.335	39.339	1.6969E-02	3
-8.291	39.337	1.5410E-02	3
-8.982	39.349	2.7986E-02	3
-8.934	39.347	3.6684E-02	1
-8.887	39.345	1.8974E-02	3
-8.840	39.343	2.6204E-02	1
-8.792	39.342	3.0085E-02	3
-8.744	39.340	2.6679E-02	1
-8.699	39.338	3.5823E-02	3
-8.653	39.336	5.2409E-02	0
-8.608	39.334	4.0951E-02	3
-8.563	39.332	7.9929E-02	2
-8.517	39.330	7.8390E-02	3
-8.472	39.328	5.1499E-02	0
-8.426	39.326	1.8288E-02	3
-8.381	39.324	2.8111E-02	0
-8.336	39.322	2.1232E-02	3
-8.292	39.320	3.0186E-02	0
-9.230	39.341	3.8725E-02	3
-9.180	39.339	4.2948E-02	3
-9.130	39.337	2.7678E-02	3
-9.081	39.336	2.4633E-02	3
-9.031	39.334	1.9882E-02	3
-8.983	39.332	2.2790E-02	3
-8.936	39.330	5.0773E-02	3
-8.888	39.328	2.6761E-02	3
-8.841	39.327	2.5088E-02	3
-8.793	39.325	3.7018E-02	3
-8.746	39.323	3.5823E-02	3
-8.700	39.321	3.5949E-02	3
-8.654	39.319	4.5414E-02	3
-8.609	39.317	5.7268E-02	3
-8.564	39.315	8.1249E-02	3
-8.518	39.314	6.8584E-02	3
-8.472	39.312	2.6429E-02	3
-8.427	39.310	3.3373E-02	3
-8.382	39.308	3.5460E-02	2
-8.337	39.306	2.8599E-02	3
-8.292	39.304	2.3481E-02	3
-9.231	39.324	7.7638E-02	0
-9.181	39.322	5.5097E-02	3
-9.130	39.320	3.7397E-02	1
-9.082	39.318	3.5571E-02	3
-9.033	39.317	4.8079E-02	0
-8.983	39.315	2.6665E-02	3
-8.936	39.313	5.5799E-02	0
-8.889	39.311	3.7814E-02	3
-8.841	39.310	3.9960E-02	0
-8.794	39.308	3.1433E-02	3
-8.747	39.306	4.8530E-02	0
-8.701	39.304	4.1407E-02	3
-8.655	39.302	4.7769E-02	1
-8.610	39.301	5.6737E-02	3
-8.565	39.299	7.0144E-02	2
-8.519	39.297	5.4820E-02	3
-8.472	39.295	1.7379E-02	2
-8.427	39.293	1.6156E-02	3
-8.382	39.291	3.7857E-02	0
-8.338	39.289	2.6004E-02	3
-8.293	39.288	2.8373E-02	0
-9.230	39.306	3.7518E-02	3
-9.182	39.305	4.6545E-02	3
-9.131	39.303	4.2279E-02	3
-9.082	39.301	4.1464E-02	3
-9.033	39.300	3.2830E-02	3
-8.984	39.298	2.2006E-02	3
-8.938	39.296	2.6770E-02	3
-8.890	39.294	3.1461E-02	3
-8.842	39.293	3.1745E-02	3
-8.795	39.291	3.2243E-02	3
-8.749	39.289	3.8610E-02	3
-8.702	39.287	3.5568E-02	3
-8.657	39.286	4.4905E-02	3
-8.611	39.284	6.4852E-02	3
-8.565	39.282	6.4138E-02	3
-8.519	39.280	3.6821E-02	3
-8.473	39.278	1.8125E-02	3
-8.427	39.277	2.2116E-02	3
-8.383	39.275	2.1213E-02	3
-8.339	39.273	2.6211E-02	3
-8.295	39.271	3.1312E-02	3
-8.251	39.269	2.2834E-02	3
-9.231	39.289	4.0993E-02	1
-9.182	39.288	4.8181E-02	3
-9.133	39.286	6.1222E-02	0
-9.083	39.284	4.3423E-02	3
-9.034	39.283	3.5018E-02	1
-8.985	39.281	2.0227E-02	3
-8.938	39.279	2.7426E-02	0
-8.891	39.278	2.7022E-02	3
-8.844	39.276	3.4387E-02	1
-8.797	39.274	3.3195E-02	3
-8.750	39.272	3.8672E-02	2
-8.703	39.271	4.5062E-02	3
-8.658	39.269	5.0808E-02	1
-8.612	39.267	7.2814E-02	3
-8.566	39.266	7.2431E-02	2
-8.520	39.264	3.1256E-02	3
-8.474	39.262	2.4403E-02	2
-8.428	39.260	3.2152E-02	3
-8.384	39.258	3.0881E-02	0
-8.340	39.257	2.6065E-02	3
-8.296	39.255	3.3815E-02	0
-8.252	39.253	2.4878E-02	3
-9.231	39.272	4.9417E-02	3
-9.183	39.270	5.2804E-02	3
-9.134	39.269	5.1015E-02	3
-9.085	39.267	4.2051E-02	3
-9.035	39.265	2.8858E-02	3
-8.987	39.264	1.5343E-02	3
-8.939	39.262	1.8898E-02	3
-8.892	39.261	3.0405E-02	3
-8.844	39.259	2.9426E-02	3
-8.798	39.257	2.8137E-02	3
-8.751	39.256	3.5828E-02	3
-8.704	39.254	6.8390E-02	3
-8.659	39.252	6.4854E-02	3
-8.613	39.251	7.3833E-02	3
-8.567	39.249	6.4326E-02	3
-8.520	39.247	3.2705E-02	3
-8.475	39.245	1.9770E-02	3
-8.430	39.244	2.8053E-02	3
-8.385	39.242	2.6089E-02	3
-8.341	39.240	2.6466E-02	3
-8.297	39.238	2.2590E-02	3
-8.254	39.237	2.4868E-02	3
-9.236	39.339	6.6417E-02	0
-9.187	39.337	4.7795E-02	3
-9.135	39.335	4.8058E-02	0
-9.087	39.333	2.7606E-02	3
-9.037	39.331	3.8064E-02	0
-8.989	39.329	2.6144E-02	3
-8.942	39.327	6.3241E-02	0
-8.894	39.324	4.0039E-02	3
-8.847	39.322	3.8153E-02	0
-8.799	39.320	3.6025E-02	3
-8.752	39.318	4.8968E-02	0
-8.706	39.316	3.7024E-02	3
-8.661	39.314	6.1988E-02	0
-8.615	39.312	5.6717E-02	3
-8.570	39.310	9.3833E-02	0
-8.524	39.308	7.3886E-02	3
-8.478	39.306	3.3825E-02	0
-8.432	39.303	2.7321E-02	3
-8.388	39.301	4.9613E-02	0
-8.343	39.299	3.7914E-02	3
-8.299	39.297	3.1278E-02	0
-8.255	39.295	2.3598E-02	3
-9.236	39.322	5.0332E-02	3
-9.187	39.320	5.9812E-02	3
-9.135	39.318	4.1070E-02	3
-9.087	39.316	3.7132E-02	3
-9.039	39.314	3.6023E-02	3
-8.990	39.312	2.5272E-02	3
-8.942	39.310	3.4346E-02	3
-8.895	39.308	3.5984E-02	3
-8.847	39.305	2.8487E-02	3
-8.800	39.303	3.2121E-02	3
-8.753	39.301	3.6199E-02	3
-8.707	39.299	3.9399E-02	3
-8.661	39.297	4.6318E-02	3
-8.616	39.295	5.7458E-02	3
-8.571	39.293	6.8357E-02	3
-8.525	39.291	5.0041E-02	3
-8.478	39.289	2.0105E-02	3
-8.433	39.287	1.3602E-02	3
-8.388	39.285	2.1475E-02	3
-8.344	39.283	2.1968E-02	3
-8.300	39.281	2.5658E-02	3
-8.256	39.279	2.2283E-02	3
-9.236	39.304	5.1374E-02	0
-9.188	39.302	4.6002E-02	3
-9.137	39.300	6.1532E-02	0
-9.088	39.298	4.3899E-02	3
-9.039	39.296	4.8441E-02	0
-8.990	39.294	2.3670E-02	3
-8.943	39.293	3.8621E-02	0
-8.896	39.291	3.6704E-02	3
-8.849	39.289	5.1150E-02	0
-8.801	39.287	3.5805E-02	3
-8.755	39.285	5.7977E-02	0
-8.708	39.283	4.3668E-02	3
-8.663	39.281	4.5827E-02	1
-8.617	39.279	6.4874E-02	3
-8.571	39.277	7.4442E-02	2
-8.526	39.275	4.0556E-02	3
-8.480	39.272	3.2504E-02	0
-8.434	39.270	3.2138E-02	3
-8.389	39.268	3.3130E-02	0
-8.345	39.266	2.7819E-02	3
-8.301	39.264	4.1641E-02	0
-8.257	39.262	2.6332E-02	3
-9.236	39.287	4.6953E-02	3
-9.188	39.285	5.1563E-02	3
-9.139	39.283	4.6464E-02	3
-9.089	39.281	4.5791E-02	3
-9.040	39.279	3.8744E-02	3
-8.991	39.277	2.2863E-02	3
-8.944	39.276	1.6947E-02	3
-8.897	39.274	2.3459E-02	3
-8.850	39.272	3.3636E-02	3
-8.803	39.270	3.2140E-02	3
-8.756	39.268	4.0203E-02	3
-8.709	39.266	5.7205E-02	3
-8.664	39.264	5.7905E-02	3
-8.618	39.262	7.9269E-02	3
-8.572	39.260	7.6312E-02	3
-8.526	39.258	3.6910E-02	3
-8.480	39.256	2.3498E-02	3
-8.435	39.254	3.0087E-02	3
-8.390	39.252	2.2769E-02	3
-8.347	39.250	2.6800E-02	3
-8.302	39.248	2.6843E-02	3
-8.259	39.246	2.7456E-02	3
-9.237	39.270	6.6715E-02	0
-9.189	39.268	5.2103E-02	3
-9.140	39.266	5.4803E-02	1
-9.090	39.264	4.1413E-02	3
-9.041	39.262	3.0885E-02	2
-8.992	39.260	1.4713E-02	3
-8.945	39.259	1.7231E-02	1
-8.898	39.257	2.9028E-02	3
-8.850	39.255	4.3740E-02	0
-8.803	39.253	3.1061E-02	3
-8.757	39.251	2.9566E-02	1
-8.710	39.249	6.0360E-02	3
-8.665	39.247	7.9118E-02	0
-8.619	39.245	6.9377E-02	3
-8.573	39.243	5.5586E-02	2
-8.526	39.241	3.1291E-02	3
-8.481	39.239	2.2391E-02	1
-8.436	39.237	2.9066E-02	3
-8.391	39.235	3.3924E-02	0
-8.347	39.234	2.7529E-02	3
-8.303	39.232	2.6753E-02	0
-8.260	39.230	2.4739E-02	3
-9.239	39.252	5.0000E-02	3
-9.190	39.251	5.2757E-02	3
-9.141	39.249	5.5101E-02	3
-9.091	39.247	4.4406E-02	3
-9.041	39.245	2.7678E-02	3
-8.993	39.243	2.2110E-02	3
-8.946	39.242	3.0572E-02	3
-8.898	39.240	2.9743E-02	3
-8.851	39.238	3.3938E-02	3
-8.804	39.236	2.9541E-02	3
-8.758	39.234	2.8353E-02	3
-8.711	39.232	4.9103E-02	3
-8.665	39.230	6.5770E-02	3
-8.620	39.229	6.8005E-02	3
-8.574	39.227	4.6518E-02	3
-8.528	39.225	3.1538E-02	3
-8.482	39.223	2.2600E-02	3
-8.437	39.221	2.3182E-02	3
-8.393	39.219	3.0085E-02	3
-8.348	39.217	2.7974E-02	3
-8.305	39.215	3.2107E-02	3
-8.261	39.213	2.9399E-02	3
-9.240	39.235	6.2825E-02	0
-9.190	39.233	3.2633E-02	3
-9.141	39.232	3.2849E-02	2
-9.092	39.230	4.1380E-02	3
-9.042	39.228	4.0351E-02	0
-8.994	39.226	2.9474E-02	3
-8.947	39.225	3.7980E-02	0
-8.900	39.223	3.0137E-02	3
-8.852	39.221	3.8876E-02	0
-8.805	39.219	2.6971E-02	3
-8.758	39.217	4.5562E-02	0
-8.713	39.216	3.4679E-02	3
-8.667	39.214	8.0158E-02	0
-8.621	39.212	9.1187E-02	3
-8.575	39.210	6.4498E-02	2
-8.528	39.208	3.2470E-02	3
-8.483	39.206	2.1603E-02	2
-8.438	39.204	2.8609E-02	3
-8.394	39.203	3.1887E-02	0
-8.350	39.201	2.5310E-02	3
-8.306	39.199	3.1979E-02	0
-8.261	39.197	2.4224E-02	3
-9.242	39.218	4.4063E-02	3
-9.191	39.216	2.5988E-02	3
-9.142	39.214	2.3827E-02	3
-9.093	39.213	3.3750E-02	3
-9.041	39.211	2.0557E-02	3
-8.994	39.209	2.4294E-02	3
-8.948	39.208	5.2809E-02	3
-8.900	39.206	3.8577E-02	3
-8.853	39.204	2.7002E-02	3
-8.806	39.202	2.2287E-02	3
-8.759	39.201	3.7578E-02	3
-8.714	39.199	5.4438E-02	3
-8.668	39.197	6.6203E-02	3
-8.621	39.195	7.9282E-02	3
-8.575	39.193	7.4383E-02	3
-8.529	39.192	5.3791E-02	3
-8.484	39.190	3.0027E-02	3
-8.440	39.188	3.2899E-02	3
-8.395	39.186	2.8571E-02	3
-8.351	39.184	2.6554E-02	3
-8.307	39.182	2.5507E-02	3
-8.262	39.181	2.9072E-02	3
-9.242	39.201	5.1060E-02	2
-9.192	39.199	3.6632E-02	3
-9.142	39.197	2.3702E-02	1
-9.092	39.196	3.4920E-02	3
-9.040	39.194	1.4901E-02	2
-8.995	39.192	1.9190E-02	3
-8.949	39.191	5.1439E-02	0
-8.901	39.189	2.7739E-02	3
-8.853	39.187	4.3934E-02	0
-8.806	39.185	3.3636E-02	3
-8.760	39.184	4.6030E-02	2
-8.715	39.182	6.8503E-02	3
-8.669	39.180	7.1215E-02	2
-8.622	39.179	6.6504E-02	3
-8.576	39.177	7.5095E-02	2
-8.530	39.175	4.6031E-02	3
-8.486	39.173	3.9823E-02	2
-8.440	39.171	2.6286E-02	3
-8.396	39.170	3.5518E-02	0
-8.351	39.168	2.6349E-02	3
-8.307	39.166	2.8550E-02	0
-8.263	39.164	2.9086E-02	3
-9.243	39.183	3.5762E-02	3
-9.193	39.182	3.2975E-02	3
-9.143	39.180	2.9106E-02	3
-9.090	39.178	3.2525E-02	3
-9.039	39.177	1.8823E-02	3
-8.997	39.175	1.9368E-02	3
-8.950	39.174	2.9795E-02	3
-8.902	39.172	3.3550E-02	3
-8.854	39.170	4.0275E-02	2
-8.808	39.169	5.2282E-02	3
-8.762	39.167	5.8652E-02	2
-8.716	39.165	8.1983E-02	3
-8.670	39.164	7.4379E-02	3
-8.623	39.162	6.1916E-02	3
-8.576	39.160	4.3420E-02	2
-8.532	39.158	6.2948E-02	3
-8.486	39.157	3.3451E-02	2
-8.441	39.155	2.1455E-02	3
-8.396	39.153	3.0152E-02	2
-8.352	39.151	2.6623E-02	3
-8.308	39.150	2.1813E-02	3
-8.265	39.148	2.7104E-02	3
-9.247	39.251	5.0658E-02	2
-9.197	39.248	5.0385E-02	3
-9.149	39.246	6.3445E-02	0
-9.099	39.244	4.7022E-02	3
-9.050	39.242	4.1472E-02	0
-9.001	39.240	2.4946E-02	3
-8.954	39.238	4.6231E-02	0
-8.906	39.236	2.7753E-02	3
-8.859	39.234	3.1253E-02	2
-8.812	39.232	2.7143E-02	3
-8.766	39.230	3.0127E-02	2
-8.720	39.228	3.8412E-02	3
-8.674	39.226	6.1373E-02	1
-8.628	39.224	7.4883E-02	3
-8.582	39.221	7.1048E-02	0
-8.536	39.219	3.5717E-02	3
-8.491	39.217	3.0604E-02	0
-8.446	39.215	2.4486E-02	3
-8.401	39.213	3.0518E-02	2
-8.357	39.211	2.7100E-02	3
-8.313	39.209	3.0408E-02	3
-8.269	39.206	2.6723E-02	3
-9.249	39.233	5.4233E-02	3
-9.198	39.231	3.7301E-02	3
-9.149	39.229	3.3758E-02	3
-9.100	39.227	4.0013E-02	3
-9.050	39.225	3.2016E-02	3
-9.001	39.223	2.6838E-02	3
-8.955	39.221	3.0119E-02	3
-8.908	39.219	3.1406E-02	3
-8.860	39.217	3.1502E-02	3
-8.813	39.215	2.6590E-02	3
-8.766	39.213	3.1078E-02	3
-8.721	39.211	3.6994E-02	3
-8.675	39.209	6.0221E-02	3
-8.629	39.207	9.1663E-02	3
-8.583	39.205	7.4149E-02	2
-8.536	39.203	4.8722E-02	3
-8.491	39.201	2.6489E-02	3
-8.447	39.198	3.1724E-02	3
-8.402	39.196	2.7681E-02	3
-8.358	39.194	2.6044E-02	3
-8.314	39.192	2.7557E-02	3
-8.270	39.190	2.5881E-02	3
-9.250	39.216	6.3611E-02	0
-9.199	39.214	2.9218E-02	3
-9.150	39.212	3.7792E-02	0
-9.101	39.210	3.6123E-02	3
-9.049	39.208	3.3923E-02	0
-9.002	39.206	2.1001E-02	3
-8.956	39.204	6.9447E-02	0
-8.908	39.202	4.8894E-02	3
-8.861	39.200	3.0407E-02	2
-8.813	39.198	2.6493E-02	3
-8.767	39.196	4.6389E-02	1
-8.722	39.194	6.1545E-02	3
-8.676	39.192	9.1277E-02	0
-8.630	39.190	7.1663E-02	3
-8.583	39.188	7.8351E-02	1
-8.537	39.186	5.7662E-02	3
-8.493	39.184	4.6053E-02	0
-8.448	39.182	3.6338E-02	3
-8.404	39.180	3.8755E-02	0
-8.359	39.178	3.0137E-02	3
-8.315	39.176	2.6076E-02	2
-8.271	39.174	3.2306E-02	3
-9.250	39.199	5.4022E-02	3
-9.200	39.197	4.4724E-02	3
-9.150	39.195	2.8034E-02	3
-9.100	39.193	3.5980E-02	3
-9.046	39.191	1.9174E-02	2
-9.002	39.189	1.8108E-02	3
-8.957	39.187	3.4170E-02	2
-8.909	39.185	2.2786E-02	3
-8.861	39.183	3.3305E-02	2
-8.814	39.181	3.6971E-02	3
-8.768	39.179	4.7356E-02	3
-8.723	39.177	6.4524E-02	3
-8.677	39.176	7.4386E-02	3
-8.630	39.174	6.5943E-02	3
-8.584	39.171	6.9835E-02	3
-8.538	39.169	5.6736E-02	3
-8.494	39.168	4.4955E-02	3
-8.448	39.165	2.4544E-02	3
-8.403	39.163	2.7303E-02	3
-8.359	39.161	2.8379E-02	3
-8.315	39.159	2.3682E-02	3
-8.272	39.157	2.9902E-02	3
-9.201	39.180	3.1335E-02	3
-9.151	39.178	4.1953E-02	0
-9.098	39.176	3.2204E-02	3
-9.046	39.174	3.5782E-02	0
-9.004	39.172	2.0338E-02	3
-8.958	39.170	4.2273E-02	0
-8.910	39.168	3.8399E-02	3
-8.862	39.166	4.0672E-02	2
-8.816	39.164	5.1475E-02	3
-8.769	39.163	6.4003E-02	2
-8.724	39.161	8.4160E-02	3
-8.678	39.159	9.7814E-02	0
-8.631	39.157	6.9861E-02	3
-8.584	39.155	5.0182E-02	0
-8.540	39.153	6.0950E-02	3
-8.495	39.151	4.6022E-02	0
-8.449	39.149	2.0871E-02	3
-8.405	39.147	3.0385E-02	1
-8.361	39.145	2.8266E-02	3
-8.316	39.143	2.1740E-02	1
-8.273	39.141	3.0570E-02	3
-9.202	39.162	2.9231E-02	3
-9.152	39.160	2.7373E-02	1
-9.101	39.159	3.3116E-02	3
-9.053	39.157	2.8416E-02	2
-9.006	39.155	2.1099E-02	3
-8.958	39.153	1.9049E-02	2
-8.911	39.151	4.7288E-02	3
-8.863	39.149	4.8890E-02	3
-8.817	39.148	4.6374E-02	3
-8.771	39.146	5.0689E-02	3
-8.725	39.144	8.3571E-02	3
-8.678	39.142	8.2618E-02	3
-8.632	39.140	6.7808E-02	3
-8.585	39.138	2.7988E-02	3
-8.541	39.136	4.0142E-02	3
-8.496	39.134	2.6523E-02	1
-8.451	39.132	2.4088E-02	3
-8.406	39.131	2.6261E-02	3
-8.362	39.129	2.4338E-02	3
-8.317	39.127	2.1573E-02	3
-8.274	39.125	2.7853E-02	3
-9.203	39.145	3.8450E-02	3
-9.151	39.143	4.3662E-02	0
-9.101	39.141	3.5223E-02	3
-9.055	39.140	5.8592E-02	0
-9.007	39.138	3.7392E-02	3
-8.960	39.136	4.5602E-02	0
-8.912	39.134	4.8232E-02	3
-8.864	39.133	4.8468E-02	2
-8.818	39.131	3.8000E-02	3
-8.772	39.129	5.7017E-02	0
-8.726	39.127	7.1362E-02	3
-8.679	39.125	1.0816E-01	0
-8.633	39.123	6.6436E-02	3
-8.587	39.122	4.4937E-02	0
-8.542	39.120	3.7528E-02	3
-8.497	39.118	3.2351E-02	2
-8.452	39.116	2.8400E-02	3
-8.407	39.114	2.7106E-02	2
-8.363	39.112	2.4869E-02	3
-8.319	39.110	2.9529E-02	2
-8.275	39.108	2.6232E-02	3
-9.203	39.128	3.3435E-02	3
-9.151	39.126	2.4430E-02	2
-9.103	39.124	3.3000E-02	3
-9.056	39.123	3.1201E-02	3
-9.008	39.121	3.4495E-02	3
-8.961	39.119	2.5516E-02	2
-8.913	39.117	3.2453E-02	3
-8.865	39.116	3.4187E-02	3
-8.819	39.114	4.2481E-02	3
-8.773	39.112	4.8920E-02	3
-8.727	39.110	6.3267E-02	3
-8.680	39.109	4.8760E-02	3
-8.634	39.107	3.4088E-02	3
-8.588	39.105	3.2219E-02	2
-8.542	39.103	3.2651E-02	3
-8.497	39.101	3.2067E-02	2
-8.452	39.099	2.4016E-02	3
-8.407	39.098	2.7271E-02	3
-8.363	39.096	2.3656E-02	3
-8.320	39.094	2.5969E-02	3
-8.276	39.092	3.4475E-02	3
-9.203	39.111	3.2718E-02	3
-9.152	39.109	4.0998E-02	0
-9.105	39.107	4.0355E-02	3
-9.056	39.106	4.1386E-02	1
-9.008	39.104	3.1224E-02	3
-8.962	39.102	4.4730E-02	0
-8.914	39.100	2.3411E-02	3
-8.867	39.099	3.9709E-02	0
-8.820	39.097	2.8762E-02	3
-8.774	39.095	8.4611E-02	0
-8.727	39.094	6.3138E-02	3
-8.681	39.092	6.1710E-02	0
-8.635	39.090	3.3476E-02	3
-8.589	39.088	4.4560E-02	0
-8.543	39.087	3.5315E-02	3
-8.498	39.085	2.8864E-02	2
-8.453	39.083	3.0076E-02	3
-8.409	39.081	2.6772E-02	2
-8.364	39.079	2.4750E-02	3
-8.321	39.078	2.6157E-02	2
-8.277	39.076	2.1411E-02	3
-9.204	39.093	4.0223E-02	3
-9.154	39.092	3.5455E-02	3
-9.106	39.090	4.2617E-02	3
-9.057	39.088	4.0259E-02	3
-9.009	39.087	6.8383E-02	3
-8.963	39.085	3.2803E-02	3
-8.915	39.084	2.8300E-02	3
-8.868	39.082	3.4040E-02	3
-8.822	39.080	5.0906E-02	3
-8.775	39.079	6.7277E-02	3
-8.728	39.077	6.6892E-02	3
-8.682	39.075	6.1970E-02	3
-8.636	39.073	3.2639E-02	3
-8.590	39.072	3.5111E-02	2
-8.545	39.070	2.8256E-02	3
-8.499	39.068	2.8673E-02	2
-8.454	39.066	3.6043E-02	3
-8.409	39.065	2.7227E-02	3
-8.366	39.063	2.7193E-02	3
-8.322	39.061	3.0533E-02	3
-8.279	39.059	2.7395E-02	3
-9.208	39.160	3.3381E-02	3
-9.158	39.158	4.6908E-02	0
-9.106	39.156	3.6494E-02	3
-9.059	39.154	5.2770E-02	0
-9.012	39.152	2.8733E-02	3
-8.964	39.149	3.5717E-02	0
-8.917	39.147	5.1045E-02	3
-8.869	39.145	5.4164E-02	1
-8.823	39.143	4.2099E-02	3
-8.777	39.141	4.1587E-02	2
-8.731	39.139	7.7733E-02	3
-8.685	39.137	8.7477E-02	2
-8.638	39.135	7.5091E-02	3
-8.592	39.133	4.4393E-02	0
-8.547	39.131	3.9827E-02	3
-8.502	39.128	4.1212E-02	0
-8.457	39.126	2.7518E-02	3
-8.413	39.124	2.6428E-02	1
-8.368	39.122	2.4376E-02	3
-8.324	39.120	2.6761E-02	2
-8.280	39.118	3.0139E-02	3
-9.209	39.143	4.3323E-02	3
-9.157	39.140	2.7272E-02	2
-9.107	39.138	3.2174E-02	3
-9.061	39.137	3.8554E-02	2
-9.013	39.135	3.8288E-02	3
-8.966	39.132	3.0819E-02	3
-8.918	39.130	4.5511E-02	3
-8.870	39.128	4.3480E-02	2
-8.824	39.126	4.1559E-02	3
-8.778	39.124	3.9166E-02	3
-8.732	39.122	6.9680E-02	3
-8.685	39.120	7.5782E-02	2
-8.639	39.118	5.9530E-02	3
-8.594	39.116	3.5293E-02	2
-8.548	39.114	3.4742E-02	3
-8.503	39.112	3.6041E-02	2
-8.458	39.110	2.8592E-02	3
-8.413	39.108	2.8282E-02	3
-8.369	39.105	2.7346E-02	3
-8.325	39.103	2.9113E-02	3
-8.282	39.101	2.8211E-02	3
-9.209	39.125	3.3611E-02	3
-9.157	39.123	4.3233E-02	0
-9.109	39.121	3.7534E-02	3
-9.061	39.119	5.2770E-02	0
-9.013	39.117	3.3705E-02	3
-8.967	39.116	4.3352E-02	0
-8.918	39.113	2.7876E-02	3
-8.871	39.111	3.3513E-02	2
-8.825	39.109	3.9282E-02	3
-8.779	39.108	5.3062E-02	2
-8.733	39.106	6.4774E-02	3
-8.686	39.103	6.7117E-02	0
-8.640	39.101	3.3155E-02	3
-8.594	39.099	3.2692E-02	1
-8.548	39.097	3.4880E-02	3
-8.503	39.095	3.8929E-02	0
-8.458	39.093	2.6444E-02	3
-8.414	39.091	3.6230E-02	0
-8.369	39.089	2.4937E-02	3
-8.326	39.087	2.6577E-02	2
-8.283	39.085	3.5638E-02	3
-9.209	39.108	4.0291E-02	3
-9.157	39.106	2.7120E-02	2
-9.111	39.104	4.2188E-02	3
-9.063	39.102	4.5792E-02	3
-9.013	39.100	4.2972E-02	3
-8.968	39.099	3.3701E-02	3
-8.920	39.097	2.7077E-02	3
-8.872	39.095	2.4963E-02	2
-8.826	39.093	3.3271E-02	3
-8.780	39.091	6.0997E-02	3
-8.733	39.089	6.5617E-02	3
-8.687	39.087	5.9949E-02	2
-8.641	39.085	3.8953E-02	3
-8.595	39.083	3.5763E-02	2
-8.550	39.081	3.4440E-02	3
-8.504	39.079	3.1979E-02	3
-8.459	39.077	3.3992E-02	3
-8.415	39.075	2.8794E-02	3
-8.371	39.073	2.6230E-02	3
-8.327	39.071	2.8017E-02	3
-8.283	39.069	2.5758E-02	3
-9.210	39.091	4.2015E-02	3
-9.160	39.089	5.5858E-02	0
-9.112	39.087	4.3439E-02	3
-9.063	39.085	5.9240E-02	0
-9.014	39.083	6.4164E-02	3
-8.969	39.082	5.3320E-02	0
-8.921	39.080	2.7675E-02	3
-8.873	39.078	4.3246E-02	2
-8.827	39.076	5.3400E-02	3
-8.781	39.074	6.8222E-02	2
-8.734	39.072	6.3538E-02	3
-8.688	39.070	7.8029E-02	0
-8.642	39.068	2.8158E-02	3
-8.596	39.066	4.3473E-02	0
-8.551	39.064	2.6710E-02	3
-8.506	39.062	3.9018E-02	0
-8.460	39.060	3.4005E-02	3
-8.415	39.058	3.4830E-02	0
-8.372	39.056	2.7112E-02	3
-8.328	39.054	3.1631E-02	1
-8.285	39.052	2.9835E-02	3
-9.211	39.074	3.5628E-02	3
-9.161	39.072	4.2675E-02	2
-9.112	39.070	4.4240E-02	3
-9.064	39.068	3.4186E-02	3
-9.016	39.066	4.4421E-02	3
-8.970	39.065	4.7103E-02	1
-8.922	39.063	4.2742E-02	3
-8.875	39.061	5.9043E-02	1
-8.828	39.059	6.0576E-02	3
-8.782	39.057	6.5626E-02	3
-8.735	39.055	7.1695E-02	3
-8.689	39.053	6.2490E-02	3
-8.642	39.051	3.3355E-02	3
-8.597	39.049	1.9611E-02	3
-8.551	39.048	2.2840E-02	3
-8.506	39.046	2.8612E-02	3
-8.461	39.044	2.7945E-02	3
-8.417	39.042	2.2150E-02	3
-8.373	39.040	2.2901E-02	3
-8.329	39.038	3.0196E-02	3
-8.286	39.036	2.7703E-02	3
-9.212	39.056	3.3981E-02	3
-9.162	39.055	5.2168E-02	0
-9.112	39.053	3.8109E-02	3
-9.063	39.051	5.2669E-02	0
-9.016	39.049	4.9262E-02	3
-8.971	39.048	7.6554E-02	0
-8.923	39.046	7.7653E-02	3
-8.876	39.044	6.7024E-02	2
-8.829	39.042	7.3610E-02	3
-8.783	39.040	8.7143E-02	0
-8.736	39.038	5.3652E-02	3
-8.689	39.037	6.1078E-02	0
-8.643	39.035	3.1512E-02	3
-8.597	39.033	2.6753E-02	0
-8.552	39.031	2.5260E-02	3
-8.507	39.029	3.3725E-02	2
-8.462	39.027	2.9413E-02	3
-8.418	39.025	1.9404E-02	2
-8.375	39.023	2.0227E-02	3
-8.331	39.022	2.4368E-02	2
-8.288	39.020	3.2746E-02	3
-9.211	39.039	3.0554E-02	3
-9.162	39.037	3.4046E-02	3
-9.111	39.036	3.6703E-02	3
-9.063	39.034	2.9937E-02	1
-9.017	39.032	3.7958E-02	3
-8.972	39.031	8.4461E-02	1
-8.924	39.029	5.1928E-02	3
-8.877	39.027	5.0041E-02	1
-8.830	39.025	4.7653E-02	3
-8.783	39.023	7.1553E-02	3
-8.737	39.022	5.7765E-02	3
-8.691	39.020	3.1462E-02	3
-8.644	39.018	1.9052E-02	3
-8.598	39.016	1.5989E-02	3
-8.553	39.014	1.9846E-02	3
-8.508	39.013	2.6355E-02	3
-8.464	39.011	2.6939E-02	3
-8.420	39.009	2.5844E-02	3
-8.376	39.007	4.4874E-02	3
-8.333	39.005	5.6492E-02	3
-8.289	39.003	4.4813E-02	3
-9.212	39.022	3.0688E-02	3
-9.162	39.020	5.3977E-02	0
-9.112	39.018	3.3318E-02	3
-9.065	39.017	3.4118E-02	1
-9.018	39.015	4.1910E-02	3
-8.972	39.014	7.4576E-02	0
-8.925	39.012	5.9232E-02	3
-8.878	39.010	8.8961E-02	0
-8.831	39.008	6.4832E-02	3
-8.784	39.007	9.3755E-02	0
-8.738	39.005	7.1744E-02	3
-8.692	39.003	4.8435E-02	0
-8.645	39.001	2.1981E-02	3
-8.599	39.000	3.1464E-02	0
-8.554	38.998	1.8374E-02	3
-8.509	38.996	2.9156E-02	2
-8.466	38.994	3.3382E-02	3
-8.422	38.993	4.5239E-02	2
-8.378	38.991	5.3155E-02	3
-8.333	38.989	3.8826E-02	2
-8.290	38.987	4.5523E-02	3
-9.213	39.005	3.8430E-02	3
-9.162	39.003	3.0975E-02	3
-9.115	39.001	3.2784E-02	3
-9.067	39.000	4.7276E-02	3
-9.020	38.998	4.3216E-02	3
-8.973	38.997	5.5780E-02	2
-8.926	38.995	6.4574E-02	3
-8.879	38.993	6.4554E-02	3
-8.832	38.992	5.3408E-02	3
-8.785	38.990	6.2526E-02	3
-8.738	38.988	7.0287E-02	3
-8.692	38.986	5.2300E-02	3
-8.646	38.985	2.6791E-02	3
-8.601	38.983	3.4774E-02	3
-8.555	38.981	2.7907E-02	3
-8.511	38.980	4.6804E-02	3
-8.467	38.978	4.8600E-02	3
-8.422	38.976	3.9106E-02	3
-8.378	38.974	2.4227E-02	3
-8.334	38.972	2.3620E-02	3
-8.290	38.971	2.8423E-02	3
-9.219	39.072	3.5725E-02	3
-9.169	39.069	5.3495E-02	0
-9.120	39.067	4.3378E-02	3
-9.071	39.065	5.2830E-02	0
-9.024	39.063	4.2529E-02	3
-8.978	39.061	6.5742E-02	0
-8.930	39.059	4.6701E-02	3
-8.883	39.057	8.2678E-02	0
-8.837	39.055	6.1011E-02	3
-8.790	39.053	8.6924E-02	0
-8.743	39.051	6.8775E-02	3
-8.697	39.049	8.0531E-02	0
-8.651	39.046	3.9423E-02	3
-8.605	39.044	2.0818E-02	2
-8.559	39.042	2.4997E-02	3
-8.514	39.040	2.6739E-02	1
-8.470	39.038	2.7128E-02	3
-8.425	39.036	3.0180E-02	0
-8.382	39.034	2.2727E-02	3
-8.338	39.031	3.6533E-02	0
-8.295	39.029	2.7484E-02	3
-8.252	39.027	3.2734E-02	0
-9.220	39.054	3.7387E-02	3
-9.170	39.052	3.9149E-02	1
-9.120	39.050	4.1049E-02	3
-9.071	39.048	3.8123E-02	1
-9.024	39.046	4.6821E-02	3
-8.979	39.044	6.7537E-02	3
-8.931	39.042	7.0102E-02	3
-8.884	39.040	6.2920E-02	3
-8.837	39.038	6.9869E-02	3
-8.791	39.036	6.7987E-02	3
-8.744	39.034	5.4734E-02	3
-8.698	39.032	4.6500E-02	3
-8.651	39.030	2.9824E-02	3
-8.605	39.028	1.8768E-02	3
-8.560	39.025	1.9616E-02	3
-8.515	39.023	4.0694E-02	3
-8.471	39.021	3.2573E-02	3
-8.427	39.019	2.3653E-02	3
-8.383	39.017	2.4371E-02	3
-8.340	39.015	3.5003E-02	3
-8.296	39.013	3.7715E-02	3
-8.253	39.011	3.4663E-02	3
-9.219	39.037	3.6177E-02	3
-9.170	39.035	5.4655E-02	0
-9.119	39.033	3.8042E-02	3
-9.071	39.031	4.7998E-02	0
-9.025	39.029	3.5060E-02	3
-8.979	39.027	1.0082E-01	0
-8.933	39.025	5.8318E-02	3
-8.885	39.023	8.2044E-02	0
-8.838	39.021	5.2002E-02	3
-8.791	39.019	7.4164E-02	1
-8.745	39.017	6.7171E-02	3
-8.699	39.015	3.7611E-02	1
-8.652	39.013	2.1537E-02	3
-8.606	39.011	1.9003E-02	2
-8.562	39.009	1.9737E-02	3
-8.516	39.007	3.5739E-02	0
-8.472	39.005	2.8337E-02	3
-8.429	39.003	4.7077E-02	0
-8.385	39.001	5.8189E-02	3
-8.341	38.999	7.1833E-02	0
-8.298	38.997	4.7158E-02	3
-8.254	38.995	4.8085E-02	0
-9.220	39.020	3.0888E-02	3
-9.170	39.018	3.5602E-02	3
-9.121	39.016	3.4560E-02	3
-9.073	39.014	3.6136E-02	1
-9.026	39.012	4.3958E-02	3
-8.980	39.010	5.5016E-02	3
-8.933	39.008	5.8935E-02	3
-8.886	39.006	6.6455E-02	3
-8.839	39.004	6.0841E-02	3
-8.792	39.002	7.3663E-02	3
-8.746	39.000	7.4006E-02	3
-8.700	38.998	4.1387E-02	3
-8.653	38.996	2.5401E-02	3
-8.608	38.994	2.6824E-02	3
-8.563	38.992	2.0968E-02	3
-8.518	38.990	3.7467E-02	3
-8.474	38.988	3.8991E-02	3
-8.430	38.986	4.4202E-02	3
-8.385	38.984	3.6089E-02	3
-8.341	38.982	2.9577E-02	3
-8.298	38.980	3.9689E-02	3
-8.255	38.978	4.3704E-02	3
-9.222	39.003	4.0539E-02	3
-9.170	39.001	5.0477E-02	0
-9.121	38.999	3.1911E-02	3
-9.075	38.997	6.5880E-02	0
-9.028	38.995	4.2038E-02	3
-8.980	38.993	6.9172E-02	0
-8.934	38.991	6.3189E-02	3
-8.887	38.989	8.6545E-02	0
-8.840	38.987	5.4667E-02	3
-8.793	38.986	5.9835E-02	1
-8.747	38.984	6.3933E-02	3
-8.700	38.982	7.7586E-02	0
-8.654	38.980	3.2078E-02	3
-8.609	38.978	3.8213E-02	2
-8.564	38.976	2.9972E-02	3
-8.519	38.974	6.2708E-02	0
-8.475	38.972	5.3858E-02	3
-8.431	38.970	4.3787E-02	0
-8.386	38.968	2.5990E-02	3
-8.342	38.966	3.1228E-02	0
-8.298	38.964	2.6944E-02	3
-8.255	38.962	3.3246E-02	0
-9.222	38.985	3.5826E-02	3
-9.170	38.983	2.8804E-02	3
-9.121	38.981	2.7461E-02	3
-9.075	38.980	4.2136E-02	3
-9.028	38.978	3.3886E-02	3
-8.981	38.976	4.0949E-02	3
-8.935	38.974	5.5722E-02	3
-8.888	38.972	5.7067E-02	3
-8.841	38.971	5.6188E-02	3
-8.794	38.969	5.8807E-02	3
-8.748	38.967	4.3936E-02	3
-8.701	38.965	3.6372E-02	3
-8.655	38.963	2.2582E-02	3
-8.610	38.961	3.5251E-02	3
-8.565	38.959	3.4674E-02	3
-8.520	38.957	6.6837E-02	2
-8.476	38.955	6.8643E-02	3
-8.431	38.953	2.7113E-02	3
-8.387	38.951	2.1951E-02	3
-8.343	38.949	2.4228E-02	2
-8.299	38.948	2.4413E-02	3
-8.256	38.946	2.8179E-02	3
-9.222	38.968	3.1841E-02	3
-9.171	38.966	4.9231E-02	0
-9.122	38.964	3.2168E-02	3
-9.074	38.963	5.3903E-02	0
-9.028	38.961	4.1998E-02	3
-8.983	38.959	7.2383E-02	0
-8.936	38.957	6.0876E-02	3
-8.889	38.956	7.3035E-02	0
-8.842	38.954	5.6073E-02	3
-8.795	38.952	6.6285E-02	0
-8.749	38.950	3.6167E-02	3
-8.703	38.948	5.5500E-02	0
-8.657	38.946	4.8761E-02	3
-8.611	38.944	6.0118E-02	0
-8.566	38.943	4.5901E-02	3
-8.522	38.941	6.9687E-02	0
-8.477	38.939	5.5912E-02	3
-8.432	38.937	3.3171E-02	0
-8.388	38.935	2.2228E-02	3
-8.344	38.933	3.2027E-02	0
-8.300	38.931	2.4973E-02	3
-8.257	38.929	3.0536E-02	0
-9.222	38.951	3.7183E-02	3
-9.173	38.949	3.5026E-02	3
-9.123	38.947	3.6616E-02	3
-9.075	38.945	2.8739E-02	3
-9.029	38.944	3.4365E-02	3
-8.984	38.942	4.6938E-02	3
-8.937	38.940	5.2112E-02	3
-8.890	38.939	5.1332E-02	3
-8.843	38.937	4.8754E-02	3
-8.796	38.935	3.5798E-02	3
-8.749	38.933	2.8180E-02	3
-8.703	38.931	3.1181E-02	3
-8.657	38.930	2.3974E-02	3
-8.612	38.928	4.0503E-02	3
-8.567	38.926	5.1684E-02	3
-8.522	38.924	3.1680E-02	1
-8.478	38.922	2.9317E-02	3
-8.433	38.920	2.1944E-02	3
-8.389	38.919	2.4324E-02	3
-8.345	38.917	2.4870E-02	3
-8.302	38.915	2.6991E-02	3
-8.258	38.913	2.8002E-02	3
-9.223	38.933	5.0965E-02	2
-9.175	38.932	5.4825E-02	0
-9.125	38.930	2.8888E-02	3
-9.076	38.928	5.5952E-02	0
-9.031	38.927	4.9891E-02	3
-8.985	38.925	7.7972E-02	0
-8.938	38.923	5.5528E-02	3
-8.891	38.922	8.8630E-02	0
-8.844	38.920	6.7214E-02	3
-8.797	38.918	4.5871E-02	0
-8.750	38.916	2.7818E-02	2
-8.704	38.915	4.4465E-02	0
-8.658	38.913	4.8507E-02	3
-8.613	38.911	4.2456E-02	0
-8.568	38.909	2.4096E-02	3
-8.523	38.908	3.4639E-02	0
-8.478	38.906	3.1328E-02	3
-8.434	38.904	2.9686E-02	0
-8.390	38.902	2.1821E-02	3
-8.346	38.900	2.9013E-02	0
-8.303	38.899	2.4245E-02	3
-8.259	38.897	2.8230E-02	2
-9.223	38.916	4.0102E-02	3
-9.176	38.915	3.0917E-02	3
-9.128	38.913	3.2560E-02	3
-9.078	38.911	3.3475E-02	3
-9.033	38.910	6.6460E-02	3
-8.986	38.908	5.3494E-02	3
-8.939	38.907	6.4328E-02	3
-8.891	38.905	5.2402E-02	3
-8.844	38.903	4.1772E-02	3
-8.798	38.901	3.0375E-02	3
-8.751	38.900	2.5939E-02	3
-8.705	38.898	2.9047E-02	3
-8.659	38.896	3.4906E-02	3
-8.613	38.895	2.6188E-02	3
-8.568	38.893	2.4003E-02	3
-8.524	38.891	2.5081E-02	2
-8.479	38.889	2.1577E-02	3
-8.434	38.888	2.6192E-02	3
-8.390	38.886	2.5073E-02	3
-8.346	38.884	2.4124E-02	3
-8.303	38.882	2.5714E-02	3
-8.260	38.880	2.7517E-02	2
-9.228	38.983	3.7482E-02	3
-9.176	38.981	4.9374E-02	0
-9.127	38.979	2.8793E-02	3
-9.080	38.977	5.8300E-02	0
-9.033	38.975	3.7097E-02	3
-8.987	38.973	6.3441E-02	0
-8.941	38.971	5.8801E-02	3
-8.894	38.968	8.1687E-02	0
-8.847	38.966	5.4959E-02	3
-8.800	38.964	7.2681E-02	0
-8.754	38.962	4.6780E-02	3
-8.708	38.960	6.0349E-02	0
-8.662	38.958	3.3889E-02	3
-8.616	38.956	2.9960E-02	2
-8.571	38.953	3.2773E-02	3
-8.527	38.951	6.0883E-02	2
-8.482	38.949	7.2937E-02	3
-8.438	38.947	4.2322E-02	0
-8.393	38.945	2.2269E-02	3
-8.349	38.943	3.1968E-02	0
-8.305	38.941	2.5839E-02	3
-8.262	38.938	3.3247E-02	0
-9.228	38.966	3.0756E-02	3
-9.177	38.964	3.2443E-02	3
-9.128	38.961	3.6890E-02	3
-9.080	38.959	3.5092E-02	3
-9.034	38.958	4.2914E-02	3
-8.988	38.956	5.2942E-02	3
-8.942	38.954	5.8741E-02	3
-8.895	38.952	4.9650E-02	3
-8.848	38.949	5.3604E-02	3
-8.801	38.947	5.3022E-02	3
-8.755	38.945	3.1925E-02	3
-8.708	38.943	2.8224E-02	3
-8.663	38.941	4.0832E-02	3
-8.618	38.939	5.6847E-02	3
-8.573	38.937	6.0217E-02	3
-8.528	38.935	4.9563E-02	2
-8.483	38.933	4.7043E-02	3
-8.438	38.931	2.3031E-02	2
-8.394	38.928	2.4791E-02	3
-8.351	38.926	2.6239E-02	2
-8.307	38.924	2.6868E-02	3
-8.263	38.922	2.9313E-02	2
-9.228	38.948	4.0543E-02	3
-9.179	38.946	5.7825E-02	0
-9.129	38.944	3.6928E-02	3
-9.081	38.942	5.0685E-02	0
-9.035	38.940	3.6410E-02	3
-8.990	38.939	7.0581E-02	0
-8.943	38.937	5.1497E-02	3
-8.896	38.935	7.7779E-02	0
-8.849	38.933	5.6791E-02	3
-8.802	38.931	3.3281E-02	1
-8.755	38.928	2.8330E-02	3
-8.709	38.926	5.0142E-02	0
-8.663	38.924	3.0512E-02	3
-8.618	38.922	2.8291E-02	2
-8.573	38.920	3.8225E-02	3
-8.529	38.918	3.8654E-02	0
-8.484	38.916	2.8440E-02	3
-8.439	38.914	3.2316E-02	0
-8.395	38.912	2.4437E-02	3
-8.351	38.910	3.1868E-02	0
-8.308	38.908	2.6755E-02	3
-8.265	38.906	3.4734E-02	0
-9.229	38.931	5.5797E-02	3
-9.180	38.929	3.8714E-02	3
-9.131	38.927	2.9586E-02	3
-9.082	38.925	3.4130E-02	3
-9.036	38.923	5.3274E-02	3
-8.991	38.922	5.4930E-02	3
-8.944	38.920	6.5555E-02	3
-8.897	38.918	6.3235E-02	3
-8.849	38.916	7.5406E-02	3
-8.803	38.914	3.2912E-02	3
-8.756	38.912	3.1043E-02	3
-8.710	38.910	2.9723E-02	2
-8.664	38.908	5.2244E-02	3
-8.619	38.906	3.6992E-02	2
-8.574	38.904	2.7400E-02	3
-8.529	38.902	2.4661E-02	3
-8.484	38.900	3.0004E-02	3
-8.440	38.898	2.2718E-02	2
-8.396	38.896	2.3373E-02	3
-8.352	38.894	2.3148E-02	3
-8.309	38.892	2.5123E-02	3
-8.265	38.889	2.9967E-02	3
-9.228	38.914	3.4255E-02	3
-9.181	38.912	4.9845E-02	0
-9.134	38.910	3.5481E-02	3
-9.084	38.908	5.6346E-02	0
-9.039	38.906	6.8129E-02	3
-8.992	38.905	7.7837E-02	0
-8.945	38.903	6.6592E-02	3
-8.897	38.901	6.9688E-02	0
-8.850	38.899	3.5549E-02	3
-8.804	38.897	2.8329E-02	1
-8.757	38.895	2.5037E-02	3
-8.711	38.893	3.9934E-02	0
-8.665	38.891	3.0889E-02	3
-8.619	38.889	2.3838E-02	1
-8.574	38.887	2.1251E-02	3
-8.530	38.885	3.5905E-02	0
-8.485	38.883	2.1334E-02	3
-8.440	38.881	3.4463E-02	0
-8.396	38.879	2.7887E-02	3
-8.353	38.877	3.3099E-02	0
-8.310	38.875	2.8377E-02	3
-8.266	38.873	3.0850E-02	0
-9.229	38.897	3.1309E-02	3
-9.181	38.895	2.9653E-02	3
-9.133	38.893	3.4766E-02	3
-9.085	38.891	4.2436E-02	3
-9.040	38.889	8.2607E-02	3
-8.993	38.888	6.1708E-02	3
-8.946	38.886	6.2950E-02	3
-8.898	38.884	4.1669E-02	3
-8.851	38.882	3.0352E-02	3
-8.805	38.880	2.8162E-02	3
-8.758	38.878	2.9557E-02	3
-8.712	38.876	3.4381E-02	2
-8.666	38.874	3.4330E-02	3
-8.620	38.872	2.9644E-02	3
-8.575	38.871	3.1716E-02	3
-8.530	38.869	2.3652E-02	1
-8.486	38.867	2.2416E-02	3
-8.441	38.865	2.5593E-02	2
-8.397	38.863	2.6763E-02	3
-8.353	38.861	2.5278E-02	2
-8.311	38.859	2.8043E-02	3
-8.267	38.857	2.6544E-02	3
-9.231	38.879	2.6060E-02	3
-9.182	38.878	4.2851E-02	0
-9.135	38.876	4.1501E-02	3
-9.088	38.874	9.7554E-02	0
-9.041	38.872	6.0458E-02	3
-8.994	38.871	5.5108E-02	0
-8.946	38.869	4.2702E-02	3
-8.899	38.867	6.8974E-02	0
-8.852	38.865	3.8459E-02	3
-8.805	38.863	3.2921E-02	0
-8.759	38.861	3.6013E-02	3
-8.713	38.860	4.9266E-02	0
-8.667	38.858	3.1043E-02	3
-8.621	38.856	4.2794E-02	0
-8.576	38.854	3.2831E-02	3
-8.531	38.852	3.5614E-02	0
-8.487	38.850	2.3008E-02	3
-8.443	38.848	3.5296E-02	0
-8.398	38.846	2.4583E-02	3
-8.354	38.844	3.1081E-02	0
-8.311	38.843	2.4621E-02	3
-8.268	38.841	2.9710E-02	0
-9.232	38.862	2.4010E-02	3
-9.185	38.861	3.8676E-02	3
-9.138	38.859	6.7355E-02	3
-9.090	38.857	8.6269E-02	3
-9.043	38.855	5.5369E-02	3
-8.995	38.854	4.2233E-02	3
-8.947	38.852	3.7550E-02	3
-8.900	38.850	3.3303E-02	3
-8.853	38.848	2.7267E-02	3
-8.806	38.846	2.3472E-02	3
-8.760	38.845	2.7445E-02	3
-8.714	38.843	3.1559E-02	3
-8.668	38.841	2.7864E-02	3
-8.622	38.839	3.2210E-02	3
-8.577	38.837	4.3109E-02	3
-8.532	38.835	3.0028E-02	1
-8.487	38.834	2.7129E-02	3
-8.443	38.832	2.8438E-02	2
-8.399	38.830	2.3284E-02	3
-8.355	38.828	1.9644E-02	2
-8.312	38.826	2.3652E-02	3
-8.269	38.824	3.0269E-02	2
-9.234	38.845	2.9549E-02	3
-9.188	38.843	8.1781E-02	0
-9.140	38.842	5.0658E-02	3
-9.091	38.840	9.8151E-02	0
-9.044	38.838	4.5169E-02	3
-8.996	38.837	6.1726E-02	0
-8.948	38.835	4.3830E-02	3
-8.901	38.833	5.3442E-02	0
-8.854	38.831	2.7609E-02	3
-8.807	38.830	3.2232E-02	0
-8.761	38.828	2.8566E-02	3
-8.715	38.826	3.9197E-02	0
-8.669	38.824	2.3871E-02	3
-8.623	38.823	3.1918E-02	0
-8.578	38.821	3.2260E-02	3
-8.533	38.819	3.6643E-02	0
-8.489	38.817	2.4768E-02	3
-8.444	38.815	3.8348E-02	0
-8.400	38.814	2.4732E-02	3
-8.356	38.812	2.6009E-02	0
-8.313	38.810	2.0238E-02	3
-8.269	38.808	2.2216E-02	2
-9.233	38.828	2.7811E-02	3
-9.187	38.826	4.1183E-02	2
-9.140	38.825	6.5678E-02	3
-9.092	38.823	7.2541E-02	3
-9.044	38.821	4.5942E-02	3
-8.997	38.820	4.8691E-02	3
-8.949	38.818	4.4677E-02	3
-8.902	38.816	3.9022E-02	3
-8.855	38.815	3.0160E-02	3
-8.808	38.813	2.1270E-02	2
-8.762	38.811	2.5738E-02	3
-8.716	38.809	2.8010E-02	2
-8.670	38.808	2.3291E-02	3
-8.625	38.806	2.2852E-02	3
-8.580	38.804	2.4320E-02	3
-8.535	38.802	2.3528E-02	2
-8.490	38.801	2.4072E-02	3
-8.445	38.799	2.7356E-02	2
-8.401	38.797	2.8513E-02	3
-8.357	38.795	2.0642E-02	1
-8.313	38.794	2.4009E-02	3
-8.270	38.792	2.1256E-02	3
-9.237	38.894	2.8631E-02	3
-9.188	38.892	4.7525E-02	0
-9.140	38.890	3.3322E-02	3
-9.093	38.888	6.6233E-02	0
-9.048	38.886	7.8295E-02	3
-9.001	38.884	7.8420E-02	0
-8.954	38.882	5.9970E-02	3
-8.907	38.880	6.1291E-02	0
-8.860	38.878	3.4735E-02	3
-8.813	38.876	3.8933E-02	0
-8.767	38.874	3.1114E-02	3
-8.720	38.871	4.5663E-02	0
-8.674	38.869	3.1953E-02	3
-8.629	38.867	3.7954E-02	0
-8.583	38.865	3.2759E-02	3
-8.539	38.863	3.4000E-02	0
-8.494	38.861	2.4106E-02	3
-8.450	38.858	3.6280E-02	0
-8.406	38.856	2.7023E-02	3
-8.362	38.854	2.6131E-02	2
-8.319	38.852	2.7503E-02	3
-8.276	38.850	3.0473E-02	0
-9.239	38.877	2.9055E-02	3
-9.190	38.875	2.8911E-02	2
-9.143	38.873	4.3307E-02	3
-9.096	38.871	7.6764E-02	3
-9.050	38.869	7.1481E-02	3
-9.002	38.867	3.8137E-02	3
-8.955	38.865	4.0924E-02	3
-8.907	38.863	5.3951E-02	3
-8.860	38.861	3.8155E-02	3
-8.814	38.859	2.5181E-02	3
-8.767	38.857	3.2897E-02	3
-8.721	38.855	3.9981E-02	3
-8.675	38.853	3.5419E-02	3
-8.629	38.850	3.2085E-02	2
-8.584	38.848	3.7556E-02	3
-8.539	38.846	2.9459E-02	3
-8.495	38.844	2.5392E-02	3
-8.451	38.842	2.8429E-02	3
-8.406	38.840	2.5618E-02	3
-8.362	38.838	2.2620E-02	3
-8.319	38.836	2.4805E-02	3
-8.277	38.833	3.0551E-02	3
-9.240	38.860	2.8041E-02	3
-9.193	38.858	5.7963E-02	0
-9.147	38.856	6.3456E-02	3
-9.098	38.854	1.0625E-01	0
-9.051	38.852	6.0702E-02	3
-9.003	38.850	6.1258E-02	0
-8.955	38.848	4.1093E-02	3
-8.908	38.846	4.8895E-02	0
-8.861	38.844	2.9976E-02	3
-8.815	38.842	3.5707E-02	0
-8.768	38.840	2.7467E-02	3
-8.722	38.838	4.4025E-02	0
-8.676	38.836	3.0498E-02	2
-8.630	38.834	4.1978E-02	0
-8.585	38.832	4.4697E-02	3
-8.540	38.830	4.6438E-02	0
-8.496	38.828	2.7821E-02	3
-8.451	38.825	3.8948E-02	0
-8.407	38.823	2.3996E-02	3
-8.363	38.821	2.8230E-02	0
-8.320	38.819	2.1402E-02	3
-8.277	38.817	3.3613E-02	0
-9.241	38.843	2.9428E-02	3
-9.196	38.841	5.4085E-02	3
-9.148	38.839	5.3727E-02	3
-9.099	38.837	7.5971E-02	3
-9.052	38.835	4.9839E-02	3
-9.004	38.833	4.6462E-02	3
-8.956	38.831	4.5308E-02	3
-8.909	38.829	4.2324E-02	3
-8.862	38.827	3.4036E-02	3
-8.815	38.825	3.2920E-02	0
-8.769	38.823	2.8262E-02	3
-8.723	38.821	2.9713E-02	1
-8.677	38.819	2.4067E-02	3
-8.632	38.817	2.2389E-02	2
-8.586	38.815	2.7085E-02	3
-8.542	38.813	2.7107E-02	3
-8.497	38.811	2.6386E-02	3
-8.452	38.809	2.9385E-02	3
-8.408	38.807	3.0855E-02	3
-8.364	38.805	2.0553E-02	3
-8.320	38.803	2.1970E-02	3
-8.277	38.801	2.3229E-02	3
-9.240	38.825	3.2579E-02	3
-9.194	38.824	6.2475E-02	0
-9.148	38.822	7.1153E-02	3
-9.099	38.820	1.0382E-01	0
-9.053	38.818	5.0065E-02	3
-9.005	38.816	6.5897E-02	0
-8.957	38.814	4.9688E-02	3
-8.910	38.812	5.1935E-02	0
-8.863	38.810	3.2790E-02	3
-8.816	38.808	3.2472E-02	0
-8.770	38.806	2.4848E-02	3
-8.724	38.804	3.9622E-02	0
-8.678	38.803	2.4770E-02	3
-8.633	38.801	3.6218E-02	0
-8.588	38.799	2.4053E-02	3
-8.543	38.797	2.2315E-02	2
-8.498	38.795	2.4634E-02	3
-8.454	38.793	3.6730E-02	0
-8.409	38.791	2.6389E-02	3
-8.365	38.789	2.8802E-02	0
-8.322	38.787	2.5380E-02	3
-8.279	38.785	2.7284E-02	0
-9.242	38.808	5.8946E-02	3
-9.195	38.806	8.0900E-02	3
-9.148	38.805	8.4610E-02	3
-9.101	38.803	7.0194E-02	3
-9.053	38.801	4.3397E-02	3
-9.006	38.799	4.1447E-02	3
-8.958	38.797	4.7270E-02	3
-8.911	38.795	3.2365E-02	3
-8.864	38.793	2.8096E-02	3
-8.817	38.792	2.1434E-02	3
-8.771	38.790	2.3928E-02	3
-8.725	38.788	3.2850E-02	3
-8.679	38.786	3.1066E-02	3
-8.634	38.784	2.9166E-02	3
-8.588	38.782	2.5798E-02	3
-8.543	38.780	1.8884E-02	3
-8.499	38.778	2.6821E-02	3
-8.455	38.776	2.4913E-02	3
-8.411	38.774	2.4607E-02	3
-8.367	38.772	2.7721E-02	3
-8.323	38.770	2.9588E-02	3
-8.280	38.768	2.1105E-02	3
-9.244	38.791	4.8850E-02	3
-9.197	38.789	1.2045E-01	0
-9.149	38.788	1.0193E-01	2
-9.102	38.786	1.2012E-01	0
-9.054	38.784	4.2475E-02	3
-9.006	38.782	6.1142E-02	0
-8.959	38.780	4.8929E-02	3
-8.912	38.778	4.9069E-02	0
-8.864	38.777	3.3822E-02	3
-8.818	38.775	3.9464E-02	0
-8.772	38.773	2.9299E-02	3
-8.725	38.771	2.9348E-02	2
-8.680	38.769	4.0241E-02	3
-8.634	38.767	3.3942E-02	1
-8.589	38.765	3.0031E-02	3
-8.544	38.763	3.2898E-02	0
-8.499	38.762	2.9029E-02	3
-8.455	38.760	2.9752E-02	0
-8.412	38.758	2.5860E-02	3
-8.368	38.756	3.4916E-02	0
-8.324	38.754	3.2171E-02	3
-8.281	38.752	2.6192E-02	0
-9.245	38.774	7.5152E-02	3
-9.198	38.772	8.3129E-02	3
-9.149	38.770	1.0578E-01	3
-9.102	38.769	9.4936E-02	3
-9.055	38.767	4.2509E-02	3
-9.007	38.765	3.9276E-02	3
-8.960	38.763	4.8488E-02	3
-8.913	38.762	3.9502E-02	3
-8.866	38.760	3.0293E-02	3
-8.819	38.758	2.7189E-02	3
-8.772	38.756	3.9642E-02	3
-8.726	38.754	2.8877E-02	3
-8.680	38.752	4.0386E-02	3
-8.635	38.751	3.7472E-02	3
-8.590	38.749	2.7356E-02	3
-8.546	38.747	2.8845E-02	3
-8.501	38.745	3.5114E-02	3
-8.456	38.743	2.5524E-02	3
-8.412	38.741	2.1695E-02	3
-8.368	38.739	2.4158E-02	3
-8.324	38.738	2.3315E-02	3
-8.281	38.736	1.9581E-02	3
-9.247	38.757	9.6503E-02	2
-9.199	38.755	1.4008E-01	0
-9.151	38.753	1.0280E-01	3
-9.103	38.752	1.1494E-01	0
-9.056	38.750	3.9234E-02	3
-9.008	38.748	6.4584E-02	0
-8.961	38.746	6.5261E-02	3
-8.914	38.745	5.8866E-02	0
-8.867	38.743	3.4898E-02	3
-8.820	38.741	4.5521E-02	0
-8.773	38.739	3.9456E-02	3
-8.727	38.738	4.0013E-02	0
-8.681	38.736	2.8086E-02	3
-8.636	38.734	5.9339E-02	0
-8.591	38.732	3.6196E-02	3
-8.546	38.730	3.8321E-02	0
-8.502	38.729	2.3681E-02	2
-8.458	38.727	3.2617E-02	0
-8.414	38.725	2.4394E-02	3
-8.369	38.723	3.2633E-02	0
-8.325	38.721	3.2111E-02	3
-8.282	38.719	2.6221E-02	0
-9.248	38.739	6.0350E-02	3
-9.199	38.738	6.8877E-02	3
-9.151	38.736	9.8921E-02	3
-9.104	38.734	7.7358E-02	3
-9.057	38.733	3.8158E-02	3
-9.009	38.731	4.4453E-02	3
-8.961	38.729	6.0242E-02	3
-8.914	38.728	5.1264E-02	3
-8.868	38.726	3.6662E-02	3
-8.821	38.724	2.8488E-02	3
-8.774	38.723	4.2888E-02	3
-8.728	38.721	4.5812E-02	3
-8.682	38.719	4.3280E-02	3
-8.637	38.717	3.6917E-02	3
-8.592	38.716	2.8191E-02	3
-8.547	38.714	2.2841E-02	3
-8.503	38.712	1.9367E-02	3
-8.458	38.710	2.2223E-02	3
-8.415	38.709	2.6405E-02	3
-8.371	38.707	2.4285E-02	3
-8.327	38.705	2.2085E-02	3
-8.283	38.703	2.1993E-02	3
-9.248	38.806	5.7486E-02	3
-9.200	38.804	1.2232E-01	0
-9.154	38.802	9.3508E-02	3
-9.106	38.800	1.0718E-01	0
-9.059	38.798	4.7541E-02	3
-9.012	38.796	6.2252E-02	0
-8.964	38.793	5.0060E-02	2
-8.917	38.791	5.1258E-02	0
-8.870	38.789	3.4146E-02	3
-8.823	38.787	3.5035E-02	0
-8.777	38.785	2.4914E-02	3
-8.731	38.783	4.4301E-02	0
-8.685	38.781	3.8027E-02	3
-8.640	38.778	3.9108E-02	0
-8.594	38.776	3.1239E-02	3
-8.549	38.774	3.2291E-02	0
-8.505	38.772	3.0523E-02	3
-8.461	38.770	3.3475E-02	0
-8.417	38.768	2.6495E-02	3
-8.373	38.765	2.7623E-02	1
-8.330	38.763	3.3497E-02	3
-8.286	38.761	2.9316E-02	0
-9.250	38.789	4.5372E-02	3
-9.203	38.787	8.0766E-02	3
-9.154	38.785	9.9465E-02	3
-9.107	38.783	9.7013E-02	3
-9.060	38.781	4.6463E-02	3
-9.012	38.779	3.9315E-02	3
-8.965	38.776	4.8174E-02	3
-8.918	38.774	3.5208E-02	3
-8.870	38.772	3.3318E-02	3
-8.824	38.770	2.7931E-02	3
-8.778	38.768	3.0831E-02	3
-8.732	38.766	2.7558E-02	2
-8.686	38.764	3.9778E-02	3
-8.640	38.762	3.9703E-02	3
-8.596	38.760	2.9720E-02	3
-8.550	38.758	2.3476E-02	3
-8.506	38.755	2.9880E-02	3
-8.461	38.753	2.3649E-02	3
-8.418	38.751	2.4598E-02	3
-8.374	38.749	2.5960E-02	3
-8.330	38.747	2.8033E-02	3
-8.287	38.745	2.2824E-02	3
-9.204	38.769	1.2079E-01	0
-9.155	38.767	1.0689E-01	3
-9.108	38.766	1.3292E-01	0
-9.061	38.764	4.7010E-02	3
-9.013	38.762	6.1361E-02	0
-8.966	38.760	5.5337E-02	3
-8.919	38.757	5.9727E-02	0
-8.872	38.755	3.0913E-02	3
-8.825	38.753	4.2974E-02	0
-8.778	38.751	5.0155E-02	3
-8.732	38.749	4.6036E-02	0
-8.686	38.747	3.3324E-02	3
-8.641	38.745	5.4048E-02	0
-8.596	38.743	2.9427E-02	3
-8.552	38.741	4.3101E-02	0
-8.507	38.739	3.4942E-02	3
-8.463	38.737	3.6942E-02	0
-8.419	38.735	2.4247E-02	3
-8.375	38.733	3.2794E-02	0
-8.331	38.731	2.8704E-02	3
-8.287	38.728	2.7481E-02	0
-9.204	38.752	1.0516E-01	3
-9.156	38.750	1.0746E-01	3
-9.109	38.748	8.9383E-02	2
-9.062	38.747	4.3063E-02	3
-9.014	38.745	4.3277E-02	2
-8.966	38.743	6.2990E-02	3
-8.919	38.741	4.4906E-02	2
-8.873	38.739	4.1069E-02	3
-8.826	38.737	2.9912E-02	3
-8.779	38.735	3.2874E-02	3
-8.733	38.733	2.9189E-02	3
-8.687	38.731	3.1892E-02	3
-8.642	38.728	4.8837E-02	3
-8.597	38.726	3.9837E-02	3
-8.552	38.724	2.7632E-02	1
-8.508	38.722	2.1889E-02	3
-8.464	38.720	2.2932E-02	3
-8.420	38.718	2.8196E-02	3
-8.376	38.716	2.6492E-02	3
-8.332	38.714	2.8330E-02	3
-8.288	38.712	2.5886E-02	3
-9.205	38.735	9.3541E-02	0
-9.157	38.733	8.9284E-02	3
-9.110	38.731	1.1292E-01	0
-9.063	38.729	3.9899E-02	3
-9.015	38.728	6.8553E-02	0
-8.967	38.726	6.1538E-02	3
-8.920	38.724	7.7868E-02	0
-8.873	38.722	3.7781E-02	3
-8.827	38.720	4.7590E-02	0
-8.780	38.718	4.7436E-02	3
-8.734	38.716	7.3872E-02	0
-8.688	38.714	4.2725E-02	3
-8.643	38.712	4.4484E-02	0
-8.598	38.710	3.0303E-02	3
-8.553	38.708	2.2639E-02	2
-8.509	38.706	2.0150E-02	3
-8.464	38.704	3.3168E-02	0
-8.421	38.702	2.8107E-02	3
-8.377	38.700	2.9315E-02	0
-8.333	38.698	2.1941E-02	3
-8.290	38.696	2.5280E-02	0
-9.206	38.718	7.5399E-02	3
-9.158	38.716	1.0355E-01	3
-9.111	38.714	7.5304E-02	3
-9.063	38.712	4.1441E-02	3
-9.016	38.711	5.9696E-02	3
-8.968	38.709	9.5349E-02	3
-8.921	38.707	7.2646E-02	3
-8.874	38.705	4.3016E-02	3
-8.828	38.703	3.0915E-02	3
-8.781	38.701	4.4005E-02	3
-8.735	38.699	6.1762E-02	3
-8.689	38.697	5.4231E-02	3
-8.644	38.695	4.8717E-02	3
-8.598	38.693	4.7267E-02	3
-8.554	38.691	2.6938E-02	3
-8.509	38.689	3.4699E-02	3
-8.465	38.687	4.3279E-02	3
-8.421	38.686	2.9905E-02	3
-8.378	38.684	2.3321E-02	3
-8.335	38.682	2.2484E-02	3
-8.291	38.680	2.0779E-02	3
-9.209	38.701	1.2266E-01	0
-9.161	38.699	6.8034E-02	3
-9.112	38.697	5.7147E-02	0
-9.064	38.695	4.3091E-02	3
-9.017	38.694	7.0766E-02	0
-8.969	38.692	6.0672E-02	3
-8.922	38.690	8.6834E-02	0
-8.875	38.688	3.1692E-02	3
-8.829	38.686	4.1430E-02	0
-8.782	38.684	5.1964E-02	3
-8.736	38.682	6.0591E-02	2
-8.690	38.681	5.0918E-02	3
-8.645	38.679	6.8474E-02	1
-8.599	38.677	5.4253E-02	3
-8.555	38.675	3.4728E-02	0
-8.510	38.673	3.4636E-02	3
-8.466	38.671	8.2172E-02	0
-8.422	38.669	4.9609E-02	3
-8.378	38.667	2.9517E-02	0
-8.335	38.665	1.9213E-02	3
-8.292	38.663	2.3515E-02	0
-9.210	38.684	3.8070E-02	3
-9.161	38.682	6.4514E-02	3
-9.113	38.680	3.8754E-02	3
-9.065	38.678	5.2261E-02	3
-9.018	38.677	5.6982E-02	3
-8.970	38.675	6.7274E-02	3
-8.923	38.673	6.5329E-02	3
-8.876	38.671	5.5773E-02	3
-8.830	38.669	2.6251E-02	3
-8.783	38.668	4.2970E-02	3
-8.737	38.666	5.9683E-02	3
-8.692	38.664	5.6096E-02	3
-8.646	38.662	4.6019E-02	3
-8.601	38.660	4.2684E-02	3
-8.556	38.658	2.4812E-02	3
-8.511	38.656	2.8997E-02	3
-8.467	38.655	3.3519E-02	3
-8.423	38.653	2.6636E-02	3
-8.379	38.651	2.6888E-02	3
-8.335	38.649	2.4288E-02	3
-8.292	38.647	2.3343E-02	3
-9.210	38.666	8.4574E-02	0
-9.162	38.665	8.1482E-02	3
-9.114	38.663	6.9425E-02	0
-9.066	38.661	9.8314E-02	3
-9.018	38.660	9.9480E-02	0
-8.971	38.658	6.2706E-02	3
-8.923	38.656	7.0695E-02	0
-8.877	38.654	3.6172E-02	3
-8.830	38.653	3.8558E-02	0
-8.784	38.651	3.6451E-02	3
-8.738	38.649	6.6256E-02	0
-8.692	38.647	7.5218E-02	3
-8.647	38.645	5.5408E-02	0
-8.602	38.644	2.3036E-02	3
-8.557	38.642	2.5396E-02	0
-8.513	38.640	2.4109E-02	3
-8.468	38.638	3.0573E-02	0
-8.424	38.636	2.1191E-02	3
-8.380	38.634	2.5145E-02	0
-8.336	38.633	1.7948E-02	3
-8.292	38.631	2.5308E-02	0
-9.211	38.649	6.5864E-02	3
-9.162	38.648	9.5191E-02	3
-9.115	38.646	6.6328E-02	3
-9.067	38.644	7.4114E-02	3
-9.019	38.643	7.5405E-02	3
-8.972	38.641	5.8476E-02	3
-8.924	38.639	6.1863E-02	3
-8.878	38.637	4.9204E-02	3
-8.831	38.636	2.8751E-02	3
-8.785	38.634	2.7876E-02	3
-8.739	38.632	5.1897E-02	3
-8.694	38.630	7.4970E-02	3
-8.648	38.629	3.3481E-02	3
-8.603	38.627	1.7161E-02	3
-8.558	38.625	1.9849E-02	3
-8.514	38.623	2.5759E-02	3
-8.470	38.622	2.2178E-02	3
-8.425	38.620	2.2343E-02	3
-8.381	38.618	2.0868E-02	3
-8.337	38.616	2.0201E-02	3
-8.293	38.614	1.9048E-02	3
-8.250	38.613	2.0300E-02	3
-9.215	38.715	1.0704E-01	0
-9.166	38.713	9.7968E-02	3
-9.119	38.711	1.0162E-01	0
-9.072	38.709	3.9995E-02	3
-9.024	38.707	5.6707E-02	1
-8.976	38.705	9.0790E-02	3
-8.929	38.703	9.8098E-02	0
-8.883	38.701	4.4438E-02	3
-8.836	38.699	4.1572E-02	0
-8.790	38.696	4.1580E-02	3
-8.744	38.694	7.4942E-02	0
-8.698	38.692	5.9093E-02	3
-8.652	38.690	7.5104E-02	0
-8.607	38.688	6.0129E-02	3
-8.562	38.686	4.1096E-02	0
-8.517	38.683	3.6382E-02	3
-8.473	38.681	7.8852E-02	0
-8.429	38.679	4.8188E-02	3
-8.386	38.677	3.0483E-02	0
-8.343	38.675	2.1785E-02	3
-8.299	38.672	2.3333E-02	0
-8.256	38.670	2.3237E-02	3
-9.217	38.698	8.5606E-02	3
-9.169	38.696	6.5048E-02	3
-9.121	38.694	3.8834E-02	3
-9.073	38.692	4.2873E-02	3
-9.025	38.690	5.3721E-02	3
-8.977	38.688	6.1125E-02	3
-8.930	38.686	7.5106E-02	3
-8.883	38.684	4.0837E-02	3
-8.837	38.682	2.7022E-02	3
-8.791	38.680	4.7697E-02	3
-8.745	38.677	6.2107E-02	3
-8.699	38.675	4.6898E-02	3
-8.653	38.673	6.2604E-02	3
-8.608	38.671	5.1786E-02	3
-8.563	38.669	2.7283E-02	3
-8.519	38.667	2.8114E-02	3
-8.474	38.665	4.8811E-02	3
-8.430	38.663	4.1026E-02	3
-8.386	38.660	2.6900E-02	3
-8.343	38.658	2.4992E-02	3
-8.300	38.656	2.2468E-02	3
-8.257	38.654	3.3521E-02	3
-9.218	38.681	5.4795E-02	0
-9.169	38.679	7.2945E-02	3
-9.121	38.677	4.6311E-02	1
-9.073	38.675	5.8819E-02	3
-9.026	38.673	6.1129E-02	2
-8.978	38.671	6.6004E-02	3
-8.931	38.669	6.1996E-02	1
-8.884	38.667	5.6734E-02	3
-8.838	38.665	4.6495E-02	0
-8.791	38.663	3.8897E-02	3
-8.746	38.661	7.8018E-02	0
-8.700	38.659	6.0617E-02	3
-8.654	38.657	6.2902E-02	0
-8.609	38.655	3.9555E-02	3
-8.564	38.652	3.7995E-02	0
-8.520	38.650	2.7234E-02	3
-8.475	38.648	4.1470E-02	0
-8.431	38.646	2.5477E-02	3
-8.387	38.644	3.2731E-02	0
-8.343	38.642	2.4080E-02	3
-8.300	38.640	2.8121E-02	0
-8.257	38.638	2.6617E-02	3
-9.218	38.664	5.3335E-02	3
-9.169	38.662	8.5559E-02	3
-9.122	38.660	5.6104E-02	3
-9.074	38.658	9.5452E-02	3
-9.026	38.656	8.9921E-02	3
-8.979	38.654	6.8579E-02	3
-8.932	38.652	5.3469E-02	3
-8.885	38.650	4.2457E-02	3
-8.839	38.648	2.4024E-02	3
-8.792	38.646	3.0406E-02	3
-8.746	38.644	4.7467E-02	3
-8.701	38.642	7.7443E-02	3
-8.655	38.640	4.7348E-02	3
-8.610	38.638	1.8345E-02	3
-8.565	38.636	1.7348E-02	3
-8.521	38.634	2.5512E-02	3
-8.477	38.632	2.2570E-02	3
-8.432	38.630	2.3171E-02	3
-8.388	38.628	2.0241E-02	3
-8.344	38.626	1.8729E-02	3
-8.301	38.624	2.1110E-02	3
-8.258	38.621	2.3612E-02	3
-9.219	38.647	9.8924E-02	0
-9.170	38.645	9.5192E-02	3
-9.123	38.643	9.1677E-02	0
-9.075	38.641	6.9617E-02	3
-9.027	38.639	9.3462E-02	0
-8.980	38.637	5.5405E-02	3
-8.932	38.635	8.0885E-02	0
-8.886	38.633	5.9699E-02	3
-8.839	38.631	5.6037E-02	0
-8.793	38.629	3.0576E-02	3
-8.747	38.627	6.8997E-02	0
-8.702	38.625	8.1699E-02	3
-8.656	38.623	5.4661E-02	0
-8.611	38.621	2.1199E-02	3
-8.566	38.619	3.1864E-02	0
-8.522	38.617	2.6039E-02	3
-8.478	38.615	3.1164E-02	0
-8.433	38.613	2.2267E-02	3
-8.389	38.611	2.7082E-02	0
-8.345	38.609	2.1612E-02	3
-8.301	38.607	2.0030E-02	1
-8.258	38.605	2.0014E-02	3
-9.220	38.630	5.4077E-02	3
-9.171	38.628	8.6654E-02	3
-9.123	38.626	8.3359E-02	3
-9.076	38.624	6.5553E-02	3
-9.028	38.622	5.4774E-02	3
-8.980	38.620	4.6382E-02	3
-8.933	38.618	4.5509E-02	3
-8.886	38.616	6.6439E-02	3
-8.840	38.614	6.7165E-02	3
-8.794	38.613	6.7291E-02	3
-8.748	38.611	5.6023E-02	3
-8.703	38.609	7.6298E-02	3
-8.658	38.607	4.8755E-02	3
-8.612	38.605	2.9484E-02	3
-8.567	38.603	2.0675E-02	3
-8.523	38.601	2.2897E-02	3
-8.479	38.599	2.4682E-02	3
-8.435	38.597	2.6562E-02	3
-8.390	38.595	2.1635E-02	3
-8.346	38.593	2.0221E-02	3
-8.302	38.591	2.1504E-02	3
-8.259	38.589	2.0216E-02	3
-9.221	38.612	4.6515E-02	1
-9.172	38.611	7.6416E-02	3
-9.124	38.609	9.3492E-02	0
-9.076	38.607	7.1726E-02	3
-9.028	38.605	6.7982E-02	0
-8.981	38.603	5.4423E-02	3
-8.934	38.601	8.2476E-02	0
-8.887	38.599	6.2795E-02	3
-8.841	38.598	1.0090E-01	0
-8.795	38.596	7.6403E-02	3
-8.749	38.594	6.2504E-02	0
-8.704	38.592	5.1088E-02	3
-8.659	38.590	6.2760E-02	0
-8.614	38.588	2.7915E-02	3
-8.569	38.586	4.0055E-02	0
-8.525	38.584	2.8922E-02	3
-8.480	38.582	3.2840E-02	0
-8.435	38.581	2.2736E-02	3
-8.391	38.579	2.8721E-02	0
-8.347	38.577	1.9871E-02	3
-8.304	38.575	2.5546E-02	0
-8.261	38.573	1.9195E-02	3
-9.222	38.595	3.0175E-02	3
-9.173	38.593	5.5134E-02	3
-9.125	38.592	3.5961E-02	3
-9.077	38.590	5.9013E-02	3
-9.029	38.588	5.8182E-02	3
-8.982	38.586	7.5549E-02	3
-8.934	38.584	5.1472E-02	3
-8.887	38.583	6.0437E-02	3
-8.842	38.581	6.0541E-02	3
-8.796	38.579	6.2918E-02	3
-8.751	38.577	4.3147E-02	3
-8.705	38.575	3.4906E-02	3
-8.659	38.573	2.5988E-02	3
-8.614	38.572	2.3482E-02	3
-8.569	38.570	1.9385E-02	3
-8.525	38.568	2.4074E-02	3
-8.481	38.566	1.8639E-02	3
-8.436	38.564	2.0176E-02	3
-8.392	38.562	2.1032E-02	3
-8.348	38.560	2.1295E-02	3
-8.305	38.558	2.0047E-02	3
-8.262	38.557	2.1469E-02	3
-9.223	38.578	3.0418E-02	2
-9.174	38.576	3.9821E-02	3
-9.125	38.575	6.6402E-02	0
-9.078	38.573	6.8458E-02	3
-9.030	38.571	1.0176E-01	0
-8.982	38.569	5.6784E-02	3
-8.934	38.567	7.1400E-02	0
-8.888	38.566	5.1540E-02	3
-8.843	38.564	6.5301E-02	0
-8.797	38.562	4.5148E-02	3
-8.752	38.560	5.5841E-02	0
-8.706	38.559	2.4735E-02	3
-8.660	38.557	2.8675E-02	0
-8.615	38.555	2.0110E-02	3
-8.570	38.553	2.5469E-02	0
-8.526	38.551	1.6491E-02	3
-8.482	38.550	2.8847E-02	0
-8.438	38.548	2.3138E-02	3
-8.393	38.546	2.9416E-02	0
-8.349	38.544	2.0214E-02	3
-8.306	38.542	2.6489E-02	0
-8.264	38.540	2.0467E-02	2
-9.224	38.561	2.7443E-02	3
-9.175	38.559	3.5350E-02	3
-9.126	38.557	3.4736E-02	3
-9.078	38.556	7.3027E-02	3
-9.031	38.554	7.1263E-02	3
-8.983	38.552	5.5595E-02	3
-8.934	38.551	2.5491E-02	3
-8.890	38.549	4.6000E-02	3
-8.844	38.547	5.8971E-02	3
-8.799	38.545	4.8967E-02	3
-8.753	38.544	3.8782E-02	3
-8.707	38.542	2.2373E-02	3
-8.661	38.540	2.0171E-02	3
-8.616	38.538	2.1943E-02	3
-8.571	38.537	1.9810E-02	3
-8.527	38.535	2.1989E-02	3
-8.484	38.533	2.5458E-02	3
-8.439	38.531	2.4491E-02	3
-8.395	38.529	2.4028E-02	3
-8.350	38.528	1.9560E-02	3
-8.308	38.526	2.1450E-02	3
-8.266	38.524	2.1606E-02	3
-9.227	38.627	7.9546E-02	0
-9.177	38.625	8.2745E-02	3
-9.129	38.623	1.1620E-01	0
-9.082	38.621	7.3124E-02	3
-9.034	38.619	5.2744E-02	1
-8.986	38.616	5.0690E-02	3
-8.939	38.614	6.9482E-02	0
-8.893	38.612	6.8019E-02	3
-8.846	38.610	9.8889E-02	0
-8.800	38.608	7.7159E-02	3
-8.754	38.606	7.2347E-02	0
-8.709	38.603	6.7775E-02	3
-8.664	38.601	7.6081E-02	0
-8.619	38.599	3.3235E-02	3
-8.574	38.597	3.4171E-02	0
-8.530	38.595	2.9421E-02	3
-8.485	38.593	3.5679E-02	0
-8.441	38.590	2.6370E-02	3
-8.396	38.588	3.0349E-02	0
-8.353	38.586	2.0580E-02	3
-8.309	38.584	2.5914E-02	0
-8.266	38.581	2.2092E-02	3
-9.228	38.610	3.8633E-02	3
-9.178	38.608	7.8941E-02	3
-9.130	38.606	5.9755E-02	3
-9.082	38.604	7.3517E-02	3
-9.035	38.602	4.7330E-02	3
-8.987	38.599	5.7577E-02	3
-8.940	38.597	5.6431E-02	3
-8.893	38.595	5.9061E-02	3
-8.847	38.593	7.3017E-02	3
-8.801	38.591	7.4033E-02	3
-8.755	38.589	4.8777E-02	3
-8.710	38.587	4.3012E-02	3
-8.665	38.585	3.7190E-02	3
-8.620	38.583	2.8111E-02	3
-8.575	38.580	2.8632E-02	3
-8.531	38.578	2.6594E-02	3
-8.486	38.576	2.3239E-02	3
-8.442	38.574	2.3145E-02	3
-8.397	38.572	2.2681E-02	3
-8.353	38.570	2.2426E-02	3
-8.310	38.567	2.1798E-02	3
-8.267	38.565	2.1704E-02	3
-9.228	38.593	4.8331E-02	0
-9.179	38.591	5.0965E-02	3
-9.131	38.589	5.9491E-02	0
-9.083	38.587	5.9088E-02	3
-9.036	38.585	6.2707E-02	2
-8.988	38.582	8.7521E-02	3
-8.940	38.580	5.6957E-02	1
-8.893	38.578	6.6260E-02	3
-8.848	38.576	8.1966E-02	0
-8.802	38.574	6.2826E-02	3
-8.757	38.572	6.2927E-02	0
-8.711	38.570	3.4592E-02	3
-8.665	38.568	3.5242E-02	0
-8.620	38.566	2.2160E-02	3
-8.575	38.564	2.8023E-02	0
-8.531	38.562	2.3346E-02	3
-8.487	38.560	2.8715E-02	0
-8.443	38.558	2.3511E-02	3
-8.398	38.555	2.9745E-02	0
-8.355	38.553	2.1530E-02	3
-8.311	38.551	2.5391E-02	0
-8.269	38.549	2.1719E-02	3
-9.229	38.575	3.0773E-02	3
-9.180	38.573	4.1415E-02	3
-9.131	38.571	4.0255E-02	3
-9.083	38.569	7.5241E-02	3
-9.036	38.568	7.7271E-02	3
-8.988	38.565	5.3486E-02	3
-8.940	38.563	4.4171E-02	3
-8.894	38.561	4.3677E-02	3
-8.849	38.559	4.7537E-02	3
-8.803	38.557	4.3798E-02	3
-8.758	38.555	4.3211E-02	3
-8.712	38.553	2.4176E-02	3
-8.666	38.551	2.0652E-02	3
-8.621	38.549	2.2010E-02	3
-8.576	38.547	2.0512E-02	3
-8.532	38.545	1.8015E-02	3
-8.488	38.543	2.2361E-02	3
-8.444	38.541	2.5944E-02	3
-8.400	38.539	2.5597E-02	3
-8.355	38.537	2.1945E-02	3
-8.313	38.535	2.3617E-02	3
-8.270	38.533	2.4134E-02	3
-9.230	38.558	4.2854E-02	0
-9.180	38.556	3.5389E-02	3
-9.132	38.554	4.8865E-02	0
-9.084	38.552	6.0283E-02	3
-9.037	38.550	9.7206E-02	0
-8.989	38.548	5.5353E-02	3
-8.940	38.546	3.9286E-02	0
-8.896	38.545	5.2930E-02	3
-8.850	38.543	9.2442E-02	0
-8.805	38.541	5.3269E-02	3
-8.759	38.539	5.3894E-02	0
-8.713	38.537	2.5866E-02	3
-8.667	38.535	2.7839E-02	0
-8.622	38.533	2.1806E-02	3
-8.578	38.531	2.7812E-02	0
-8.534	38.529	2.2349E-02	3
-8.490	38.527	3.5741E-02	0
-8.445	38.525	2.4697E-02	3
-8.401	38.523	2.8996E-02	0
-8.357	38.521	2.0390E-02	3
-8.314	38.519	2.2325E-02	1
-8.272	38.517	2.3013E-02	3
-9.231	38.541	2.6896E-02	3
-9.182	38.539	3.4856E-02	3
-9.133	38.537	3.1700E-02	3
-9.085	38.535	3.0612E-02	3
-9.037	38.533	5.3539E-02	3
-8.989	38.532	5.1902E-02	3
-8.941	38.530	2.6645E-02	3
-8.897	38.528	9.1393E-02	3
-8.851	38.526	8.2452E-02	3
-8.805	38.524	6.0864E-02	3
-8.760	38.522	4.9126E-02	3
-8.714	38.520	3.0337E-02	3
-8.668	38.518	1.9489E-02	3
-8.623	38.516	2.3909E-02	3
-8.579	38.514	2.3906E-02	3
-8.535	38.512	2.5540E-02	3
-8.491	38.510	2.5816E-02	3
-8.446	38.508	2.5345E-02	3
-8.402	38.506	2.4567E-02	3
-8.359	38.504	2.2825E-02	3
-8.315	38.502	2.3282E-02	3
-8.273	38.500	2.3422E-02	3
-9.232	38.524	2.8570E-02	1
-9.183	38.522	3.7909E-02	3
-9.134	38.520	4.5268E-02	0
-9.086	38.518	4.0406E-02	3
-9.038	38.516	5.8454E-02	0
-8.990	38.515	3.7228E-02	3
-8.944	38.513	3.5189E-02	0
-8.899	38.511	3.1916E-02	3
-8.852	38.509	7.2621E-02	0
-8.806	38.507	5.5120E-02	3
-8.761	38.505	6.2187E-02	0
-8.715	38.503	2.9505E-02	3
-8.669	38.501	3.0309E-02	0
-8.624	38.500	2.1492E-02	3
-8.580	38.498	3.1683E-02	0
-8.535	38.496	2.2432E-02	3
-8.492	38.494	3.1925E-02	0
-8.447	38.492	2.3342E-02	3
-8.403	38.490	2.9862E-02	0
-8.360	38.488	2.4992E-02	3
-8.317	38.486	3.2899E-02	0
-8.274	38.484	2.3733E-02	3
-9.233	38.507	2.9919E-02	3
-9.184	38.505	4.7083E-02	3
-9.135	38.503	3.3941E-02	3
-9.086	38.501	3.0804E-02	3
-9.038	38.499	2.8930E-02	3
-8.990	38.498	2.1774E-02	3
-8.944	38.496	3.8527E-02	3
-8.900	38.494	4.7565E-02	3
-8.853	38.492	3.8869E-02	3
-8.807	38.490	7.1892E-02	3
-8.762	38.489	4.4971E-02	3
-8.716	38.487	3.4507E-02	3
-8.670	38.485	2.3431E-02	3
-8.625	38.483	2.3479E-02	3
-8.581	38.481	2.6133E-02	3
-8.536	38.479	2.3864E-02	3
-8.492	38.477	2.2626E-02	3
-8.448	38.475	2.1756E-02	3
-8.405	38.474	2.1095E-02	3
-8.362	38.472	2.0723E-02	3
-8.318	38.470	2.3550E-02	3
-8.275	38.468	2.4950E-02	3
-9.234	38.489	2.8802E-02	2
-9.185	38.488	4.1974E-02	3
-9.135	38.486	4.0417E-02	1
-9.087	38.484	3.8210E-02	3
-9.038	38.482	3.9810E-02	0
-8.990	38.481	2.2894E-02	3
-8.947	38.479	6.2257E-02	0
-8.901	38.477	7.5402E-02	3
-8.854	38.475	5.4324E-02	0
-8.808	38.474	4.8767E-02	3
-8.763	38.472	6.0557E-02	0
-8.717	38.470	3.6277E-02	3
-8.671	38.468	3.3526E-02	0
-8.627	38.466	2.6466E-02	3
-8.582	38.465	3.6204E-02	0
-8.537	38.463	2.5609E-02	3
-8.493	38.461	2.9273E-02	0
-8.450	38.459	2.1953E-02	3
-8.407	38.457	3.2797E-02	0
-8.363	38.455	2.2915E-02	3
-8.319	38.454	2.7817E-02	0
-8.276	38.452	2.3237E-02	3
-9.235	38.472	2.9489E-02	3
-9.185	38.471	4.4307E-02	3
-9.135	38.469	5.1506E-02	3
-9.087	38.467	5.4879E-02	3
-9.038	38.465	2.6179E-02	3
-8.993	38.464	2.9854E-02	3
-8.948	38.462	3.2320E-02	3
-8.902	38.460	4.9480E-02	3
-8.855	38.459	5.8717E-02	3
-8.809	38.457	3.3467E-02	3
-8.764	38.455	3.9585E-02	3
-8.718	38.453	3.6126E-02	3
-8.672	38.452	2.2659E-02	3
-8.628	38.450	3.2129E-02	3
-8.583	38.448	2.1226E-02	3
-8.539	38.446	2.5163E-02	3
-8.495	38.445	2.3117E-02	3
-8.451	38.443	2.6713E-02	3
-8.408	38.441	2.7598E-02	3
-8.364	38.439	2.5011E-02	3
-8.321	38.437	2.3791E-02	3
-8.278	38.435	2.2998E-02	3
-9.239	38.539	2.7877E-02	2
-9.190	38.536	3.3495E-02	3
-9.142	38.534	4.8183E-02	0
-9.093	38.532	3.2129E-02	3
-9.045	38.530	6.1230E-02	0
-8.998	38.528	5.0926E-02	3
-8.951	38.526	4.1045E-02	0
-8.905	38.524	7.3618E-02	3
-8.859	38.521	1.0781E-01	0
-8.814	38.519	6.2053E-02	3
-8.768	38.517	6.4172E-02	0
-8.723	38.515	3.5213E-02	3
-8.677	38.513	2.9436E-02	0
-8.631	38.511	2.3518E-02	3
-8.587	38.508	3.2169E-02	0
-8.543	38.506	2.2549E-02	3
-8.499	38.504	3.3290E-02	0
-8.454	38.502	2.4726E-02	3
-8.411	38.500	3.1361E-02	0
-8.367	38.497	2.4383E-02	3
-8.324	38.495	3.1222E-02	0
-8.281	38.493	2.5151E-02	3
-9.240	38.521	3.0864E-02	3
-9.191	38.519	4.1399E-02	3
-9.143	38.517	3.3031E-02	3
-9.094	38.515	4.1505E-02	3
-9.046	38.513	3.9008E-02	3
-8.998	38.511	3.9510E-02	3
-8.952	38.509	2.2749E-02	3
-8.907	38.507	2.9007E-02	3
-8.861	38.505	4.5901E-02	3
-8.814	38.502	6.6723E-02	3
-8.769	38.500	5.2500E-02	3
-8.723	38.498	3.5449E-02	3
-8.678	38.496	2.3437E-02	3
-8.632	38.494	2.2629E-02	3
-8.588	38.492	2.4681E-02	3
-8.543	38.490	2.4977E-02	3
-8.499	38.488	2.4989E-02	3
-8.455	38.485	2.3953E-02	3
-8.412	38.483	2.2514E-02	3
-8.369	38.481	2.3416E-02	3
-8.325	38.479	2.4809E-02	3
-8.282	38.477	2.7596E-02	3
-9.241	38.504	4.3316E-02	0
-9.192	38.502	4.5851E-02	3
-9.143	38.500	5.5251E-02	0
-9.094	38.498	3.2009E-02	3
-9.046	38.496	4.3771E-02	0
-8.998	38.494	2.3612E-02	3
-8.951	38.492	5.7027E-02	0
-8.908	38.490	6.3322E-02	3
-8.862	38.488	5.5421E-02	0
-8.815	38.486	6.6058E-02	3
-8.770	38.484	6.8467E-02	0
-8.724	38.482	3.9909E-02	3
-8.679	38.479	3.6571E-02	0
-8.634	38.477	2.5482E-02	3
-8.589	38.475	3.9333E-02	0
-8.544	38.473	2.5361E-02	3
-8.500	38.471	3.2144E-02	0
-8.456	38.469	2.1911E-02	3
-8.414	38.467	3.0920E-02	0
-8.370	38.465	2.2766E-02	3
-8.326	38.463	3.0002E-02	0
-8.283	38.460	2.6455E-02	3
-9.242	38.487	3.0635E-02	3
-9.193	38.485	4.2539E-02	3
-9.143	38.483	4.4752E-02	3
-9.094	38.481	4.8605E-02	3
-9.047	38.479	3.0446E-02	3
-8.998	38.477	2.4197E-02	3
-8.955	38.475	3.9213E-02	3
-8.909	38.473	6.8609E-02	3
-8.862	38.471	4.6563E-02	3
-8.816	38.469	3.7302E-02	3
-8.771	38.467	4.2727E-02	3
-8.725	38.465	4.0589E-02	3
-8.680	38.463	2.3041E-02	3
-8.635	38.461	2.7392E-02	3
-8.590	38.459	2.6922E-02	3
-8.545	38.457	2.7361E-02	3
-8.502	38.455	2.3957E-02	3
-8.458	38.453	2.6155E-02	3
-8.415	38.451	2.8494E-02	3
-8.371	38.448	2.9023E-02	3
-8.328	38.446	2.4848E-02	3
-8.284	38.444	2.4846E-02	3
-9.242	38.470	4.5198E-02	0
-9.193	38.468	4.2393E-02	3
-9.143	38.466	6.3776E-02	0
-9.094	38.464	5.7195E-02	3
-9.047	38.462	4.1423E-02	0
-9.001	38.460	3.1071E-02	3
-8.956	38.458	4.5728E-02	0
-8.910	38.456	4.3941E-02	3
-8.863	38.454	8.2876E-02	0
-8.817	38.452	4.1936E-02	3
-8.772	38.450	5.4644E-02	0
-8.726	38.448	4.2292E-02	3
-8.681	38.446	3.6904E-02	0
-8.636	38.444	3.5096E-02	3
-8.591	38.442	3.2994E-02	0
-8.547	38.440	2.3747E-02	3
-8.503	38.438	3.3150E-02	0
-8.459	38.436	2.7477E-02	3
-8.416	38.434	3.4798E-02	0
-8.373	38.432	2.3657E-02	3
-8.330	38.430	3.0468E-02	0
-8.287	38.428	2.4864E-02	3
-9.243	38.453	3.1539E-02	3
-9.193	38.451	3.1315E-02	3
-9.143	38.449	3.9875E-02	3
-9.095	38.447	6.1649E-02	3
-9.048	38.445	4.7128E-02	3
-9.004	38.443	2.6820E-02	3
-8.957	38.441	2.7341E-02	3
-8.911	38.439	3.4808E-02	3
-8.864	38.437	4.4663E-02	3
-8.818	38.435	5.6640E-02	3
-8.773	38.433	5.1858E-02	3
-8.727	38.432	4.5994E-02	3
-8.682	38.430	3.9576E-02	3
-8.637	38.428	3.6359E-02	3
-8.592	38.426	2.6851E-02	3
-8.548	38.424	3.0687E-02	3
-8.504	38.422	2.6967E-02	3
-8.460	38.420	2.3561E-02	3
-8.417	38.418	3.3281E-02	3
-8.373	38.416	2.3309E-02	3
-8.331	38.414	2.5634E-02	3
-8.287	38.412	2.8481E-02	3
-9.244	38.435	4.3847E-02	0
-9.194	38.433	3.7034E-02	3
-9.145	38.432	5.4400E-02	0
-9.099	38.430	3.3325E-02	3
-9.052	38.428	3.7019E-02	0
-9.005	38.426	2.2705E-02	3
-8.958	38.424	3.4880E-02	0
-8.911	38.422	2.4066E-02	3
-8.865	38.421	4.0665E-02	0
-8.819	38.419	5.4369E-02	3
-8.774	38.417	7.2605E-02	0
-8.728	38.415	6.0826E-02	3
-8.683	38.413	6.8854E-02	0
-8.638	38.411	4.5302E-02	3
-8.594	38.409	6.2084E-02	0
-8.550	38.407	4.1713E-02	3
-8.505	38.405	4.2683E-02	0
-8.462	38.403	3.5796E-02	3
-8.418	38.401	4.4383E-02	0
-8.374	38.399	2.4132E-02	3
-8.332	38.398	3.4403E-02	0
-8.289	38.396	3.1082E-02	3
-9.245	38.418	3.4003E-02	3
-9.195	38.416	3.3302E-02	3
-9.148	38.415	2.3760E-02	3
-9.101	38.413	2.2085E-02	3
-9.053	38.411	2.1998E-02	3
-9.006	38.409	2.1582E-02	3
-8.959	38.407	2.0205E-02	3
-8.912	38.406	2.2807E-02	3
-8.866	38.404	2.2479E-02	3
-8.820	38.402	4.3864E-02	3
-8.774	38.400	6.2459E-02	3
-8.729	38.398	9.7729E-02	3
-8.684	38.396	8.8903E-02	3
-8.639	38.394	4.8041E-02	3
-8.594	38.393	4.2050E-02	3
-8.550	38.391	4.5037E-02	3
-8.506	38.389	4.4486E-02	3
-8.463	38.387	4.5745E-02	3
-8.419	38.385	3.1098E-02	3
-8.375	38.383	2.9356E-02	3
-8.332	38.381	2.7103E-02	3
-8.290	38.379	2.6212E-02	3
-9.246	38.401	3.9417E-02	0
-9.197	38.399	2.5238E-02	3
-9.149	38.398	3.3066E-02	0
-9.101	38.396	2.1949E-02	2
-9.054	38.394	3.4490E-02	0
-9.007	38.392	2.2876E-02	2
-8.960	38.390	3.2265E-02	0
-8.913	38.389	2.1870E-02	3
-8.867	38.387	3.2604E-02	0
-8.821	38.385	3.6825E-02	3
-8.775	38.383	7.9500E-02	0
-8.730	38.382	7.8416E-02	3
-8.684	38.380	9.8287E-02	0
-8.640	38.378	5.6671E-02	3
-8.595	38.376	6.3812E-02	0
-8.551	38.374	5.3405E-02	3
-8.508	38.372	7.6006E-02	0
-8.464	38.371	3.8778E-02	3
-8.419	38.369	3.7651E-02	0
-8.376	38.367	3.4022E-02	3
-8.333	38.365	3.2672E-02	0
-8.291	38.363	3.1503E-02	3
-9.247	38.384	2.6577E-02	3
-9.198	38.382	2.6348E-02	3
-9.150	38.380	2.2525E-02	3
-9.102	38.379	2.3880E-02	3
-9.055	38.377	2.4958E-02	3
-9.008	38.375	2.4772E-02	3
-8.961	38.374	2.3564E-02	3
-8.914	38.372	2.1714E-02	3
-8.868	38.370	2.1647E-02	3
-8.822	38.368	3.0172E-02	3
-8.776	38.367	5.8611E-02	3
-8.731	38.365	6.8402E-02	3
-8.685	38.363	8.4677E-02	3
-8.640	38.361	5.5125E-02	3
-8.596	38.360	5.3143E-02	3
-8.552	38.358	4.3390E-02	3
-8.509	38.356	3.8594E-02	3
-8.464	38.354	3.0954E-02	3
-8.420	38.352	2.9833E-02	3
-8.377	38.350	2.5523E-02	3
-9.249	38.450	3.3514E-02	2
-9.200	38.448	3.4662E-02	3
-9.149	38.445	6.0099E-02	0
-9.102	38.443	6.1366E-02	3
-9.055	38.441	6.1052E-02	0
-9.010	38.439	2.7781E-02	3
-8.963	38.437	4.1879E-02	0
-8.917	38.435	3.0647E-02	3
-8.870	38.433	5.6220E-02	0
-8.824	38.430	6.0267E-02	3
-8.779	38.428	7.0297E-02	0
-8.734	38.426	5.0525E-02	3
-8.689	38.424	5.9254E-02	0
-8.644	38.422	4.3131E-02	3
-8.599	38.420	5.1625E-02	0
-8.555	38.417	3.6931E-02	3
-8.510	38.415	4.1625E-02	0
-8.467	38.413	2.8424E-02	3
-8.424	38.411	4.9414E-02	0
-8.380	38.409	2.5910E-02	3
-8.337	38.406	3.4468E-02	0
-8.294	38.404	3.2742E-02	3
-8.251	38.402	2.8103E-02	0
-9.200	38.430	3.7219E-02	3
-9.152	38.428	3.7289E-02	3
-9.106	38.426	2.9256E-02	3
-9.058	38.424	2.3391E-02	3
-9.011	38.422	2.2658E-02	3
-8.964	38.420	2.2053E-02	3
-8.918	38.418	2.2647E-02	3
-8.871	38.416	2.4571E-02	3
-8.825	38.414	4.8571E-02	3
-8.780	38.412	5.7447E-02	3
-8.734	38.409	6.7735E-02	3
-8.689	38.407	6.6444E-02	3
-8.645	38.405	4.7998E-02	3
-8.600	38.403	4.6784E-02	3
-8.556	38.401	4.2657E-02	3
-8.511	38.399	4.3050E-02	3
-8.468	38.397	4.1550E-02	3
-8.425	38.394	3.8779E-02	3
-8.380	38.392	2.7198E-02	3
-8.338	38.390	2.9244E-02	3
-8.295	38.388	3.0745E-02	3
-8.252	38.386	2.9678E-02	3
-9.202	38.413	3.3597E-02	3
-9.154	38.411	3.6880E-02	0
-9.107	38.409	2.2879E-02	3
-9.059	38.407	3.5005E-02	0
-9.012	38.405	2.4013E-02	3
-8.965	38.403	3.3632E-02	0
-8.918	38.401	2.3192E-02	3
-8.872	38.399	3.5812E-02	0
-8.826	38.397	3.8325E-02	3
-8.781	38.395	8.1462E-02	0
-8.735	38.393	1.0343E-01	3
-8.690	38.391	1.2842E-01	0
-8.645	38.389	4.9752E-02	3
-8.601	38.386	5.9946E-02	0
-8.556	38.384	5.0138E-02	3
-8.512	38.382	6.3927E-02	0
-8.469	38.380	4.6061E-02	3
-8.425	38.378	3.8856E-02	0
-8.381	38.376	3.3457E-02	3
-8.338	38.374	3.3546E-02	0
-8.296	38.372	2.9555E-02	3
-8.253	38.369	3.5588E-02	0
-9.203	38.396	2.7629E-02	3
-9.155	38.394	2.3885E-02	3
-9.107	38.392	2.3727E-02	3
-9.060	38.390	2.5304E-02	3
-9.013	38.388	2.6054E-02	3
-8.966	38.386	2.3175E-02	3
-8.919	38.384	2.4005E-02	3
-8.873	38.382	2.2003E-02	3
-8.827	38.380	3.3011E-02	3
-8.781	38.378	6.3158E-02	3
-8.736	38.376	6.7210E-02	3
-8.690	38.374	7.8906E-02	3
-8.646	38.372	6.5859E-02	3
-8.601	38.370	5.2658E-02	3
-8.557	38.368	5.2651E-02	3
-8.514	38.366	5.9393E-02	3
-8.470	38.364	3.9088E-02	3
-8.425	38.362	3.3191E-02	3
-8.382	38.360	3.3809E-02	3
-8.340	38.357	2.5538E-02	3
-8.298	38.355	2.8860E-02	3
-8.254	38.353	2.8617E-02	3
-9.204	38.379	2.5793E-02	3
-9.156	38.377	3.3481E-02	0
-9.108	38.375	2.3346E-02	3
-9.061	38.373	3.5239E-02	0
-9.014	38.371	2.4548E-02	3
-8.967	38.369	3.3512E-02	0
-8.920	38.367	2.2553E-02	3
-8.874	38.365	2.7679E-02	0
-8.828	38.363	2.3177E-02	3
-8.782	38.361	6.2513E-02	0
-8.737	38.359	6.2935E-02	3
-8.691	38.357	8.2798E-02	0
-8.646	38.355	4.9816E-02	3
-8.602	38.353	5.8787E-02	0
-8.558	38.351	4.3544E-02	3
-9.205	38.362	2.6749E-02	3
-9.157	38.360	2.4736E-02	3
-9.109	38.358	2.6083E-02	3
-9.062	38.356	2.8055E-02	3
-9.015	38.354	2.6875E-02	3
-8.968	38.352	2.4706E-02	3
-8.921	38.350	2.2801E-02	3
-9.213	38.359	2.4609E-02	3
-9.165	38.357	3.0700E-02	0
-9.117	38.355	2.5390E-02	3
-9.070	38.353	3.4292E-02	0
-9.023	38.351	2.7024E-02	3
