-8.515	39.349	6.5389E-02	0
-8.479	39.347	3.9373E-02	2
-8.442	39.345	2.7656E-02	0
-8.406	39.343	2.6924E-02	2
-8.372	39.341	5.1615E-02	0
-8.337	39.340	6.3036E-02	2
-8.302	39.338	1.4182E-01	0
-8.267	39.336	7.7045E-02	2
-8.807	39.349	4.2913E-02	0
-8.769	39.347	4.5191E-02	3
-8.732	39.345	5.7459E-02	0
-8.696	39.343	3.8035E-02	3
-8.660	39.341	6.3162E-02	0
-8.624	39.340	4.0103E-02	3
-8.588	39.338	6.9033E-02	0
-8.552	39.336	5.0397E-02	3
-8.517	39.334	6.9954E-02	0
-8.481	39.332	7.8923E-02	3
-8.444	39.330	9.2024E-02	0
-8.408	39.328	4.7023E-02	3
-8.374	39.327	7.8277E-02	0
-8.339	39.325	9.7728E-02	3
-8.304	39.323	1.2401E-01	0
-8.269	39.321	6.4057E-02	3
-8.487	39.348	4.3619E-02	2
-8.450	39.346	3.4206E-02	0
-8.414	39.344	2.2422E-02	2
-8.379	39.342	5.3522E-02	0
-8.344	39.340	4.3097E-02	2
-8.310	39.338	1.5204E-01	0
-8.275	39.336	7.7311E-02	2
-8.777	39.350	3.9345E-02	3
-8.739	39.348	5.5369E-02	0
-8.703	39.346	4.3437E-02	3
-8.667	39.344	5.8510E-02	0
-8.631	39.342	4.2142E-02	3
-8.595	39.340	6.1767E-02	0
-8.560	39.338	5.3104E-02	3
-8.524	39.336	6.9174E-02	0
-8.488	39.333	7.0146E-02	3
-8.452	39.331	1.0791E-01	0
-8.416	39.329	3.9344E-02	3
-8.381	39.327	8.2322E-02	0
-8.346	39.325	7.6893E-02	3
-8.311	39.323	1.4682E-01	0
-8.276	39.321	5.0069E-02	3
-9.041	39.349	5.7536E-02	0
-9.002	39.347	5.3193E-02	2
-8.965	39.345	5.9856E-02	0
-8.927	39.343	4.1337E-02	2
-8.889	39.341	5.4827E-02	0
-8.853	39.339	6.7248E-02	2
-8.816	39.337	5.9204E-02	0
-8.777	39.335	5.3081E-02	2
-8.740	39.333	6.5221E-02	0
-8.704	39.331	5.1667E-02	2
-8.668	39.329	6.7827E-02	0
-8.632	39.327	5.2390E-02	2
-8.597	39.325	6.8582E-02	0
-8.561	39.323	5.7549E-02	2
-8.525	39.321	8.8759E-02	0
-8.489	39.319	6.4342E-02	2
-8.454	39.316	6.5776E-02	0
-8.418	39.314	5.9995E-02	2
-8.383	39.312	5.3079E-02	0
-8.347	39.310	6.4744E-02	2
-8.312	39.308	6.9589E-02	0
-8.277	39.306	7.6977E-02	2
-9.238	39.343	1.3760E-01	3
-9.200	39.341	1.5636E-01	0
-9.159	39.339	1.2459E-01	3
-9.120	39.337	9.8392E-02	0
-9.081	39.335	4.0200E-02	3
-9.042	39.333	8.7736E-02	0
-9.004	39.331	4.0529E-02	3
-8.966	39.329	5.2399E-02	0
-8.929	39.327	7.4151E-02	3
-8.891	39.325	9.6799E-02	0
-8.854	39.323	5.8922E-02	3
-8.817	39.321	5.8836E-02	0
-8.779	39.319	5.2285E-02	3
-8.742	39.317	5.9099E-02	0
-8.706	39.315	4.2410E-02	2
-8.670	39.313	9.2424E-02	0
-8.634	39.312	5.2731E-02	3
-8.598	39.310	6.2402E-02	0
-8.562	39.308	5.7990E-02	3
-8.526	39.306	7.9760E-02	0
-8.490	39.303	2.9894E-02	3
-8.454	39.301	7.3304E-02	0
-8.419	39.299	4.3147E-02	3
-8.383	39.297	6.4576E-02	0
-8.348	39.295	7.4829E-02	3
-8.313	39.293	8.1320E-02	0
-8.278	39.291	8.1293E-02	3
-9.239	39.327	2.2896E-01	3
-9.201	39.326	2.6376E-01	0
-9.160	39.324	1.2957E-01	2
-9.120	39.322	1.9418E-01	0
-9.082	39.320	7.6252E-02	2
-9.044	39.318	8.8321E-02	0
-9.005	39.316	6.5468E-02	2
-8.967	39.314	1.0371E-01	0
-8.930	39.312	8.4758E-02	2
-8.892	39.310	1.3073E-01	0
-8.855	39.308	7.7868E-02	2
-8.817	39.306	1.0386E-01	0
-8.780	39.304	6.2162E-02	2
-8.743	39.302	7.7203E-02	0
-8.707	39.300	4.4766E-02	2
-8.671	39.298	7.8408E-02	0
-8.635	39.296	6.1588E-02	2
-8.599	39.294	8.2220E-02	0
-8.563	39.293	4.8369E-02	2
-8.527	39.291	7.8817E-02	0
-8.490	39.288	3.5252E-02	2
-8.454	39.286	4.3961E-02	0
-8.419	39.285	3.2164E-02	2
-8.384	39.283	1.2803E-01	0
-8.349	39.281	3.0163E-02	2
-8.314	39.279	6.2873E-02	0
-8.280	39.277	6.5716E-02	2
-9.239	39.312	2.7411E-01	3
-9.201	39.310	2.9984E-01	0
-9.161	39.308	1.9180E-01	3
-9.121	39.306	3.1783E-01	0
-9.083	39.304	1.2182E-01	3
-9.045	39.302	1.0100E-01	0
-9.006	39.300	6.0566E-02	3
-8.968	39.298	7.9611E-02	0
-8.931	39.297	7.1721E-02	3
-8.894	39.295	1.4888E-01	0
-8.856	39.293	4.7208E-02	3
-8.818	39.291	7.7840E-02	0
-8.782	39.289	6.7699E-02	2
-8.745	39.287	7.3586E-02	0
-8.709	39.285	5.1340E-02	2
-8.672	39.283	8.2073E-02	0
-8.636	39.281	4.7411E-02	2
-8.601	39.279	7.8477E-02	0
-8.564	39.277	6.1533E-02	3
-8.528	39.276	6.0282E-02	0
-8.492	39.274	2.7411E-02	3
-8.456	39.272	7.4527E-02	0
-8.420	39.270	7.3794E-02	2
-8.385	39.268	8.2499E-02	0
-8.351	39.266	6.2424E-02	2
-8.316	39.264	1.2392E-01	0
-8.281	39.262	8.4401E-02	2
-9.240	39.296	3.1373E-01	3
-9.201	39.294	3.9803E-01	0
-9.163	39.292	1.4555E-01	3
-9.124	39.291	2.0265E-01	0
-9.084	39.289	1.2874E-01	3
-9.046	39.287	1.4480E-01	0
-9.007	39.285	8.9100E-02	3
-8.969	39.283	1.4130E-01	0
-8.932	39.281	5.1674E-02	3
-8.895	39.279	5.9992E-02	0
-8.858	39.277	4.6563E-02	2
-8.820	39.276	1.1269E-01	0
-8.783	39.274	6.3667E-02	2
-8.747	39.272	8.2754E-02	0
-8.710	39.270	4.8834E-02	2
-8.674	39.268	8.1022E-02	0
-8.638	39.266	5.3012E-02	3
-8.602	39.264	1.0329E-01	0
-8.565	39.262	7.8448E-02	3
-8.529	39.260	6.3805E-02	0
-8.493	39.259	4.9502E-02	2
-8.457	39.257	8.9276E-02	0
-8.422	39.255	4.5391E-02	2
-8.387	39.253	9.1888E-02	0
-8.352	39.251	7.1796E-02	2
-8.317	39.249	8.8681E-02	0
-8.283	39.247	9.4718E-02	2
-9.241	39.280	3.0839E-01	3
-9.203	39.279	3.9418E-01	0
-9.165	39.277	2.5805E-01	2
-9.125	39.275	2.7034E-01	0
-9.086	39.273	1.6381E-01	3
-9.047	39.271	2.0718E-01	0
-9.009	39.269	6.7309E-02	3
-8.971	39.268	1.3045E-01	0
-8.934	39.266	3.8741E-02	3
-8.896	39.264	8.4188E-02	0
-8.859	39.262	3.3354E-02	2
-8.821	39.260	7.5776E-02	0
-8.785	39.258	3.5154E-02	2
-8.748	39.257	8.1827E-02	0
-8.711	39.255	6.8988E-02	2
-8.675	39.253	8.4362E-02	0
-8.639	39.251	4.1497E-02	2
-8.603	39.249	9.5687E-02	0
-8.567	39.247	7.9055E-02	2
-8.530	39.245	7.7977E-02	0
-8.494	39.244	3.7270E-02	2
-8.458	39.242	5.4227E-02	0
-8.423	39.240	8.3716E-02	2
-8.388	39.238	6.1548E-02	0
-8.354	39.236	3.0127E-02	2
-8.319	39.234	9.1298E-02	0
-8.284	39.232	4.0608E-02	2
-8.250	39.231	5.2070E-02	0
-9.245	39.333	1.8906E-01	2
-9.207	39.330	2.6331E-01	0
-9.166	39.328	1.3907E-01	2
-9.126	39.326	1.7094E-01	0
-9.088	39.324	8.6342E-02	2
-9.050	39.322	8.5462E-02	0
-9.011	39.320	5.8675E-02	2
-8.973	39.317	9.3966E-02	0
-8.936	39.315	1.0474E-01	3
-8.898	39.313	1.2389E-01	0
-8.861	39.311	7.9708E-02	2
-8.824	39.309	1.0567E-01	0
-8.786	39.307	6.5365E-02	2
-8.749	39.304	7.8420E-02	0
-8.713	39.302	4.8209E-02	2
-8.677	39.300	8.0368E-02	0
-8.641	39.298	6.7343E-02	2
-8.605	39.296	8.4305E-02	0
-8.570	39.294	5.0829E-02	2
-8.534	39.292	8.0721E-02	0
-8.497	39.289	4.3190E-02	2
-8.461	39.287	4.5293E-02	0
-8.425	39.285	2.8912E-02	2
-8.390	39.283	1.2421E-01	0
-8.356	39.281	4.3564E-02	2
-8.321	39.278	6.0824E-02	0
-8.286	39.276	6.5517E-02	2
-8.252	39.274	9.0773E-02	0
-9.245	39.317	2.8335E-01	3
-9.207	39.315	2.8827E-01	0
-9.167	39.313	1.7888E-01	3
-9.127	39.310	2.9176E-01	0
-9.089	39.308	1.1442E-01	3
-9.051	39.306	1.1091E-01	0
-9.012	39.304	7.0580E-02	3
-8.974	39.302	8.4638E-02	0
-8.937	39.300	7.3584E-02	2
-8.900	39.298	1.5044E-01	0
-8.862	39.296	6.8695E-02	2
-8.824	39.293	8.1275E-02	0
-8.788	39.291	6.9773E-02	2
-8.751	39.289	7.7217E-02	0
-8.715	39.287	5.4690E-02	2
-8.678	39.285	8.3892E-02	0
-8.642	39.283	5.0351E-02	2
-8.607	39.281	8.0118E-02	0
-8.571	39.279	6.3418E-02	2
-8.535	39.277	6.7914E-02	0
-8.498	39.274	3.2447E-02	2
-8.462	39.272	6.8031E-02	0
-8.427	39.270	7.0658E-02	2
-8.391	39.268	9.7059E-02	0
-8.357	39.266	5.7992E-02	2
-8.322	39.264	1.2615E-01	0
-8.288	39.262	9.2174E-02	2
-8.253	39.259	8.3144E-02	0
-9.246	39.301	2.9024E-01	2
-9.207	39.299	4.0371E-01	0
-9.169	39.297	1.6335E-01	2
-9.129	39.295	2.7305E-01	0
-9.090	39.293	1.3854E-01	2
-9.051	39.291	1.2006E-01	0
-9.012	39.289	8.6677E-02	2
-8.975	39.287	1.2224E-01	0
-8.938	39.285	7.1421E-02	2
-8.901	39.282	6.7352E-02	0
-8.864	39.280	4.5867E-02	2
-8.826	39.278	9.4201E-02	0
-8.789	39.276	7.4922E-02	2
-8.752	39.274	8.1315E-02	0
-8.716	39.272	4.9481E-02	2
-8.680	39.270	7.9676E-02	0
-8.644	39.268	5.6666E-02	2
-8.608	39.266	9.9114E-02	0
-8.572	39.264	8.6860E-02	2
-8.535	39.262	7.3413E-02	0
-8.499	39.259	4.6539E-02	2
-8.463	39.257	9.2068E-02	0
-8.428	39.255	4.9911E-02	2
-8.393	39.253	8.4829E-02	0
-8.359	39.251	8.2490E-02	2
-8.324	39.249	8.1388E-02	0
-8.289	39.247	9.3151E-02	2
-8.255	39.245	1.2588E-01	0
-9.247	39.285	3.5294E-01	3
-9.208	39.283	4.2706E-01	0
-9.170	39.281	2.1832E-01	2
-9.131	39.279	2.4466E-01	0
-9.092	39.277	1.7218E-01	3
-9.053	39.275	2.2199E-01	0
-9.015	39.273	8.5357E-02	3
-8.976	39.271	1.4198E-01	0
-8.939	39.269	4.1850E-02	3
-8.902	39.267	9.2988E-02	0
-8.865	39.265	3.9012E-02	2
-8.827	39.263	9.1178E-02	0
-8.791	39.261	4.7777E-02	2
-8.754	39.259	8.2251E-02	0
-8.717	39.257	7.2600E-02	2
-8.681	39.255	9.2599E-02	0
-8.645	39.253	4.5343E-02	2
-8.609	39.251	9.5121E-02	0
-8.573	39.249	8.3891E-02	2
-8.536	39.246	8.5769E-02	0
-8.500	39.244	4.1070E-02	2
-8.465	39.242	5.8508E-02	0
-8.429	39.240	7.6976E-02	2
-8.394	39.238	7.8560E-02	0
-8.360	39.236	3.2575E-02	2
-8.325	39.234	8.7122E-02	0
-8.290	39.232	4.4918E-02	2
-8.256	39.230	4.9584E-02	0
-9.248	39.270	1.9362E-01	2
-9.209	39.268	4.0845E-01	0
-9.171	39.266	3.2499E-01	2
-9.132	39.264	3.2901E-01	0
-9.093	39.262	1.1175E-01	2
-9.054	39.260	1.3762E-01	0
-9.015	39.258	1.0103E-01	2
-8.978	39.256	8.2488E-02	0
-8.940	39.254	2.2303E-02	2
-8.903	39.252	3.9903E-02	0
-8.865	39.250	3.4717E-02	2
-8.828	39.248	5.9268E-02	0
-8.792	39.246	3.2841E-02	2
-8.755	39.244	4.8678E-02	0
-8.718	39.242	4.7851E-02	2
-8.682	39.240	8.2695E-02	0
-8.646	39.238	4.6676E-02	2
-8.610	39.236	7.9393E-02	0
-8.574	39.234	7.8018E-02	2
-8.538	39.232	8.8497E-02	0
-8.502	39.229	4.0179E-02	2
-8.466	39.227	6.6245E-02	0
-8.431	39.225	6.8794E-02	2
-8.396	39.223	5.8789E-02	0
-8.361	39.221	6.6377E-02	2
-8.326	39.219	1.1011E-01	0
-8.292	39.217	4.3864E-02	2
-8.257	39.215	6.5034E-02	0
-9.250	39.254	2.0115E-01	2
-9.210	39.252	3.9687E-01	0
-9.172	39.250	3.9504E-01	2
-9.133	39.248	3.6266E-01	0
-9.094	39.246	1.1582E-01	3
-9.055	39.244	1.9002E-01	0
-9.016	39.242	1.0531E-01	2
-8.979	39.240	1.2438E-01	0
-8.942	39.238	4.0806E-02	3
-8.904	39.236	3.9537E-02	0
-8.866	39.234	3.5843E-02	3
-8.830	39.232	4.5773E-02	0
-8.793	39.230	3.4000E-02	2
-8.756	39.228	5.0555E-02	0
-8.720	39.227	4.5484E-02	2
-8.683	39.224	8.5788E-02	0
-8.648	39.223	5.7212E-02	2
-8.611	39.221	9.3959E-02	0
-8.575	39.219	6.6580E-02	2
-8.539	39.216	7.0317E-02	0
-8.503	39.214	5.6042E-02	2
-8.468	39.212	7.2378E-02	0
-8.432	39.210	5.7920E-02	2
-8.397	39.208	5.5853E-02	0
-8.362	39.206	3.1635E-02	2
-8.328	39.204	4.3800E-02	0
-8.293	39.202	5.5917E-02	2
-8.258	39.200	5.9174E-02	0
-9.212	39.237	3.9991E-01	0
-9.173	39.235	3.3815E-01	2
-9.134	39.233	4.5492E-01	0
-9.095	39.231	1.5790E-01	2
-9.056	39.229	1.5509E-01	0
-9.017	39.227	5.0093E-02	2
-8.980	39.225	7.7655E-02	0
-8.943	39.223	3.3302E-02	2
-8.906	39.221	5.3205E-02	0
-8.868	39.219	2.9003E-02	2
-8.831	39.217	6.8494E-02	0
-8.794	39.215	4.7433E-02	2
-8.757	39.213	5.4291E-02	0
-8.721	39.211	4.5580E-02	2
-8.685	39.209	8.3306E-02	0
-8.649	39.207	6.7534E-02	2
-8.612	39.205	1.1372E-01	0
-8.576	39.203	6.2725E-02	2
-8.540	39.201	9.3343E-02	0
-8.504	39.199	5.3382E-02	2
-8.469	39.198	8.4836E-02	0
-8.434	39.196	7.7084E-02	2
-8.399	39.194	7.1570E-02	0
-8.364	39.192	4.8302E-02	2
-8.329	39.190	6.5740E-02	0
-8.294	39.188	4.3934E-02	2
-8.260	39.186	3.8950E-02	0
-9.213	39.221	4.1042E-01	0
-9.174	39.219	3.5884E-01	2
-9.135	39.217	4.5310E-01	0
-9.096	39.215	1.8062E-01	2
-9.056	39.213	1.3409E-01	0
-9.017	39.211	2.9989E-02	2
-8.981	39.209	9.8209E-02	0
-8.944	39.208	7.7647E-02	3
-8.907	39.206	8.4308E-02	0
-8.869	39.204	4.6326E-02	3
-8.832	39.202	6.7316E-02	0
-8.795	39.200	3.1668E-02	2
-8.758	39.198	7.4771E-02	0
-8.722	39.196	6.0853E-02	2
-8.686	39.194	8.6736E-02	0
-8.650	39.192	6.3367E-02	2
-8.613	39.190	1.1849E-01	0
-8.577	39.188	7.7821E-02	2
-8.541	39.186	1.0176E-01	0
-8.506	39.185	5.6520E-02	2
-8.471	39.183	7.3064E-02	0
-8.435	39.181	4.6147E-02	2
-8.400	39.179	5.4181E-02	0
-8.365	39.177	2.9488E-02	2
-8.330	39.175	4.6752E-02	0
-8.296	39.173	2.4587E-02	2
-8.261	39.171	5.1560E-02	0
-9.214	39.205	2.6734E-01	0
-9.175	39.203	2.4347E-01	2
-9.136	39.202	5.3626E-01	0
-9.097	39.200	3.0560E-01	2
-9.055	39.198	2.3588E-01	0
-9.017	39.196	2.3327E-02	2
-8.982	39.194	5.0538E-02	0
-8.945	39.192	4.8888E-02	2
-8.908	39.190	7.2159E-02	0
-8.870	39.188	2.7795E-02	2
-8.832	39.187	4.5466E-02	0
-8.796	39.185	4.9258E-02	2
-8.759	39.183	9.3033E-02	0
-8.724	39.181	5.3235E-02	2
-8.687	39.179	7.7326E-02	0
-8.651	39.177	5.8786E-02	2
-8.615	39.175	1.0395E-01	0
-8.578	39.173	8.3515E-02	2
-8.542	39.171	8.3315E-02	0
-8.507	39.170	7.9245E-02	2
-8.471	39.168	4.9331E-02	0
-8.436	39.166	4.4019E-02	2
-8.401	39.164	8.6254E-02	0
-8.366	39.162	4.6795E-02	2
-8.331	39.160	4.3314E-02	0
-8.297	39.158	2.7924E-02	2
-8.262	39.156	4.4270E-02	0
-9.215	39.190	4.3279E-01	0
-9.176	39.188	1.3378E-01	2
-9.137	39.186	2.6412E-01	0
-9.096	39.184	3.2656E-01	2
-9.053	39.182	1.6273E-01	0
-9.020	39.180	2.1138E-02	2
-8.984	39.179	4.8284E-02	0
-8.946	39.177	3.0140E-02	2
-8.908	39.175	5.3090E-02	0
-8.871	39.173	3.7084E-02	2
-8.834	39.171	8.1368E-02	0
-8.798	39.169	6.8495E-02	2
-8.761	39.168	1.3931E-01	0
-8.725	39.166	7.6949E-02	2
-8.689	39.164	1.0492E-01	0
-8.652	39.162	6.5153E-02	2
-8.616	39.160	1.0872E-01	0
-8.579	39.158	5.8236E-02	2
-8.544	39.156	9.1874E-02	0
-8.508	39.155	6.5829E-02	3
-8.472	39.153	8.7595E-02	0
-8.437	39.151	3.8945E-02	2
-8.402	39.149	8.2945E-02	0
-8.367	39.147	4.4752E-02	2
-8.333	39.145	4.4217E-02	0
-8.298	39.143	2.7134E-02	2
-8.264	39.141	4.7115E-02	0
-9.219	39.242	3.5188E-01	0
-9.180	39.240	3.2214E-01	2
-9.141	39.238	4.7289E-01	0
-9.102	39.235	1.8255E-01	2
-9.064	39.233	2.0325E-01	0
-9.024	39.231	1.0020E-01	2
-8.987	39.229	8.0206E-02	0
-8.950	39.227	4.1828E-02	2
-8.913	39.225	4.5848E-02	0
-8.875	39.222	3.2808E-02	2
-8.838	39.220	5.0908E-02	0
-8.801	39.218	4.2678E-02	2
-8.764	39.216	5.4310E-02	0
-8.728	39.214	4.0088E-02	2
-8.692	39.212	8.7397E-02	0
-8.656	39.209	6.0653E-02	2
-8.620	39.207	1.1509E-01	0
-8.584	39.205	6.5602E-02	2
-8.547	39.203	9.2027E-02	0
-8.511	39.201	5.5627E-02	2
-8.476	39.199	8.4943E-02	0
-8.441	39.196	7.3051E-02	2
-8.406	39.194	7.4391E-02	0
-8.371	39.192	5.4802E-02	2
-8.337	39.190	6.0976E-02	0
-8.302	39.188	4.5834E-02	2
-8.267	39.185	4.3109E-02	0
-9.220	39.226	3.4309E-01	0
-9.181	39.224	3.6032E-01	2
-9.142	39.222	4.9274E-01	0
-9.104	39.220	2.1891E-01	2
-9.064	39.218	1.4376E-01	0
-9.024	39.215	3.8386E-02	2
-8.988	39.213	9.0189E-02	0
-8.951	39.211	7.2423E-02	2
-8.914	39.209	8.6087E-02	0
-8.876	39.207	3.8868E-02	2
-8.839	39.205	7.0293E-02	0
-8.802	39.203	4.9734E-02	2
-8.765	39.201	6.7985E-02	0
-8.729	39.199	5.2428E-02	2
-8.693	39.196	9.7010E-02	0
-8.657	39.194	5.6462E-02	2
-8.621	39.192	1.2103E-01	0
-8.585	39.190	8.1394E-02	2
-8.548	39.188	1.1527E-01	0
-8.513	39.186	5.6071E-02	2
-8.478	39.184	7.6692E-02	0
-8.443	39.181	4.9457E-02	2
-8.408	39.179	5.9463E-02	0
-8.373	39.177	3.0352E-02	2
-8.338	39.175	4.7474E-02	0
-8.303	39.173	2.4570E-02	2
-8.268	39.171	5.2502E-02	0
-9.222	39.211	2.8681E-01	0
-9.182	39.208	2.6665E-01	2
-9.143	39.206	5.1568E-01	0
-9.105	39.204	3.0412E-01	2
-9.064	39.202	2.1256E-01	0
-9.024	39.200	3.5784E-02	2
-8.989	39.198	5.4845E-02	0
-8.952	39.196	5.0389E-02	2
-8.915	39.194	8.3006E-02	0
-8.877	39.192	3.9154E-02	2
-8.840	39.190	4.5714E-02	0
-8.803	39.188	4.0035E-02	2
-8.767	39.185	9.2152E-02	0
-8.730	39.183	5.2253E-02	2
-8.695	39.181	8.1013E-02	0
-8.658	39.179	5.7848E-02	2
-8.622	39.177	1.0150E-01	0
-8.585	39.175	7.7142E-02	2
-8.549	39.173	8.0787E-02	0
-8.514	39.171	8.3153E-02	2
-8.479	39.169	5.7986E-02	0
-8.443	39.167	4.0867E-02	2
-8.408	39.164	7.8662E-02	0
-8.373	39.162	5.8840E-02	2
-8.339	39.160	4.3947E-02	0
-8.304	39.158	2.8185E-02	2
-8.270	39.156	4.6351E-02	0
-9.222	39.195	3.5128E-01	0
-9.183	39.193	1.5994E-01	3
-9.144	39.191	2.7294E-01	0
-9.105	39.189	3.4619E-01	3
-9.062	39.186	2.7077E-01	0
-9.025	39.184	2.6784E-02	2
-8.990	39.183	5.2514E-02	0
-8.953	39.181	3.1576E-02	2
-8.916	39.178	6.0967E-02	0
-8.878	39.176	3.3620E-02	2
-8.841	39.174	7.5102E-02	0
-8.804	39.172	6.0263E-02	2
-8.768	39.170	1.3641E-01	0
-8.732	39.168	7.8165E-02	2
-8.696	39.166	1.0448E-01	0
-8.659	39.164	6.5324E-02	2
-8.623	39.162	1.0406E-01	0
-8.586	39.160	5.1827E-02	2
-8.551	39.158	7.8851E-02	0
-8.516	39.156	6.6257E-02	2
-8.480	39.154	9.4948E-02	0
-8.444	39.152	4.3364E-02	3
-8.409	39.150	7.6050E-02	0
-8.375	39.147	5.2234E-02	3
-8.340	39.145	4.9856E-02	0
-8.305	39.143	2.5823E-02	3
-8.271	39.141	5.5684E-02	0
-9.224	39.179	3.1162E-01	0
-9.184	39.177	2.6059E-01	2
-9.145	39.175	2.5137E-01	0
-9.104	39.173	2.3107E-01	2
-9.062	39.171	1.1159E-01	0
-9.028	39.169	7.2390E-02	2
-8.992	39.167	5.2330E-02	0
-8.955	39.165	3.7406E-02	2
-8.917	39.163	8.3699E-02	0
-8.879	39.161	4.8318E-02	2
-8.843	39.159	6.8192E-02	0
-8.806	39.157	5.9177E-02	2
-8.769	39.155	9.8132E-02	0
-8.733	39.153	6.5518E-02	2
-8.697	39.151	9.3647E-02	0
-8.661	39.149	7.8972E-02	2
-8.624	39.147	1.2804E-01	0
-8.587	39.145	2.9997E-02	2
-8.552	39.143	9.7420E-02	0
-8.517	39.141	6.3652E-02	2
-8.481	39.139	4.7425E-02	0
-8.446	39.137	4.3845E-02	2
-8.411	39.135	8.1265E-02	0
-8.376	39.133	3.3660E-02	2
-8.341	39.131	3.8301E-02	0
-8.307	39.129	4.6167E-02	2
-8.272	39.127	6.0398E-02	0
-9.225	39.164	2.9089E-01	0
-9.185	39.162	3.0699E-01	2
-9.146	39.160	2.8514E-01	0
-9.105	39.158	1.1485E-01	3
-9.068	39.156	1.0346E-01	0
-9.031	39.154	4.9730E-02	3
-8.993	39.152	6.7323E-02	0
-8.956	39.150	5.4784E-02	3
-8.919	39.148	9.8411E-02	0
-8.881	39.146	5.3907E-02	3
-8.844	39.144	6.5031E-02	0
-8.807	39.142	4.3005E-02	2
-8.771	39.140	5.9591E-02	0
-8.735	39.138	7.3926E-02	2
-8.698	39.136	1.0266E-01	0
-8.662	39.134	7.7674E-02	2
-8.625	39.132	9.4204E-02	0
-8.589	39.130	4.6041E-02	2
-8.554	39.128	9.3922E-02	0
-8.518	39.126	9.4543E-02	2
-8.483	39.124	6.2273E-02	0
-8.447	39.122	4.3056E-02	3
-8.412	39.120	5.5318E-02	0
-8.377	39.118	2.7753E-02	3
-8.342	39.116	5.7426E-02	0
-8.308	39.114	3.7654E-02	3
-8.274	39.112	3.5759E-02	0
-9.226	39.148	3.5624E-01	0
-9.187	39.146	2.2394E-01	2
-9.146	39.144	3.7446E-01	0
-9.107	39.142	1.1590E-01	2
-9.070	39.140	1.1004E-01	0
-9.032	39.138	4.5557E-02	2
-8.995	39.136	6.0419E-02	0
-8.957	39.134	5.8160E-02	2
-8.920	39.132	1.0799E-01	0
-8.882	39.131	4.8179E-02	2
-8.845	39.129	8.3761E-02	0
-8.809	39.127	3.9410E-02	2
-8.772	39.125	6.9804E-02	0
-8.736	39.123	5.8688E-02	2
-8.699	39.121	1.0043E-01	0
-8.663	39.119	5.8549E-02	2
-8.627	39.117	1.0513E-01	0
-8.591	39.115	5.3257E-02	2
-8.555	39.113	9.4709E-02	0
-8.519	39.111	9.2398E-02	2
-8.484	39.109	6.9608E-02	0
-8.448	39.107	4.5410E-02	2
-8.413	39.105	6.5218E-02	0
-8.378	39.103	3.6500E-02	2
-8.344	39.101	7.1537E-02	0
-8.310	39.099	5.8931E-02	2
-8.275	39.097	6.8669E-02	0
-9.227	39.132	3.1177E-01	0
-9.188	39.130	3.2860E-01	2
-9.146	39.128	2.5639E-01	0
-9.109	39.127	1.0279E-01	3
-9.071	39.125	9.6874E-02	0
-9.033	39.123	3.4179E-02	2
-8.996	39.121	5.9137E-02	0
-8.959	39.119	4.8935E-02	2
-8.921	39.117	8.9809E-02	0
-8.883	39.115	4.3841E-02	2
-8.846	39.113	6.5180E-02	0
-8.810	39.111	4.9208E-02	2
-8.774	39.109	9.5469E-02	0
-8.737	39.108	5.9998E-02	2
-8.701	39.106	8.5264E-02	0
-8.664	39.104	4.8186E-02	2
-8.628	39.102	8.8458E-02	0
-8.592	39.100	4.3292E-02	3
-8.556	39.098	7.2559E-02	0
-8.520	39.096	6.4059E-02	2
-8.485	39.094	7.8308E-02	0
-8.449	39.092	5.6242E-02	3
-8.414	39.090	5.9760E-02	0
-8.379	39.088	2.8561E-02	3
-8.345	39.086	4.5067E-02	0
-8.311	39.084	2.5267E-02	3
-8.276	39.082	4.3483E-02	0
-9.228	39.117	3.3365E-01	0
-9.187	39.115	1.7648E-01	2
-9.147	39.113	2.6627E-01	0
-9.111	39.111	8.8785E-02	3
-9.073	39.109	1.1040E-01	0
-9.034	39.107	3.2376E-02	3
-8.997	39.106	5.0802E-02	0
-8.960	39.104	4.2013E-02	3
-8.922	39.102	4.9726E-02	0
-8.885	39.100	5.1919E-02	3
-8.848	39.098	7.4867E-02	0
-8.811	39.096	6.5201E-02	2
-8.775	39.094	1.0609E-01	0
-8.738	39.092	3.9939E-02	2
-8.702	39.090	8.6894E-02	0
-8.665	39.089	5.5942E-02	2
-8.629	39.087	1.0721E-01	0
-8.593	39.085	8.0991E-02	2
-8.557	39.083	9.1568E-02	0
-8.522	39.081	3.7806E-02	3
-8.486	39.079	5.9208E-02	0
-8.451	39.077	4.9924E-02	2
-8.416	39.075	7.3114E-02	0
-8.381	39.073	2.2607E-02	2
-8.347	39.071	6.7918E-02	0
-8.312	39.069	8.5730E-02	2
-8.278	39.068	7.7209E-02	0
-9.229	39.101	4.0201E-01	0
-9.188	39.099	2.8545E-01	2
-9.149	39.097	2.1560E-01	0
-9.112	39.096	7.3867E-02	2
-9.074	39.094	1.4574E-01	0
-9.035	39.092	7.2117E-02	2
-8.998	39.090	9.3953E-02	0
-8.962	39.088	3.2644E-02	2
-8.923	39.086	4.9492E-02	0
-8.886	39.085	7.3077E-02	2
-8.849	39.083	1.1577E-01	0
-8.813	39.081	7.4815E-02	3
-8.776	39.079	9.9945E-02	0
-8.739	39.077	5.1036E-02	2
-8.703	39.075	1.4527E-01	0
-8.666	39.073	8.3348E-02	2
-8.630	39.072	1.2310E-01	0
-8.594	39.070	7.7434E-02	3
-8.559	39.068	7.4519E-02	0
-8.523	39.066	5.7547E-02	3
-8.488	39.064	6.3096E-02	0
-8.452	39.062	3.7519E-02	3
-8.417	39.060	5.2006E-02	0
-8.382	39.058	6.5046E-02	2
-8.348	39.057	7.0413E-02	0
-8.313	39.055	3.7686E-02	3
-8.279	39.053	5.1906E-02	0
-9.232	39.153	2.8511E-01	0
-9.192	39.151	2.5497E-01	2
-9.153	39.149	4.1103E-01	0
-9.113	39.146	1.3704E-01	2
-9.076	39.144	1.2693E-01	0
-9.038	39.142	6.5425E-02	2
-9.000	39.140	6.5073E-02	0
-8.963	39.138	5.6780E-02	2
-8.926	39.136	1.1713E-01	0
-8.888	39.133	5.7191E-02	2
-8.851	39.131	8.5802E-02	0
-8.814	39.129	4.7489E-02	2
-8.778	39.127	6.2862E-02	0
-8.742	39.125	6.4871E-02	2
-8.705	39.123	1.0025E-01	0
-8.669	39.120	6.6309E-02	2
-8.633	39.118	1.0193E-01	0
-8.597	39.116	5.8740E-02	2
-8.561	39.114	9.1396E-02	0
-8.525	39.112	1.0045E-01	2
-8.490	39.110	8.0125E-02	0
-8.454	39.107	4.5693E-02	2
-8.419	39.105	7.1219E-02	0
-8.384	39.103	4.3682E-02	2
-8.350	39.101	6.2292E-02	0
-8.316	39.099	6.1465E-02	2
-8.281	39.097	8.0868E-02	0
-9.233	39.137	2.9936E-01	0
-9.194	39.135	2.6234E-01	2
-9.152	39.133	2.4045E-01	0
-9.114	39.131	1.0102E-01	2
-9.077	39.129	9.9770E-02	0
-9.039	39.127	3.4080E-02	3
-9.001	39.125	6.1537E-02	0
-8.965	39.122	4.4432E-02	2
-8.927	39.120	9.3350E-02	0
-8.889	39.118	4.7886E-02	3
-8.852	39.116	6.7941E-02	0
-8.816	39.114	5.0805E-02	3
-8.779	39.112	8.9005E-02	0
-8.743	39.110	7.1638E-02	3
-8.707	39.108	8.5564E-02	0
-8.670	39.105	5.2754E-02	3
-8.634	39.103	8.9705E-02	0
-8.598	39.101	5.4826E-02	3
-8.562	39.099	6.8534E-02	0
-8.526	39.097	6.7270E-02	3
-8.491	39.095	8.1349E-02	0
-8.455	39.092	5.8324E-02	3
-8.420	39.090	6.7305E-02	0
-8.385	39.088	3.0144E-02	2
-8.351	39.086	4.9556E-02	0
-8.317	39.084	2.3857E-02	3
-8.283	39.082	4.9108E-02	0
-9.234	39.122	3.2217E-01	0
-9.194	39.120	2.2538E-01	2
-9.153	39.117	3.1794E-01	0
-9.116	39.115	1.3971E-01	2
-9.078	39.113	1.2025E-01	0
-9.040	39.111	4.3796E-02	2
-9.002	39.109	4.7714E-02	0
-8.966	39.107	5.1812E-02	2
-8.928	39.105	6.3225E-02	0
-8.890	39.103	4.7765E-02	2
-8.854	39.101	7.4923E-02	0
-8.817	39.099	6.1968E-02	2
-8.781	39.097	1.1365E-01	0
-8.744	39.095	4.6542E-02	2
-8.708	39.092	8.6419E-02	0
-8.671	39.090	5.4923E-02	2
-8.635	39.088	1.0825E-01	0
-8.599	39.086	7.5308E-02	2
-8.563	39.084	1.0615E-01	0
-8.527	39.082	3.8975E-02	2
-8.492	39.080	6.2319E-02	0
-8.457	39.078	4.7905E-02	2
-8.422	39.075	8.5430E-02	0
-8.387	39.073	2.5045E-02	2
-8.353	39.071	6.4072E-02	0
-8.318	39.069	8.1237E-02	2
-8.284	39.067	8.4548E-02	0
-9.235	39.106	3.6595E-01	0
-9.194	39.104	2.9783E-01	2
-9.154	39.102	2.4189E-01	0
-9.117	39.100	6.3629E-02	2
-9.080	39.098	1.3499E-01	0
-9.041	39.096	7.0320E-02	2
-9.003	39.094	9.7972E-02	0
-8.967	39.092	3.5034E-02	3
-8.929	39.090	5.2946E-02	0
-8.892	39.088	6.6907E-02	2
-8.855	39.086	1.2329E-01	0
-8.819	39.083	6.9498E-02	2
-8.782	39.081	1.1433E-01	0
-8.745	39.079	4.6269E-02	2
-8.709	39.077	1.4144E-01	0
-8.672	39.075	9.1895E-02	2
-8.636	39.073	1.2874E-01	0
-8.600	39.071	8.7274E-02	3
-8.565	39.069	7.6836E-02	0
-8.529	39.067	6.4742E-02	3
-8.494	39.065	6.8073E-02	0
-8.458	39.063	3.9603E-02	3
-8.423	39.061	5.6833E-02	0
-8.388	39.058	6.0647E-02	2
-8.354	39.056	8.6619E-02	0
-8.319	39.054	4.2204E-02	3
-8.285	39.052	5.4995E-02	0
-8.252	39.050	4.3684E-02	3
-9.236	39.090	3.3691E-01	0
-9.196	39.088	1.8233E-01	2
-9.157	39.086	2.0306E-01	0
-9.118	39.084	2.2299E-01	2
-9.080	39.082	1.2292E-01	0
-9.042	39.080	6.2366E-02	2
-9.004	39.078	9.7349E-02	0
-8.968	39.076	4.7525E-02	2
-8.931	39.074	5.4551E-02	0
-8.893	39.072	5.3334E-02	2
-8.857	39.070	1.3603E-01	0
-8.820	39.068	9.1344E-02	2
-8.783	39.066	8.8238E-02	0
-8.746	39.064	7.0399E-02	2
-8.710	39.062	1.3105E-01	0
-8.673	39.060	1.0636E-01	2
-8.637	39.058	1.1739E-01	0
-8.601	39.056	4.7891E-02	2
-8.566	39.054	7.6531E-02	0
-8.530	39.052	5.2908E-02	2
-8.495	39.050	5.9646E-02	0
-8.459	39.048	2.9089E-02	2
-8.424	39.046	3.8686E-02	0
-8.390	39.044	3.8840E-02	2
-8.355	39.042	5.1106E-02	0
-8.321	39.040	5.7097E-02	2
-8.287	39.038	7.9573E-02	0
-8.253	39.036	8.8980E-02	2
-9.237	39.075	4.2686E-01	0
-9.198	39.073	2.5958E-01	2
-9.158	39.071	2.7017E-01	0
-9.119	39.069	1.8210E-01	2
-9.081	39.067	1.5991E-01	0
-9.043	39.065	6.9859E-02	2
-9.006	39.063	9.5879E-02	0
-8.970	39.061	9.6795E-02	2
-8.932	39.059	6.8155E-02	0
-8.895	39.057	7.3213E-02	2
-8.858	39.055	9.6146E-02	0
-8.821	39.053	1.0251E-01	3
-8.784	39.051	1.6859E-01	0
-8.748	39.049	9.2829E-02	3
-8.711	39.047	1.4283E-01	0
-8.675	39.045	7.6494E-02	3
-8.638	39.043	1.3461E-01	0
-8.602	39.041	6.2983E-02	3
-8.566	39.039	7.3562E-02	0
-8.531	39.037	5.4383E-02	3
-8.496	39.035	8.2684E-02	0
-8.460	39.033	4.4929E-02	3
-8.426	39.031	4.4322E-02	0
-8.391	39.029	4.4688E-02	3
-8.357	39.027	5.5284E-02	0
-8.322	39.025	6.1159E-02	3
-8.289	39.023	1.1264E-01	0
-8.255	39.021	8.0666E-02	3
-9.237	39.059	4.4450E-01	0
-9.199	39.057	2.3537E-01	2
-9.160	39.055	1.9520E-01	0
-9.120	39.053	1.2935E-01	2
-9.081	39.051	1.7423E-01	0
-9.043	39.049	1.0045E-01	2
-9.007	39.047	1.0390E-01	0
-8.971	39.046	7.8289E-02	2
-8.933	39.044	1.0310E-01	0
-8.896	39.042	6.3252E-02	2
-8.859	39.040	8.1461E-02	0
-8.822	39.038	5.6796E-02	2
-8.785	39.036	1.3919E-01	0
-8.749	39.034	7.7149E-02	2
-8.712	39.032	1.2549E-01	0
-8.676	39.030	6.1887E-02	2
-8.639	39.028	1.1363E-01	0
-8.603	39.026	8.3183E-02	2
-8.568	39.024	1.6168E-01	0
-8.532	39.022	6.4801E-02	2
-8.497	39.020	8.3559E-02	0
-8.462	39.018	3.4884E-02	2
-8.427	39.016	8.6729E-02	0
-8.393	39.014	6.6225E-02	2
-8.359	39.012	9.7392E-02	0
-8.325	39.010	5.7516E-02	2
-8.290	39.008	8.8218E-02	0
-8.256	39.006	4.8741E-02	2
-9.238	39.043	3.9855E-01	0
-9.199	39.042	3.0251E-01	2
-9.160	39.040	3.7981E-01	0
-9.120	39.038	1.3804E-01	2
-9.082	39.036	1.2310E-01	0
-9.045	39.034	6.9440E-02	2
-9.008	39.032	1.0377E-01	0
-8.972	39.030	9.9934E-02	2
-8.935	39.028	9.5884E-02	0
-8.897	39.026	4.7417E-02	2
-8.860	39.024	6.1611E-02	0
-8.823	39.023	4.9676E-02	3
-8.787	39.021	1.4068E-01	0
-8.750	39.019	1.1878E-01	3
-8.714	39.017	1.2659E-01	0
-8.677	39.015	7.1812E-02	3
-8.641	39.013	1.0665E-01	0
-8.605	39.011	7.9481E-02	3
-8.569	39.009	8.7432E-02	0
-8.534	39.007	4.3523E-02	3
-8.498	39.005	7.6111E-02	0
-8.464	39.003	7.9469E-02	3
-8.429	39.001	9.8702E-02	0
-8.395	38.999	9.2164E-02	3
-8.360	38.997	1.2234E-01	0
-8.326	38.995	6.2140E-02	3
-8.292	38.993	1.5072E-01	0
-8.258	38.991	8.5500E-02	3
-9.240	39.028	2.8624E-01	0
-9.199	39.026	1.5489E-01	2
-9.160	39.024	2.3823E-01	0
-9.121	39.022	1.3441E-01	2
-9.083	39.020	1.3618E-01	0
-9.046	39.018	7.9734E-02	2
-9.009	39.017	1.0832E-01	0
-8.973	39.015	6.5209E-02	2
-8.936	39.013	1.0969E-01	0
-8.899	39.011	5.9252E-02	2
-8.862	39.009	8.4939E-02	0
-8.825	39.007	5.2126E-02	2
-8.788	39.005	1.6507E-01	0
-8.751	39.003	1.0931E-01	2
-8.715	39.002	1.0760E-01	0
-8.678	39.000	6.8406E-02	2
-8.642	38.998	1.2794E-01	0
-8.606	38.996	8.5551E-02	2
-8.571	38.994	9.5639E-02	0
-8.535	38.992	7.6771E-02	2
-8.500	38.990	1.2051E-01	0
-8.466	38.988	8.2892E-02	2
-8.431	38.986	1.1656E-01	0
-8.396	38.984	5.8269E-02	2
-8.361	38.982	5.5326E-02	0
-8.326	38.981	5.7441E-02	2
-8.292	38.979	1.0807E-01	0
-8.258	38.977	5.7068E-02	2
-9.241	39.012	3.6644E-01	0
-9.201	39.010	2.0250E-01	3
-9.161	39.008	2.8919E-01	0
-9.123	39.007	1.1922E-01	3
-9.086	39.005	1.4297E-01	0
-9.048	39.003	8.6376E-02	3
-9.011	39.001	1.2179E-01	0
-8.974	38.999	6.8635E-02	2
-8.937	38.998	9.7668E-02	0
-8.900	38.996	5.7808E-02	2
-8.863	38.994	8.4908E-02	0
-8.826	38.992	4.7918E-02	3
-8.789	38.990	1.0367E-01	0
-8.752	38.988	8.6983E-02	3
-8.716	38.986	1.5413E-01	0
-8.680	38.985	7.1989E-02	3
-8.643	38.983	9.8268E-02	0
-8.608	38.981	5.8290E-02	3
-8.572	38.979	6.7525E-02	0
-8.536	38.977	8.9251E-02	3
-8.502	38.975	9.8204E-02	0
-8.467	38.973	1.0861E-01	3
-8.432	38.971	1.3152E-01	0
-8.397	38.970	6.2263E-02	3
-8.362	38.968	1.1898E-01	0
-8.328	38.966	9.2546E-02	3
-8.293	38.964	1.2943E-01	0
-8.259	38.962	1.5896E-01	3
-9.245	39.064	3.8993E-01	0
-9.206	39.062	2.9086E-01	2
-9.167	39.060	1.8446E-01	0
-9.128	39.058	1.3200E-01	2
-9.089	39.056	1.7652E-01	0
-9.051	39.053	8.7274E-02	2
-9.014	39.051	9.9321E-02	0
-8.978	39.049	9.8003E-02	2
-8.941	39.047	1.0543E-01	0
-8.904	39.045	8.0313E-02	2
-8.867	39.043	8.4683E-02	0
-8.830	39.041	6.1833E-02	2
-8.793	39.038	1.4785E-01	0
-8.756	39.036	7.9071E-02	2
-8.720	39.034	1.3711E-01	0
-8.683	39.032	6.8162E-02	2
-8.647	39.030	1.2556E-01	0
-8.611	39.027	7.0104E-02	2
-8.575	39.025	1.4984E-01	0
-8.540	39.023	8.0689E-02	2
-8.504	39.021	8.3091E-02	0
-8.469	39.019	3.8447E-02	2
-8.435	39.017	7.5161E-02	0
-8.400	39.014	7.4540E-02	2
-8.366	39.012	8.9653E-02	0
-8.332	39.010	6.6687E-02	2
-8.298	39.008	8.3515E-02	0
-8.264	39.006	5.2159E-02	2
-9.246	39.049	3.8508E-01	0
-9.206	39.047	3.2060E-01	3
-9.168	39.044	4.1096E-01	0
-9.128	39.042	1.4613E-01	3
-9.089	39.040	1.2658E-01	0
-9.052	39.038	7.9136E-02	3
-9.015	39.036	1.0141E-01	0
-8.979	39.034	9.5234E-02	3
-8.942	39.032	1.0332E-01	0
-8.905	39.030	4.5976E-02	3
-8.868	39.027	5.7346E-02	0
-8.831	39.025	3.6187E-02	3
-8.794	39.023	1.2870E-01	0
-8.757	39.021	1.0624E-01	3
-8.721	39.019	1.4590E-01	0
-8.685	39.017	6.3611E-02	3
-8.648	39.015	1.1687E-01	0
-8.612	39.012	6.8951E-02	3
-8.576	39.010	1.0290E-01	0
-8.541	39.008	4.9635E-02	3
-8.506	39.006	6.7898E-02	0
-8.471	39.004	8.0012E-02	3
-8.437	39.002	9.6774E-02	0
-8.402	39.000	9.1435E-02	3
-8.368	38.997	1.2572E-01	0
-8.333	38.995	6.7696E-02	3
-8.299	38.993	1.3649E-01	0
-8.265	38.991	8.8890E-02	3
-9.247	39.033	3.0061E-01	0
-9.206	39.031	1.5397E-01	2
-9.168	39.029	2.1186E-01	0
-9.128	39.027	1.8276E-01	2
-9.090	39.025	1.2667E-01	0
-9.052	39.022	7.3397E-02	2
-9.016	39.020	1.2004E-01	0
-8.980	39.018	6.3836E-02	2
-8.943	39.016	1.1203E-01	0
-8.906	39.014	6.2717E-02	2
-8.869	39.012	9.0968E-02	0
-8.832	39.010	5.2210E-02	2
-8.795	39.008	1.6388E-01	0
-8.758	39.006	1.2654E-01	2
-8.722	39.004	1.1483E-01	0
-8.686	39.002	6.5771E-02	2
-8.649	38.999	1.2204E-01	0
-8.613	38.997	9.6838E-02	2
-8.578	38.995	1.0726E-01	0
-8.542	38.993	7.0336E-02	2
-8.507	38.991	1.2245E-01	0
-8.473	38.989	8.0777E-02	2
-8.438	38.987	1.2134E-01	0
-8.403	38.985	6.4498E-02	2
-8.369	38.983	5.9282E-02	0
-8.334	38.980	4.5662E-02	2
-8.300	38.978	1.1975E-01	0
-8.266	38.976	5.3423E-02	2
-9.247	39.017	4.3089E-01	0
-9.207	39.015	2.3650E-01	3
-9.169	39.013	3.3092E-01	0
-9.129	39.011	1.0865E-01	3
-9.092	39.009	1.5102E-01	0
-9.055	39.007	8.5952E-02	3
-9.018	39.005	1.3195E-01	0
-8.981	39.003	7.2611E-02	3
-8.944	39.001	9.6268E-02	0
-8.907	38.999	5.8982E-02	3
-8.870	38.997	8.9140E-02	0
-8.833	38.995	4.9687E-02	3
-8.796	38.993	1.0028E-01	0
-8.760	38.991	9.5402E-02	3
-8.723	38.989	1.5590E-01	0
-8.687	38.987	7.5707E-02	3
-8.651	38.984	1.1273E-01	0
-8.615	38.982	5.4698E-02	3
-8.579	38.980	7.0627E-02	0
-8.544	38.978	7.8784E-02	3
-8.509	38.976	1.1010E-01	0
-8.474	38.974	9.6557E-02	3
-8.439	38.972	1.4858E-01	0
-8.404	38.970	6.7171E-02	3
-8.370	38.968	1.1017E-01	0
-8.335	38.966	9.9624E-02	3
-8.301	38.964	1.2177E-01	0
-8.266	38.962	1.5813E-01	3
-9.249	39.002	2.3160E-01	0
-9.209	39.000	1.3996E-01	2
-9.169	38.998	2.8863E-01	0
-9.131	38.996	1.6877E-01	2
-9.094	38.994	2.0902E-01	0
-9.057	38.992	1.0020E-01	2
-9.019	38.990	1.2435E-01	0
-8.982	38.988	6.0545E-02	2
-8.946	38.986	9.1535E-02	0
-8.908	38.984	6.5733E-02	2
-8.871	38.982	7.7154E-02	0
-8.834	38.980	5.5896E-02	2
-8.798	38.978	8.5214E-02	0
-8.761	38.976	4.8042E-02	2
-8.724	38.973	6.8038E-02	0
-8.688	38.971	1.1023E-01	2
-8.652	38.969	9.3599E-02	0
-8.616	38.967	7.5236E-02	2
-8.581	38.965	1.2034E-01	0
-8.545	38.963	7.6777E-02	2
-8.511	38.961	1.2207E-01	0
-8.476	38.959	1.2315E-01	2
-8.440	38.957	7.6783E-02	0
-8.405	38.955	9.9317E-02	2
-8.371	38.953	6.0279E-02	0
-8.336	38.951	6.0025E-02	2
-8.302	38.949	9.2662E-02	0
-8.268	38.947	1.3281E-01	2
-9.210	38.984	1.9435E-01	3
-9.169	38.982	1.9531E-01	0
-9.131	38.980	1.3127E-01	3
-9.094	38.978	1.7272E-01	0
-9.057	38.976	8.1588E-02	3
-9.019	38.974	1.0859E-01	0
-8.983	38.972	5.6848E-02	3
-8.947	38.970	7.2079E-02	0
-8.909	38.968	5.3350E-02	3
-8.872	38.966	7.7510E-02	0
-8.835	38.964	5.4200E-02	3
-8.799	38.962	8.8355E-02	0
-8.762	38.960	5.1673E-02	3
-8.726	38.958	8.0128E-02	0
-8.690	38.956	7.2413E-02	3
-8.654	38.954	1.0067E-01	0
-8.618	38.952	7.3106E-02	3
-8.582	38.950	6.8331E-02	0
-8.547	38.948	8.1719E-02	3
-8.512	38.946	1.3903E-01	0
-8.477	38.944	1.0693E-01	3
-8.442	38.942	1.1467E-01	0
-8.407	38.940	1.0040E-01	3
-8.372	38.938	1.2094E-01	0
-8.337	38.936	1.6704E-01	3
-8.303	38.934	6.6042E-02	0
-8.269	38.932	7.9125E-02	3
-9.211	38.968	1.5091E-01	2
-9.171	38.966	1.8361E-01	0
-9.132	38.965	1.6548E-01	2
-9.093	38.963	2.6153E-01	0
-9.057	38.961	8.9373E-02	2
-9.020	38.959	1.0677E-01	0
-8.985	38.957	7.1969E-02	2
-8.948	38.955	9.4764E-02	0
-8.911	38.953	5.1226E-02	2
-8.874	38.951	8.6592E-02	0
-8.837	38.949	5.9964E-02	3
-8.800	38.947	9.0673E-02	0
-8.763	38.945	4.6454E-02	2
-8.727	38.943	6.3584E-02	0
-8.691	38.941	3.4098E-02	2
-8.655	38.939	8.9163E-02	0
-8.619	38.937	3.9829E-02	2
-8.584	38.935	8.6385E-02	0
-8.548	38.933	5.1226E-02	2
-8.513	38.931	9.7331E-02	0
-8.478	38.929	6.6895E-02	2
-8.443	38.927	1.2488E-01	0
-8.408	38.925	9.6403E-02	2
-8.374	38.923	1.2079E-01	0
-8.339	38.921	4.4681E-02	2
-8.305	38.919	1.2887E-01	0
-8.271	38.917	6.6872E-02	2
-9.211	38.953	1.0353E-01	3
-9.173	38.951	2.5603E-01	0
-9.134	38.949	1.7181E-01	3
-9.095	38.947	1.6205E-01	0
-9.058	38.945	1.4671E-01	2
-9.022	38.943	9.7894E-02	0
-8.986	38.942	5.6876E-02	3
-8.949	38.940	8.8480E-02	0
-8.912	38.938	6.3769E-02	3
-8.875	38.936	1.0999E-01	0
-8.838	38.934	4.9557E-02	3
-8.801	38.932	8.4464E-02	0
-8.764	38.930	4.2573E-02	3
-8.728	38.928	5.8922E-02	0
-8.691	38.926	4.9146E-02	3
-8.656	38.924	1.0558E-01	0
-8.620	38.922	5.0529E-02	3
-8.585	38.920	8.4806E-02	0
-8.549	38.918	3.5372E-02	3
-8.514	38.916	5.7516E-02	0
-8.479	38.914	2.7342E-02	3
-8.444	38.912	7.1917E-02	0
-8.409	38.911	3.7396E-02	3
-8.375	38.909	6.1834E-02	0
-8.340	38.907	6.5557E-02	3
-8.306	38.905	9.3312E-02	0
-8.272	38.903	7.0837E-02	3
-9.213	38.937	1.9539E-01	3
-9.175	38.935	2.5503E-01	0
-9.136	38.934	1.1801E-01	3
-9.097	38.932	2.0006E-01	0
-9.060	38.930	1.5217E-01	3
-9.024	38.928	1.9458E-01	0
-8.988	38.926	7.5750E-02	3
-8.950	38.924	9.9490E-02	0
-8.913	38.922	5.7746E-02	3
-8.876	38.921	1.3914E-01	0
-8.839	38.919	6.0393E-02	3
-8.802	38.917	7.3072E-02	0
-8.765	38.915	4.0268E-02	3
-8.729	38.913	7.1560E-02	0
-8.693	38.911	5.8270E-02	2
-8.657	38.909	1.2596E-01	0
-8.621	38.907	4.5671E-02	2
-8.585	38.905	5.0690E-02	0
-8.550	38.903	3.5209E-02	2
-8.515	38.901	9.3611E-02	0
-8.480	38.900	4.9527E-02	2
-8.445	38.898	8.7867E-02	0
-8.410	38.896	5.5832E-02	2
-8.376	38.894	6.4609E-02	0
-8.341	38.892	3.8305E-02	2
-8.307	38.890	8.4704E-02	0
-8.273	38.888	1.2144E-01	2
-9.214	38.922	2.6102E-01	3
-9.176	38.920	2.9572E-01	0
-9.138	38.918	1.2942E-01	3
-9.099	38.916	2.5569E-01	0
-9.061	38.914	1.3640E-01	2
-9.026	38.913	1.7616E-01	0
-8.989	38.911	5.9724E-02	3
-8.952	38.909	9.7148E-02	0
-8.914	38.907	4.8352E-02	3
-8.877	38.905	9.3966E-02	0
-8.840	38.903	5.8451E-02	3
-8.804	38.902	7.3177E-02	0
-8.767	38.900	3.9730E-02	3
-8.730	38.898	6.2380E-02	0
-8.694	38.896	4.7868E-02	3
-8.658	38.894	8.3836E-02	0
-8.622	38.892	4.3775E-02	3
-8.586	38.890	4.3412E-02	0
-8.551	38.888	7.5047E-02	3
-8.516	38.886	1.3795E-01	0
-8.481	38.885	7.2473E-02	3
-8.446	38.883	1.7893E-01	0
-8.411	38.881	6.5192E-02	3
-8.377	38.879	9.8966E-02	0
-8.342	38.877	5.9484E-02	3
-8.309	38.875	9.5718E-02	0
-8.275	38.873	3.7166E-02	3
-9.217	38.973	1.8210E-01	2
-9.176	38.971	1.8714E-01	0
-9.138	38.969	1.6567E-01	2
-9.099	38.967	2.8021E-01	0
-9.063	38.964	9.1142E-02	2
-9.026	38.962	1.1015E-01	0
-8.990	38.960	7.5345E-02	2
-8.954	38.958	9.4111E-02	0
-8.916	38.956	5.4997E-02	2
-8.879	38.954	8.7710E-02	0
-8.842	38.952	6.6194E-02	2
-8.805	38.949	9.5172E-02	0
-8.769	38.947	4.9437E-02	2
-8.732	38.945	6.6621E-02	0
-8.696	38.943	3.6586E-02	2
-8.661	38.941	8.4697E-02	0
-8.625	38.939	4.4514E-02	2
-8.590	38.936	8.3965E-02	0
-8.554	38.934	5.2569E-02	2
-8.519	38.932	9.5243E-02	0
-8.484	38.930	7.2891E-02	2
-8.448	38.928	1.1448E-01	0
-8.414	38.925	9.1339E-02	2
-8.379	38.923	1.3304E-01	0
-8.345	38.921	5.1340E-02	2
-8.311	38.919	1.1406E-01	0
-8.277	38.917	8.3117E-02	2
-9.217	38.958	8.2920E-02	2
-9.178	38.955	2.0552E-01	0
-9.139	38.953	1.3432E-01	2
-9.100	38.951	1.8386E-01	0
-9.064	38.949	1.6093E-01	2
-9.027	38.947	1.1106E-01	0
-8.991	38.945	5.6444E-02	2
-8.955	38.943	9.0032E-02	0
-8.917	38.941	6.5578E-02	3
-8.880	38.938	1.0693E-01	0
-8.843	38.936	5.5817E-02	3
-8.807	38.934	8.3562E-02	0
-8.770	38.932	5.3071E-02	3
-8.734	38.930	5.9086E-02	0
-8.697	38.928	5.1479E-02	3
-8.661	38.926	1.0910E-01	0
-8.626	38.923	5.2146E-02	3
-8.590	38.921	8.9231E-02	0
-8.555	38.919	4.1997E-02	3
-8.520	38.917	5.6804E-02	0
-8.485	38.915	3.2309E-02	3
-8.450	38.913	7.0397E-02	0
-8.415	38.911	4.0075E-02	3
-8.380	38.908	6.4883E-02	0
-8.346	38.906	5.7817E-02	3
-8.312	38.904	8.7216E-02	0
-8.278	38.902	7.8924E-02	3
-9.218	38.942	1.4045E-01	2
-9.180	38.940	2.8114E-01	0
-9.141	38.938	1.9269E-01	2
-9.102	38.936	1.7669E-01	0
-9.065	38.934	1.5399E-01	2
-9.028	38.932	1.7657E-01	0
-8.993	38.930	8.4108E-02	2
-8.956	38.927	1.0504E-01	0
-8.919	38.925	5.9576E-02	2
-8.881	38.923	1.3392E-01	0
-8.845	38.921	7.0836E-02	2
-8.808	38.919	7.1633E-02	0
-8.771	38.917	4.2158E-02	2
-8.735	38.915	7.1326E-02	0
-8.698	38.913	5.0680E-02	2
-8.662	38.910	1.2407E-01	0
-8.627	38.908	5.5459E-02	2
-8.591	38.906	5.4913E-02	0
-8.556	38.904	3.5308E-02	2
-8.521	38.902	8.7909E-02	0
-8.486	38.900	6.1390E-02	2
-8.451	38.898	8.5616E-02	0
-8.416	38.896	6.2155E-02	2
-8.381	38.894	7.2620E-02	0
-8.347	38.891	4.0103E-02	2
-8.313	38.889	7.9353E-02	0
-8.279	38.887	1.0093E-01	2
-9.219	38.926	2.5833E-01	3
-9.181	38.924	3.0005E-01	0
-9.143	38.922	1.1406E-01	3
-9.105	38.920	2.7147E-01	0
-9.066	38.918	1.4809E-01	2
-9.031	38.916	2.0780E-01	0
-8.994	38.914	7.1542E-02	2
-8.957	38.912	1.0448E-01	0
-8.920	38.910	5.3528E-02	2
-8.883	38.908	1.0453E-01	0
-8.846	38.906	6.6493E-02	3
-8.809	38.904	8.2834E-02	0
-8.772	38.902	4.0396E-02	3
-8.736	38.900	6.4327E-02	0
-8.700	38.898	5.3310E-02	3
-8.664	38.895	9.3646E-02	0
-8.628	38.893	5.3443E-02	3
-8.592	38.891	4.7255E-02	0
-8.557	38.889	6.6091E-02	3
-8.522	38.887	1.4398E-01	0
-8.487	38.885	7.0285E-02	3
-8.452	38.883	1.9238E-01	0
-8.417	38.881	6.7898E-02	3
-8.382	38.879	1.1085E-01	0
-8.348	38.877	7.1532E-02	3
-8.314	38.875	9.6046E-02	0
-8.280	38.873	4.0580E-02	3
-9.220	38.911	2.7497E-01	2
-9.182	38.909	3.5011E-01	0
-9.145	38.907	1.7114E-01	2
-9.107	38.905	1.4378E-01	0
-9.068	38.903	7.2248E-02	2
-9.033	38.901	1.2982E-01	0
-8.996	38.899	6.5531E-02	2
-8.958	38.897	1.0050E-01	0
-8.921	38.895	5.2940E-02	2
-8.884	38.893	7.7043E-02	0
-8.847	38.891	4.0327E-02	2
-8.810	38.889	6.6616E-02	0
-8.774	38.887	4.8900E-02	2
-8.737	38.884	7.8960E-02	0
-8.701	38.882	6.1483E-02	2
-8.665	38.880	8.9178E-02	0
-8.629	38.878	5.4401E-02	2
-8.593	38.876	1.1597E-01	0
-8.558	38.874	3.2033E-02	2
-8.523	38.872	5.4660E-02	0
-8.488	38.870	4.9806E-02	2
-8.453	38.868	1.3995E-01	0
-8.418	38.866	1.0853E-01	2
-8.383	38.864	9.0507E-02	0
-8.349	38.862	5.0855E-02	2
-8.316	38.860	9.1567E-02	0
-8.282	38.858	6.2930E-02	2
-9.221	38.895	2.7842E-01	3
-9.182	38.893	3.7750E-01	0
-9.144	38.891	1.6685E-01	3
-9.106	38.889	1.5846E-01	0
-9.070	38.887	7.2135E-02	2
-9.034	38.885	1.2670E-01	0
-8.997	38.883	4.8588E-02	2
-8.959	38.881	9.3613E-02	0
-8.922	38.879	7.6126E-02	3
-8.885	38.877	9.4597E-02	0
-8.848	38.875	5.1218E-02	3
-8.811	38.873	7.5353E-02	0
-8.775	38.871	5.4398E-02	3
-8.738	38.869	8.4464E-02	0
-8.702	38.867	5.2006E-02	3
-8.666	38.865	8.7873E-02	0
-8.630	38.863	8.1890E-02	3
-8.595	38.861	9.1614E-02	0
-8.559	38.859	6.1911E-02	3
-8.524	38.857	7.6163E-02	0
-8.489	38.855	6.7248E-02	3
-8.454	38.853	1.6818E-01	0
-8.419	38.851	1.3120E-01	3
-8.385	38.849	1.0498E-01	0
-8.350	38.847	4.8505E-02	3
-8.317	38.845	5.9118E-02	0
-8.283	38.843	9.6561E-02	3
-9.222	38.880	2.9644E-01	2
-9.184	38.878	3.6988E-01	0
-9.147	38.876	2.8594E-01	2
-9.110	38.874	3.3527E-01	0
-9.072	38.872	1.2413E-01	2
-9.036	38.870	1.3589E-01	0
-8.998	38.868	4.8476E-02	2
-8.961	38.866	1.0087E-01	0
-8.923	38.864	8.9834E-02	2
-8.886	38.862	8.9673E-02	0
-8.849	38.860	4.6116E-02	2
-8.812	38.858	7.2361E-02	0
-8.776	38.856	7.4232E-02	2
-8.740	38.854	8.2246E-02	0
-8.704	38.852	4.2892E-02	2
-8.667	38.850	9.9569E-02	0
-8.631	38.848	6.8129E-02	2
-8.596	38.846	1.0732E-01	0
-8.560	38.844	8.8191E-02	2
-8.525	38.842	1.0462E-01	0
-8.490	38.840	7.9480E-02	2
-8.455	38.838	1.2075E-01	0
-8.421	38.836	9.5483E-02	2
-8.386	38.834	6.7802E-02	0
-8.351	38.832	4.8195E-02	2
-8.318	38.830	6.3761E-02	0
-8.284	38.828	7.8640E-02	2
-8.250	38.826	1.0068E-01	0
-9.224	38.864	1.8776E-01	3
-9.187	38.862	3.8242E-01	0
-9.150	38.860	4.3819E-01	2
-9.112	38.858	4.5441E-01	0
-9.074	38.856	1.5134E-01	2
-9.037	38.855	8.0190E-02	0
-8.999	38.853	3.6026E-02	3
-8.962	38.851	7.0906E-02	0
-8.924	38.849	8.3175E-02	3
-8.887	38.847	8.6236E-02	0
-8.850	38.845	3.4268E-02	3
-8.814	38.843	5.5197E-02	0
-8.777	38.841	2.4412E-02	3
-8.741	38.839	5.8897E-02	0
-8.705	38.837	4.3253E-02	3
-8.669	38.835	9.9987E-02	0
-8.632	38.833	4.6774E-02	3
-8.597	38.831	8.8921E-02	0
-8.561	38.829	7.4390E-02	3
-8.526	38.827	1.2161E-01	0
-8.491	38.825	6.6732E-02	3
-8.456	38.823	1.3691E-01	0
-8.421	38.821	6.1631E-02	3
-8.387	38.820	1.2812E-01	0
-8.352	38.818	1.1920E-01	3
-8.319	38.816	1.2586E-01	0
-8.285	38.814	1.1187E-01	3
-8.251	38.812	1.8075E-01	0
-9.226	38.848	1.6943E-01	2
-9.189	38.847	2.7394E-01	0
-9.152	38.845	2.9209E-01	2
-9.113	38.843	3.7648E-01	0
-9.075	38.841	1.5487E-01	2
-9.038	38.839	5.9656E-02	0
-9.000	38.837	3.3260E-02	2
-8.963	38.835	6.2119E-02	0
-8.926	38.833	5.7370E-02	3
-8.889	38.832	1.3949E-01	0
-8.852	38.830	4.9723E-02	2
-8.815	38.828	5.1637E-02	0
-8.778	38.826	4.9897E-02	2
-8.742	38.824	6.2682E-02	0
-8.706	38.822	7.0332E-02	2
-8.670	38.820	9.7593E-02	0
-8.634	38.818	5.4540E-02	2
-8.598	38.816	7.3715E-02	0
-8.563	38.814	5.9964E-02	2
-8.528	38.812	1.0668E-01	0
-8.493	38.811	9.5135E-02	2
-8.458	38.809	1.4808E-01	0
-8.423	38.807	5.6462E-02	2
-8.388	38.805	1.4502E-01	0
-8.354	38.803	9.9862E-02	2
-8.319	38.801	1.8395E-01	0
-8.286	38.799	8.7206E-02	2
-8.252	38.797	1.0857E-01	0
-9.226	38.833	1.7462E-01	2
-9.190	38.831	2.8978E-01	0
-9.153	38.829	2.6970E-01	2
-9.114	38.827	2.9289E-01	0
-9.077	38.826	1.1083E-01	2
-9.039	38.824	5.8311E-02	0
-9.002	38.822	3.5129E-02	2
-8.964	38.820	6.2177E-02	0
-8.927	38.818	4.2616E-02	3
-8.890	38.816	1.2703E-01	0
-8.853	38.814	1.1897E-01	3
-8.816	38.813	8.8841E-02	0
-8.779	38.811	3.7176E-02	3
-8.743	38.809	7.6544E-02	0
-8.707	38.807	9.4841E-02	3
-8.671	38.805	1.0475E-01	0
-8.636	38.803	3.5621E-02	3
-8.600	38.801	9.1694E-02	0
-8.565	38.799	6.0439E-02	3
-8.529	38.798	9.1814E-02	0
-8.494	38.796	3.5636E-02	3
-8.459	38.794	9.3130E-02	0
-8.424	38.792	7.7376E-02	3
-8.390	38.790	7.0169E-02	0
-8.355	38.788	7.4405E-02	3
-8.321	38.786	1.1672E-01	0
-8.287	38.784	5.4368E-02	3
-8.253	38.782	1.3753E-01	0
-9.230	38.885	2.3879E-01	3
-9.191	38.882	3.5010E-01	0
-9.153	38.880	2.9232E-01	3
-9.116	38.878	2.9573E-01	0
-9.079	38.876	1.2480E-01	2
-9.043	38.874	1.5505E-01	0
-9.005	38.872	4.5421E-02	2
-8.968	38.870	9.3403E-02	0
-8.931	38.867	9.2624E-02	2
-8.894	38.865	9.9729E-02	0
-8.857	38.863	5.2261E-02	2
-8.820	38.861	6.8637E-02	0
-8.783	38.859	7.8932E-02	2
-8.747	38.856	7.8692E-02	0
-8.711	38.854	4.4065E-02	2
-8.675	38.852	8.4379E-02	0
-8.639	38.850	8.2679E-02	2
-8.603	38.848	9.5386E-02	0
-8.568	38.845	9.4685E-02	2
-8.532	38.843	9.8495E-02	0
-8.497	38.841	7.3098E-02	2
-8.463	38.839	1.2987E-01	0
-8.428	38.837	9.0222E-02	2
-8.393	38.834	7.9354E-02	0
-8.359	38.832	4.1501E-02	2
-8.325	38.830	6.7473E-02	0
-8.291	38.828	7.3489E-02	2
-8.258	38.826	1.1635E-01	0
-9.231	38.869	1.7286E-01	2
-9.193	38.867	3.9687E-01	0
-9.156	38.865	4.0734E-01	2
-9.119	38.863	4.8983E-01	0
-9.081	38.861	1.7560E-01	3
-9.044	38.858	1.1165E-01	0
-9.006	38.856	4.1414E-02	2
-8.969	38.854	7.2751E-02	0
-8.932	38.852	7.9133E-02	2
-8.895	38.850	9.0852E-02	0
-8.858	38.848	3.5044E-02	2
-8.821	38.846	5.7582E-02	0
-8.784	38.843	3.1968E-02	3
-8.748	38.841	5.6578E-02	0
-8.712	38.839	4.8433E-02	3
-8.676	38.837	9.2579E-02	0
-8.640	38.835	4.8946E-02	3
-8.604	38.833	8.7845E-02	0
-8.569	38.830	7.5124E-02	3
-8.534	38.828	1.2232E-01	0
-8.499	38.826	7.0080E-02	3
-8.464	38.824	1.2308E-01	0
-8.429	38.822	8.1884E-02	3
-8.394	38.820	1.1281E-01	0
-8.360	38.818	1.3112E-01	3
-8.326	38.815	1.3412E-01	0
-8.292	38.813	9.1008E-02	3
-8.258	38.811	2.0682E-01	0
-9.233	38.853	1.5777E-01	3
-9.196	38.851	3.1654E-01	0
-9.159	38.849	3.1841E-01	3
-9.120	38.847	4.4646E-01	0
-9.082	38.845	1.9118E-01	2
-9.045	38.843	6.6496E-02	0
-9.008	38.841	3.4520E-02	2
-8.970	38.839	6.3518E-02	0
-8.933	38.837	5.2735E-02	2
-8.896	38.835	1.3371E-01	0
-8.859	38.832	5.6296E-02	2
-8.822	38.830	4.8458E-02	0
-8.785	38.828	4.8878E-02	2
-8.749	38.826	5.9577E-02	0
-8.713	38.824	4.9307E-02	2
-8.677	38.822	9.7582E-02	0
-8.641	38.820	6.3764E-02	2
-8.606	38.818	7.6227E-02	0
-8.570	38.815	5.9263E-02	2
-8.535	38.813	1.0426E-01	0
-8.500	38.811	8.4985E-02	2
-8.465	38.809	1.6462E-01	0
-8.430	38.807	5.2088E-02	2
-8.396	38.805	1.4476E-01	0
-8.361	38.803	8.1773E-02	2
-8.327	38.801	2.0027E-01	0
-8.293	38.799	9.0612E-02	2
-8.259	38.796	1.0667E-01	0
-9.234	38.838	1.5682E-01	2
-9.197	38.836	2.7566E-01	0
-9.160	38.834	2.3627E-01	3
-9.122	38.832	2.7991E-01	0
-9.084	38.830	1.6400E-01	3
-9.046	38.828	6.5710E-02	0
-9.009	38.826	3.4624E-02	2
-8.971	38.823	6.2239E-02	0
-8.934	38.821	4.2298E-02	2
-8.897	38.819	1.1331E-01	0
-8.860	38.817	1.0496E-01	2
-8.823	38.815	1.0036E-01	0
-8.787	38.813	3.4936E-02	2
-8.750	38.811	6.5324E-02	0
-8.714	38.809	1.0265E-01	3
-8.679	38.807	1.0804E-01	0
-8.643	38.805	4.0727E-02	3
-8.607	38.803	8.0854E-02	0
-8.572	38.801	6.8315E-02	3
-8.537	38.798	9.5685E-02	0
-8.502	38.796	3.0819E-02	3
-8.467	38.794	1.0170E-01	0
-8.432	38.792	6.6149E-02	3
-8.397	38.790	8.7104E-02	0
-8.363	38.788	5.7377E-02	3
-8.329	38.786	1.2924E-01	0
-8.295	38.784	5.1929E-02	3
-8.261	38.782	1.3390E-01	0
-9.234	38.822	1.5615E-01	2
-9.196	38.820	2.1407E-01	0
-9.160	38.818	2.6381E-01	2
-9.122	38.816	2.6633E-01	0
-9.085	38.814	8.6077E-02	2
-9.048	38.812	5.7640E-02	0
-9.010	38.810	3.3602E-02	2
-8.973	38.808	5.7849E-02	0
-8.935	38.806	4.5050E-02	2
-8.898	38.804	7.0883E-02	0
-8.861	38.802	1.2413E-01	2
-8.824	38.800	1.0752E-01	0
-8.788	38.798	4.7272E-02	2
-8.752	38.796	1.1840E-01	0
-8.715	38.794	6.8285E-02	2
-8.679	38.792	1.2491E-01	0
-8.644	38.790	9.4018E-02	2
-8.608	38.788	1.1555E-01	0
-8.573	38.786	5.1693E-02	2
-8.538	38.784	1.1193E-01	0
-8.503	38.781	5.6583E-02	2
-8.468	38.779	1.5622E-01	0
-8.433	38.777	8.1991E-02	2
-8.399	38.775	7.3610E-02	0
-8.364	38.773	5.0224E-02	2
-8.330	38.771	6.7782E-02	0
-8.296	38.769	5.8204E-02	2
-8.262	38.767	4.9750E-02	0
-9.235	38.807	1.6470E-01	3
-9.198	38.805	3.1174E-01	0
-9.161	38.803	3.2748E-01	3
-9.123	38.801	3.1829E-01	0
-9.086	38.799	7.4732E-02	3
-9.049	38.797	5.5904E-02	0
-9.011	38.795	3.4052E-02	3
-8.974	38.793	5.8456E-02	0
-8.936	38.791	3.9071E-02	2
-8.899	38.789	5.1902E-02	0
-8.862	38.787	9.0209E-02	2
-8.825	38.785	2.1606E-01	0
-8.789	38.783	8.9562E-02	2
-8.753	38.781	1.2483E-01	0
-8.717	38.779	4.5431E-02	3
-8.681	38.777	1.1654E-01	0
-8.645	38.775	8.6383E-02	3
-8.609	38.773	1.0812E-01	0
-8.574	38.771	1.3886E-01	3
-8.538	38.769	1.2570E-01	0
-8.503	38.767	1.0061E-01	3
-8.469	38.765	1.0109E-01	0
-8.434	38.763	8.3066E-02	3
-8.400	38.760	8.2130E-02	0
-8.365	38.758	7.0084E-02	3
-8.331	38.756	8.0750E-02	0
-8.297	38.754	5.0568E-02	3
-8.263	38.752	4.4719E-02	0
-9.237	38.791	1.2780E-01	2
-9.200	38.789	3.0396E-01	0
-9.163	38.787	3.1426E-01	2
-9.124	38.785	3.4661E-01	0
-9.088	38.783	6.6087E-02	2
-9.050	38.781	6.0106E-02	0
-9.012	38.779	3.1687E-02	2
-8.975	38.777	6.1866E-02	0
-8.938	38.775	3.6771E-02	2
-8.900	38.773	5.5999E-02	0
-8.863	38.772	4.0551E-02	2
-8.827	38.770	1.1981E-01	0
-8.790	38.768	9.6610E-02	2
-8.754	38.766	7.7581E-02	0
-8.718	38.764	8.3976E-02	2
-8.682	38.762	1.3734E-01	0
-8.646	38.760	6.4667E-02	2
-8.611	38.758	9.4186E-02	0
-8.576	38.756	6.8668E-02	2
-8.540	38.754	1.3221E-01	0
-8.505	38.752	8.8479E-02	2
-8.470	38.750	1.3799E-01	0
-8.435	38.748	1.0158E-01	2
-8.401	38.746	1.2582E-01	0
-8.367	38.744	7.1161E-02	2
-8.332	38.742	1.6860E-01	0
-8.298	38.740	5.6282E-02	2
-8.264	38.738	6.5869E-02	0
-9.239	38.775	1.1899E-01	3
-9.202	38.774	3.0021E-01	0
-9.163	38.772	2.3931E-01	3
-9.125	38.770	2.8211E-01	0
-9.089	38.768	7.1476E-02	3
-9.051	38.766	6.0273E-02	0
-9.013	38.764	3.3673E-02	2
-8.976	38.762	6.7109E-02	0
-8.939	38.760	4.5341E-02	2
-8.902	38.758	5.9167E-02	0
-8.865	38.756	2.6717E-02	2
-8.828	38.754	6.6979E-02	0
-8.792	38.752	1.0525E-01	2
-8.755	38.750	1.5749E-01	0
-8.719	38.748	5.1460E-02	3
-8.683	38.747	1.9615E-01	0
-8.647	38.745	1.0320E-01	3
-8.612	38.743	1.6674E-01	0
-8.576	38.741	6.6567E-02	3
-8.542	38.739	2.5194E-01	0
-8.507	38.737	1.0559E-01	3
-8.472	38.735	8.8355E-02	0
-8.437	38.733	3.4638E-02	3
-8.402	38.731	8.2724E-02	0
-8.368	38.729	9.6027E-02	3
-8.333	38.727	1.4976E-01	0
-8.299	38.725	7.2600E-02	3
-8.265	38.723	9.8132E-02	0
-9.241	38.760	1.7268E-01	2
-9.203	38.758	2.7072E-01	0
-9.164	38.756	1.9159E-01	2
-9.127	38.754	2.9958E-01	0
-9.090	38.752	6.4110E-02	2
-9.052	38.751	6.0658E-02	0
-9.015	38.749	3.4288E-02	2
-8.977	38.747	9.3003E-02	0
-8.940	38.745	6.6695E-02	2
-8.903	38.743	6.9211E-02	0
-8.866	38.741	3.3850E-02	2
-8.829	38.739	5.6445E-02	0
-8.793	38.737	6.8715E-02	2
-8.756	38.735	1.7973E-01	0
-8.720	38.733	1.3103E-01	2
-8.684	38.731	1.3503E-01	0
-8.648	38.730	7.1747E-02	2
-8.613	38.728	1.5159E-01	0
-8.578	38.726	9.2470E-02	2
-8.543	38.724	1.0929E-01	0
-8.508	38.722	1.2290E-01	2
-8.473	38.720	1.6997E-01	0
-8.438	38.718	1.1794E-01	2
-8.404	38.716	1.6144E-01	0
-8.369	38.714	6.6977E-02	2
-8.335	38.712	1.0294E-01	0
-8.300	38.710	9.4118E-02	2
-8.266	38.708	7.3710E-02	0
-9.242	38.744	1.5214E-01	2
-9.204	38.742	3.6185E-01	0
-9.166	38.741	2.6061E-01	2
-9.128	38.739	2.6212E-01	0
-9.091	38.737	5.2355E-02	2
-9.053	38.735	5.8410E-02	0
-9.016	38.733	3.6613E-02	2
-8.978	38.731	9.9755E-02	0
-8.941	38.730	9.3788E-02	2
-8.904	38.728	1.0985E-01	0
-8.867	38.726	3.9084E-02	2
-8.830	38.724	6.2576E-02	0
-8.794	38.722	5.7882E-02	2
-8.758	38.720	9.9213E-02	0
-8.721	38.718	5.4282E-02	3
-8.685	38.716	1.2840E-01	0
-8.650	38.714	1.0072E-01	3
-8.614	38.713	1.4253E-01	0
-8.579	38.711	1.2250E-01	3
-8.544	38.709	2.0083E-01	0
-8.509	38.707	2.2963E-01	3
-8.474	38.705	1.0113E-01	0
-8.439	38.703	1.3875E-01	3
-8.405	38.701	1.4256E-01	0
-8.371	38.699	1.5226E-01	3
-8.336	38.697	1.5527E-01	0
-8.302	38.696	8.0926E-02	3
-8.268	38.694	7.9217E-02	0
-9.243	38.796	9.6080E-02	3
-9.205	38.794	2.6014E-01	0
-9.168	38.791	2.8933E-01	3
-9.130	38.789	3.8433E-01	0
-9.093	38.787	8.3006E-02	2
-9.056	38.785	6.3065E-02	0
-9.018	38.783	3.4773E-02	2
-8.981	38.781	6.2791E-02	0
-8.944	38.778	4.1442E-02	2
-8.906	38.776	5.5418E-02	0
-8.869	38.774	3.7676E-02	2
-8.833	38.772	1.1839E-01	0
-8.796	38.770	1.0912E-01	2
-8.760	38.767	8.5251E-02	0
-8.724	38.765	8.4630E-02	2
-8.688	38.763	1.3126E-01	0
-8.652	38.761	8.1733E-02	2
-8.617	38.759	8.6474E-02	0
-8.582	38.756	8.0899E-02	2
-8.546	38.754	1.1460E-01	0
-8.511	38.752	9.8815E-02	2
-8.476	38.750	1.4439E-01	0
-8.441	38.748	9.5371E-02	2
-8.407	38.746	1.4096E-01	0
-8.373	38.743	6.3444E-02	2
-8.338	38.741	1.7570E-01	0
-8.304	38.739	6.6205E-02	2
-8.270	38.737	7.3580E-02	0
-9.244	38.780	1.3584E-01	2
-9.208	38.778	3.3059E-01	0
-9.169	38.776	2.7276E-01	2
-9.131	38.774	3.4627E-01	0
-9.094	38.772	8.3454E-02	2
-9.057	38.770	6.3192E-02	0
-9.019	38.767	3.5037E-02	2
-8.982	38.765	6.5507E-02	0
-8.945	38.763	4.3119E-02	3
-8.908	38.761	6.5233E-02	0
-8.871	38.759	3.1676E-02	3
-8.834	38.757	6.2815E-02	0
-8.798	38.754	9.6479E-02	3
-8.761	38.752	1.4875E-01	0
-8.725	38.750	5.4836E-02	3
-8.689	38.748	1.8127E-01	0
-8.653	38.746	1.2661E-01	3
-8.618	38.744	1.5985E-01	0
-8.583	38.741	7.1374E-02	3
-8.548	38.739	2.3677E-01	0
-8.513	38.737	1.2716E-01	3
-8.478	38.735	9.6890E-02	0
-8.443	38.733	4.1999E-02	3
-8.408	38.731	7.7916E-02	0
-8.374	38.729	8.8401E-02	3
-8.340	38.726	1.6199E-01	0
-8.305	38.724	6.6616E-02	3
-8.271	38.722	1.2291E-01	0
-9.246	38.765	1.6355E-01	3
-9.208	38.762	2.3834E-01	0
-9.170	38.760	1.8461E-01	3
-9.132	38.758	3.3050E-01	0
-9.095	38.756	8.2372E-02	2
-9.058	38.754	6.5031E-02	0
-9.020	38.752	3.6312E-02	2
-8.983	38.750	8.5354E-02	0
-8.946	38.748	7.7023E-02	2
-8.909	38.746	7.2437E-02	0
-8.872	38.744	3.6738E-02	2
-8.835	38.741	5.8383E-02	0
-8.799	38.739	6.3113E-02	2
-8.762	38.737	1.9149E-01	0
-8.726	38.735	1.4035E-01	2
-8.690	38.733	1.4310E-01	0
-8.654	38.731	7.3312E-02	2
-8.619	38.729	1.5585E-01	0
-8.584	38.727	8.9525E-02	2
-8.549	38.724	1.2645E-01	0
-8.514	38.722	1.0564E-01	2
-8.479	38.720	1.9582E-01	0
-8.444	38.718	1.0146E-01	2
-8.410	38.716	1.9615E-01	0
-8.376	38.714	6.7356E-02	2
-8.341	38.712	1.1283E-01	0
-8.307	38.709	1.0422E-01	2
-8.273	38.707	8.5604E-02	0
-9.248	38.749	1.4175E-01	2
-9.209	38.747	3.1964E-01	0
-9.171	38.745	2.6278E-01	2
-9.134	38.743	2.9182E-01	0
-9.097	38.741	7.7388E-02	2
-9.059	38.739	6.3633E-02	0
-9.022	38.737	3.5240E-02	3
-8.984	38.735	9.5346E-02	0
-8.947	38.732	8.1341E-02	3
-8.910	38.730	1.1476E-01	0
-8.873	38.728	4.1381E-02	3
-8.836	38.726	6.7148E-02	0
-8.800	38.724	5.7960E-02	3
-8.764	38.722	1.0439E-01	0
-8.727	38.720	5.4410E-02	3
-8.691	38.718	1.2791E-01	0
-8.656	38.716	9.6474E-02	3
-8.620	38.714	1.6241E-01	0
-8.585	38.712	1.0790E-01	3
-8.550	38.709	1.9442E-01	0
-8.515	38.707	2.4543E-01	3
-8.480	38.705	1.1605E-01	0
-8.445	38.703	1.3946E-01	3
-8.411	38.701	1.5275E-01	0
-8.377	38.699	1.5031E-01	3
-8.343	38.697	1.6299E-01	0
-8.308	38.695	9.9836E-02	3
-8.274	38.693	8.4809E-02	0
-9.249	38.733	1.1678E-01	2
-9.210	38.731	4.1459E-01	0
-9.172	38.729	3.2911E-01	2
-9.135	38.727	2.4678E-01	0
-9.098	38.725	5.6343E-02	2
-9.060	38.723	7.1840E-02	0
-9.023	38.721	1.1843E-01	2
-8.985	38.719	1.9342E-01	0
-8.948	38.717	1.3284E-01	2
-8.911	38.715	1.5084E-01	0
-8.874	38.713	7.0982E-02	2
-8.838	38.711	7.0649E-02	0
-8.801	38.709	5.0734E-02	2
-8.765	38.707	1.0414E-01	0
-8.729	38.705	7.8729E-02	2
-8.693	38.703	1.2271E-01	0
-8.657	38.701	1.0861E-01	2
-8.621	38.699	1.4075E-01	0
-8.586	38.697	1.2672E-01	2
-8.551	38.695	1.1588E-01	0
-8.516	38.692	5.9174E-02	2
-8.481	38.690	1.6558E-01	0
-8.446	38.688	2.0366E-01	2
-8.412	38.686	1.6049E-01	0
-8.378	38.684	1.0018E-01	2
-8.344	38.682	8.8148E-02	0
-8.310	38.680	5.4026E-02	2
-8.276	38.678	9.0988E-02	0
-9.212	38.716	3.1938E-01	0
-9.174	38.714	2.3683E-01	2
-9.137	38.712	2.1870E-01	0
-9.099	38.710	4.4422E-02	2
-9.061	38.708	6.2631E-02	0
-9.024	38.706	7.9366E-02	3
-8.987	38.704	1.3281E-01	0
-8.949	38.702	1.4733E-01	3
-8.912	38.700	1.7007E-01	0
-8.876	38.698	1.0921E-01	3
-8.839	38.696	1.3559E-01	0
-8.802	38.694	4.2213E-02	3
-8.766	38.692	1.0159E-01	0
-8.730	38.690	8.0665E-02	3
-8.694	38.688	1.2825E-01	0
-8.658	38.686	1.2108E-01	3
-8.623	38.684	1.1427E-01	0
-8.587	38.682	7.3820E-02	3
-8.552	38.680	1.3026E-01	0
-8.517	38.678	1.1565E-01	3
-8.482	38.676	1.5756E-01	0
-8.447	38.673	1.3374E-01	3
-8.413	38.671	2.0428E-01	0
-8.379	38.669	8.6198E-02	3
-8.345	38.667	1.3408E-01	0
-8.311	38.665	7.2040E-02	3
-8.277	38.663	1.0720E-01	0
-9.214	38.700	3.7478E-01	0
-9.176	38.698	9.7282E-02	2
-9.138	38.696	8.0994E-02	0
-9.100	38.694	3.6233E-02	2
-9.063	38.692	6.7180E-02	0
-9.025	38.690	4.4809E-02	2
-8.988	38.689	9.6413E-02	0
-8.950	38.687	1.4005E-01	2
-8.913	38.685	2.6291E-01	0
-8.877	38.683	1.1392E-01	2
-8.840	38.681	1.3203E-01	0
-8.804	38.679	8.7326E-02	2
-8.767	38.677	9.0017E-02	0
-8.731	38.675	9.2221E-02	2
-8.695	38.673	1.4892E-01	0
-8.659	38.671	9.0545E-02	2
-8.624	38.669	1.2228E-01	0
-8.588	38.667	8.7116E-02	2
-8.553	38.665	1.5879E-01	0
-8.518	38.663	5.4452E-02	2
-8.483	38.661	2.0089E-01	0
-8.449	38.659	8.8346E-02	2
-8.414	38.657	1.3420E-01	0
-8.380	38.655	7.9296E-02	2
-8.346	38.653	1.6125E-01	0
-8.311	38.651	5.2284E-02	2
-8.278	38.649	8.3551E-02	0
-9.216	38.685	1.6852E-01	0
-9.177	38.683	6.0677E-02	3
-9.139	38.681	8.9574E-02	0
-9.102	38.679	3.5048E-02	3
-9.064	38.677	8.8397E-02	0
-9.026	38.675	5.7748E-02	3
-8.989	38.673	1.1730E-01	0
-8.952	38.671	1.1985E-01	2
-8.914	38.669	1.3979E-01	0
-8.878	38.667	1.2057E-01	2
-8.841	38.665	2.1862E-01	0
-8.805	38.663	1.3658E-01	3
-8.769	38.661	1.2152E-01	0
-8.733	38.660	6.5939E-02	3
-8.697	38.658	1.0545E-01	0
-8.661	38.656	5.2368E-02	3
-8.625	38.654	9.6757E-02	0
-8.590	38.652	8.9684E-02	3
-8.555	38.650	1.2309E-01	0
-8.520	38.648	1.5818E-01	3
-8.485	38.646	2.2326E-01	0
-8.450	38.644	1.4813E-01	3
-8.415	38.642	3.3172E-01	0
-8.381	38.640	9.0808E-02	3
-8.346	38.638	1.0938E-01	0
-8.312	38.636	7.2188E-02	3
-8.279	38.634	9.7298E-02	0
-9.216	38.669	1.3058E-01	0
-9.178	38.667	9.4319E-02	2
-9.141	38.665	1.0331E-01	0
-9.103	38.664	4.6531E-02	2
-9.065	38.662	1.6130E-01	0
-9.027	38.660	1.4227E-01	2
-8.990	38.658	1.6056E-01	0
-8.953	38.656	6.6098E-02	2
-8.916	38.654	1.6390E-01	0
-8.879	38.652	8.4638E-02	2
-8.842	38.650	1.5722E-01	0
-8.806	38.648	1.0879E-01	2
-8.770	38.646	2.2197E-01	0
-8.734	38.644	9.6397E-02	2
-8.698	38.643	1.7362E-01	0
-8.662	38.641	1.0690E-01	2
-8.627	38.639	8.7407E-02	0
-8.591	38.637	3.4247E-02	2
-8.556	38.635	1.0604E-01	0
-8.521	38.633	8.6839E-02	2
-8.486	38.631	2.0157E-01	0
-8.452	38.629	1.5009E-01	2
-8.417	38.627	1.5922E-01	0
-8.382	38.625	1.2295E-01	2
-8.348	38.623	1.3638E-01	0
-8.314	38.621	6.9685E-02	2
-8.280	38.619	9.0161E-02	0
-9.217	38.654	1.2669E-01	0
-9.179	38.652	8.5267E-02	2
-9.142	38.650	1.3981E-01	0
-9.104	38.648	1.4039E-01	2
-9.066	38.646	1.9512E-01	0
-9.028	38.644	1.2516E-01	3
-8.991	38.642	1.8179E-01	0
-8.954	38.641	1.1583E-01	2
-8.917	38.639	1.3815E-01	0
-8.880	38.637	1.0076E-01	2
-8.844	38.635	1.1187E-01	0
-8.807	38.633	5.5621E-02	3
-8.771	38.631	1.2542E-01	0
-8.735	38.629	1.0176E-01	3
-8.699	38.627	1.7072E-01	0
-8.663	38.626	6.8334E-02	3
-8.628	38.624	1.2969E-01	0
-8.593	38.622	3.5116E-02	3
-8.558	38.620	1.2869E-01	0
-8.523	38.618	1.3817E-01	3
-8.488	38.616	2.3378E-01	0
-8.453	38.614	1.6457E-01	3
-8.418	38.612	1.3299E-01	0
-8.384	38.610	1.6125E-01	3
-8.349	38.608	8.3817E-02	0
-8.315	38.606	4.9884E-02	3
-8.280	38.605	4.2775E-02	0
-9.221	38.705	3.6567E-01	0
-9.183	38.703	1.3447E-01	2
-9.146	38.701	1.1411E-01	0
-9.108	38.699	3.9246E-02	2
-9.070	38.697	6.3559E-02	0
-9.033	38.694	4.6225E-02	2
-8.995	38.692	7.9903E-02	0
-8.958	38.690	1.2843E-01	2
-8.921	38.688	2.4841E-01	0
-8.884	38.686	1.2738E-01	2
-8.848	38.683	1.2548E-01	0
-8.811	38.681	8.8898E-02	2
-8.775	38.679	8.9771E-02	0
-8.739	38.677	8.4248E-02	2
-8.703	38.675	1.4849E-01	0
-8.667	38.672	1.0904E-01	2
-8.631	38.670	1.2339E-01	0
-8.596	38.668	8.7495E-02	2
-8.561	38.666	1.5271E-01	0
-8.526	38.664	6.0256E-02	2
-8.491	38.661	1.7668E-01	0
-8.457	38.659	1.0791E-01	2
-8.422	38.657	1.3961E-01	0
-8.387	38.655	6.9109E-02	2
-8.353	38.653	1.7316E-01	0
-8.319	38.650	6.1159E-02	2
-8.286	38.648	7.8249E-02	0
-8.252	38.646	7.8635E-02	2
-9.223	38.690	2.3350E-01	0
-9.185	38.688	5.9620E-02	2
-9.147	38.685	8.6954E-02	0
-9.109	38.683	3.6213E-02	2
-9.071	38.681	7.3400E-02	0
-9.034	38.679	5.4358E-02	2
-8.996	38.677	1.1187E-01	0
-8.959	38.675	1.1542E-01	2
-8.922	38.672	1.5422E-01	0
-8.885	38.670	1.1540E-01	2
-8.849	38.668	2.3871E-01	0
-8.812	38.666	1.4234E-01	3
-8.776	38.664	1.3005E-01	0
-8.740	38.662	6.9495E-02	3
-8.704	38.659	1.0255E-01	0
-8.668	38.657	5.8173E-02	3
-8.633	38.655	8.5729E-02	0
-8.597	38.653	9.9969E-02	3
-8.562	38.651	1.0710E-01	0
-8.527	38.649	1.5414E-01	3
-8.492	38.646	2.2325E-01	0
-8.458	38.644	1.3998E-01	3
-8.423	38.642	3.4864E-01	0
-8.389	38.640	1.0459E-01	3
-8.354	38.638	1.0855E-01	0
-8.320	38.636	8.3279E-02	3
-8.286	38.633	9.9200E-02	0
-8.253	38.631	5.7066E-02	3
-9.224	38.674	1.1695E-01	0
-9.185	38.672	8.9686E-02	2
-9.148	38.670	1.1644E-01	0
-9.110	38.668	3.9926E-02	2
-9.072	38.666	1.3189E-01	0
-9.035	38.664	1.2159E-01	2
-8.997	38.661	1.5459E-01	0
-8.960	38.659	8.0848E-02	2
-8.923	38.657	1.5713E-01	0
-8.886	38.655	1.0437E-01	2
-8.850	38.653	1.5235E-01	0
-8.814	38.651	1.1436E-01	2
-8.777	38.649	2.1809E-01	0
-8.741	38.647	9.1106E-02	2
-8.705	38.644	1.4100E-01	0
-8.670	38.642	1.2449E-01	2
-8.634	38.640	9.3158E-02	0
-8.599	38.638	3.0906E-02	2
-8.564	38.636	1.0474E-01	0
-8.529	38.634	8.1420E-02	2
-8.494	38.632	1.7900E-01	0
-8.459	38.630	1.6391E-01	2
-8.425	38.627	1.6886E-01	0
-8.390	38.625	1.0743E-01	2
-8.355	38.623	1.6582E-01	0
-8.321	38.621	6.5159E-02	2
-8.287	38.619	9.4165E-02	0
-8.253	38.617	4.8461E-02	2
-9.225	38.659	1.2492E-01	0
-9.186	38.656	7.7115E-02	2
-9.149	38.654	1.3765E-01	0
-9.111	38.652	1.2092E-01	2
-9.073	38.650	1.7870E-01	0
-9.036	38.648	1.3081E-01	2
-8.999	38.646	1.8519E-01	0
-8.961	38.644	9.6234E-02	2
-8.924	38.642	1.3041E-01	0
-8.888	38.640	1.0339E-01	3
-8.851	38.638	1.1008E-01	0
-8.815	38.636	6.4274E-02	2
-8.778	38.634	1.2285E-01	0
-8.742	38.631	1.1861E-01	3
-8.707	38.629	1.7608E-01	0
-8.671	38.627	8.4008E-02	3
-8.635	38.625	1.2496E-01	0
-8.600	38.623	3.2847E-02	3
-8.565	38.621	1.2484E-01	0
-8.530	38.619	1.2717E-01	3
-8.495	38.617	2.2459E-01	0
-8.461	38.615	1.7921E-01	3
-8.426	38.613	1.5165E-01	0
-8.391	38.610	1.4338E-01	3
-8.357	38.608	1.1155E-01	0
-8.322	38.606	5.2705E-02	3
-8.288	38.604	4.8589E-02	0
-8.254	38.602	4.4677E-02	3
-9.226	38.643	1.1761E-01	0
-9.187	38.641	8.0174E-02	2
-9.150	38.639	1.2198E-01	0
-9.112	38.637	1.3128E-01	2
-9.075	38.635	4.3246E-01	0
-9.037	38.633	1.6171E-01	2
-9.000	38.631	1.4855E-01	0
-8.962	38.629	1.2139E-01	2
-8.925	38.627	1.6383E-01	0
-8.889	38.625	1.0387E-01	2
-8.852	38.623	1.4980E-01	0
-8.816	38.620	1.1105E-01	2
-8.780	38.618	2.1933E-01	0
-8.744	38.616	1.1728E-01	2
-8.708	38.614	2.4863E-01	0
-8.672	38.612	9.3185E-02	2
-8.637	38.610	1.1239E-01	0
-8.601	38.608	1.1603E-01	2
-8.566	38.606	2.0438E-01	0
-8.531	38.604	1.3109E-01	2
-8.497	38.602	1.4546E-01	0
-8.462	38.600	1.6200E-01	2
-8.427	38.598	1.5401E-01	0
-8.392	38.596	1.6439E-01	2
-8.358	38.594	1.1192E-01	0
-8.324	38.591	4.5846E-02	2
-8.290	38.589	9.7736E-02	0
-8.256	38.587	4.4891E-02	3
-9.228	38.627	1.0222E-01	0
-9.189	38.625	7.8241E-02	2
-9.151	38.623	1.1588E-01	0
-9.113	38.621	1.0169E-01	2
-9.076	38.619	3.2198E-01	0
-9.038	38.617	2.9737E-01	2
-9.000	38.615	1.9853E-01	0
-8.963	38.613	1.2391E-01	3
-8.926	38.611	1.8734E-01	0
-8.890	38.609	1.2832E-01	3
-8.853	38.607	1.3963E-01	0
-8.817	38.605	1.1404E-01	2
-8.781	38.603	1.7753E-01	0
-8.745	38.601	1.0946E-01	3
-8.709	38.599	2.0594E-01	0
-8.674	38.597	1.1782E-01	3
-8.638	38.595	1.5097E-01	0
-8.603	38.593	3.8226E-02	3
-8.568	38.591	6.6606E-02	0
-8.533	38.589	5.7163E-02	2
-8.498	38.587	1.6008E-01	0
-8.464	38.585	1.1748E-01	2
-8.428	38.583	1.1385E-01	0
-8.393	38.581	5.7556E-02	3
-8.359	38.579	1.5863E-01	0
-8.325	38.577	6.2450E-02	3
-8.291	38.575	8.4836E-02	0
-8.258	38.573	4.7581E-02	3
-9.229	38.612	6.7364E-02	0
-9.190	38.610	7.2657E-02	2
-9.152	38.608	1.1096E-01	0
-9.114	38.606	6.8411E-02	2
-9.077	38.604	2.6969E-01	0
-9.039	38.602	3.1357E-01	2
-9.002	38.600	3.0755E-01	0
-8.964	38.598	9.8837E-02	2
-8.927	38.596	2.8427E-01	0
-8.891	38.594	1.4017E-01	2
-8.855	38.592	2.1319E-01	0
-8.818	38.590	1.0973E-01	2
-8.782	38.588	1.4797E-01	0
-8.746	38.586	1.3320E-01	2
-8.711	38.584	3.1834E-01	0
-8.675	38.582	6.5070E-02	2
-8.640	38.580	1.4934E-01	0
-8.604	38.578	4.8300E-02	2
-8.569	38.576	8.8113E-02	0
-8.534	38.574	1.3101E-01	2
-8.499	38.572	2.4047E-01	0
-8.464	38.570	1.8942E-01	2
-8.430	38.568	2.6420E-01	0
-8.395	38.566	9.9171E-02	2
-8.360	38.564	1.7483E-01	0
-8.327	38.562	5.6007E-02	2
-8.293	38.560	7.1771E-02	0
-8.259	38.558	6.6714E-02	2
-9.230	38.596	5.0075E-02	0
-9.191	38.594	4.7934E-02	2
-9.153	38.592	8.2269E-02	0
-9.115	38.590	5.4834E-02	2
-9.078	38.589	2.2435E-01	0
-9.040	38.587	2.8086E-01	2
-9.003	38.585	3.7808E-01	0
-8.965	38.583	1.2492E-01	3
-8.928	38.581	1.6820E-01	0
-8.891	38.579	1.7729E-01	3
-8.856	38.577	2.0823E-01	0
-8.820	38.575	1.3045E-01	2
-8.784	38.573	2.0656E-01	0
-8.748	38.571	9.2323E-02	3
-8.712	38.569	1.1588E-01	0
-8.676	38.567	1.1105E-01	2
-8.640	38.565	1.4951E-01	0
-8.605	38.563	6.6141E-02	2
-8.570	38.561	1.5537E-01	0
-8.535	38.559	7.7097E-02	2
-8.500	38.557	1.9349E-01	0
-8.466	38.555	1.9865E-01	2
-8.431	38.553	1.9936E-01	0
-8.396	38.551	1.1644E-01	2
-8.362	38.549	1.3311E-01	0
-8.328	38.547	1.1839E-01	3
-8.294	38.545	5.3582E-02	0
-8.261	38.543	4.3543E-02	3
-9.231	38.581	4.3273E-02	0
-9.192	38.579	3.7994E-02	2
-9.154	38.577	7.1214E-02	0
-9.116	38.575	5.4742E-02	2
-9.079	38.573	1.6938E-01	0
-9.041	38.571	1.8206E-01	2
-9.004	38.569	4.3864E-01	0
-8.966	38.567	1.7763E-01	2
-8.929	38.565	2.3583E-01	0
-8.893	38.564	1.4336E-01	2
-8.857	38.562	1.6560E-01	0
-8.821	38.560	2.0495E-01	2
-8.785	38.558	2.1483E-01	0
-8.749	38.556	1.1081E-01	2
-8.713	38.554	2.9875E-01	0
-8.677	38.552	1.5281E-01	2
-8.642	38.550	9.6007E-02	0
-8.606	38.548	5.8290E-02	2
-8.571	38.546	7.0873E-02	0
-8.536	38.544	1.0837E-01	2
-8.502	38.542	2.2328E-01	0
-8.468	38.541	1.9993E-01	2
-8.433	38.539	2.4366E-01	0
-8.398	38.537	1.0782E-01	2
-8.363	38.535	1.0773E-01	0
-8.329	38.533	1.2379E-01	2
-8.296	38.531	7.7738E-02	0
-8.263	38.529	4.6630E-02	2
-9.233	38.565	3.8382E-02	0
-9.194	38.563	3.6816E-02	2
-9.155	38.561	6.0154E-02	0
-9.117	38.560	4.2915E-02	2
-9.079	38.558	1.3265E-01	0
-9.042	38.556	1.1298E-01	2
-9.005	38.554	3.1088E-01	0
-8.966	38.552	2.5778E-01	3
-8.929	38.550	2.2366E-01	0
-8.894	38.548	1.0732E-01	2
-8.858	38.546	1.4853E-01	0
-8.822	38.545	1.5012E-01	2
-8.786	38.543	9.9711E-02	0
-8.750	38.541	8.5449E-02	2
-8.714	38.539	1.8221E-01	0
-8.679	38.537	4.8168E-02	2
-8.643	38.535	1.0474E-01	0
-8.607	38.533	7.2579E-02	2
-8.573	38.531	8.2037E-02	0
-8.538	38.529	9.1904E-02	2
-8.504	38.528	1.9952E-01	0
-8.469	38.526	7.8173E-02	2
-8.434	38.524	1.1561E-01	0
-8.399	38.522	1.1530E-01	2
-8.365	38.520	1.0071E-01	0
-8.331	38.518	9.3387E-02	2
-8.297	38.516	1.2704E-01	0
-8.264	38.514	9.6305E-02	2
-9.235	38.616	6.2965E-02	0
-9.195	38.614	7.3414E-02	2
-9.157	38.612	1.0944E-01	0
-9.120	38.610	7.1089E-02	2
-9.082	38.607	2.4628E-01	0
-9.045	38.605	3.3524E-01	2
-9.007	38.603	3.0697E-01	0
-8.970	38.601	1.0440E-01	2
-8.933	38.599	2.8373E-01	0
-8.896	38.596	1.4484E-01	2
-8.860	38.594	2.0364E-01	0
-8.824	38.592	1.1950E-01	2
-8.788	38.590	1.5529E-01	0
-8.752	38.588	1.1208E-01	2
-8.716	38.585	3.4039E-01	0
-8.681	38.583	8.2968E-02	2
-8.645	38.581	1.3463E-01	0
-8.610	38.579	6.3886E-02	2
-8.575	38.577	8.7979E-02	0
-8.540	38.574	1.1188E-01	2
-8.505	38.572	2.3997E-01	0
-8.470	38.570	1.9189E-01	2
-8.436	38.568	2.7834E-01	0
-8.401	38.566	1.0653E-01	2
-8.366	38.563	1.8124E-01	0
-8.332	38.561	8.5621E-02	2
-8.299	38.559	7.0104E-02	0
-8.265	38.557	7.9149E-02	2
-9.236	38.601	4.9325E-02	0
-9.196	38.598	5.3675E-02	2
-9.158	38.596	9.9012E-02	0
-9.121	38.594	5.5838E-02	2
-9.083	38.592	2.1182E-01	0
-9.046	38.590	2.9602E-01	2
-9.008	38.588	3.8430E-01	0
-8.971	38.585	1.2600E-01	2
-8.934	38.583	1.6765E-01	0
-8.897	38.581	1.6887E-01	3
-8.861	38.579	2.3083E-01	0
-8.825	38.577	1.2893E-01	3
-8.789	38.575	2.0231E-01	0
-8.753	38.573	8.9629E-02	2
-8.718	38.570	1.2449E-01	0
-8.682	38.568	9.6765E-02	2
-8.646	38.566	1.7060E-01	0
-8.611	38.564	6.2809E-02	2
-8.575	38.562	1.5975E-01	0
-8.541	38.559	7.3796E-02	2
-8.506	38.557	1.9022E-01	0
-8.472	38.555	2.1714E-01	3
-8.437	38.553	1.9791E-01	0
-8.402	38.551	1.3834E-01	3
-8.368	38.549	1.2521E-01	0
-8.334	38.546	1.1889E-01	3
-8.300	38.544	6.2024E-02	0
-8.267	38.542	3.4228E-02	3
-9.237	38.585	4.2616E-02	0
-9.198	38.583	4.0254E-02	2
-9.159	38.581	7.7721E-02	0
-9.121	38.579	4.9186E-02	2
-9.084	38.577	1.6244E-01	0
-9.047	38.574	1.8630E-01	2
-9.009	38.572	4.7608E-01	0
-8.972	38.570	1.9521E-01	2
-8.934	38.568	2.2886E-01	0
-8.897	38.566	1.7182E-01	2
-8.862	38.564	1.6463E-01	0
-8.827	38.562	1.8286E-01	2
-8.790	38.560	2.5072E-01	0
-8.755	38.557	1.1493E-01	2
-8.719	38.555	2.7451E-01	0
-8.683	38.553	1.7576E-01	2
-8.647	38.551	1.1611E-01	0
-8.612	38.549	5.6741E-02	2
-8.577	38.547	7.4630E-02	0
-8.542	38.545	9.5714E-02	2
-8.507	38.542	2.0705E-01	0
-8.473	38.540	2.1436E-01	2
-8.438	38.538	2.2543E-01	0
-8.404	38.536	1.3541E-01	2
-8.369	38.534	9.5577E-02	0
-8.335	38.532	1.4031E-01	2
-8.302	38.530	9.5194E-02	0
-8.269	38.528	6.3044E-02	2
-9.238	38.570	3.9075E-02	0
-9.199	38.567	3.7409E-02	2
-9.160	38.565	6.7413E-02	0
-9.122	38.563	4.2906E-02	2
-9.085	38.561	1.3622E-01	0
-9.048	38.559	1.1102E-01	2
-9.010	38.557	2.8877E-01	0
-8.972	38.555	2.9335E-01	2
-8.935	38.553	2.4884E-01	0
-8.899	38.551	1.3177E-01	3
-8.864	38.549	1.3969E-01	0
-8.828	38.547	1.8249E-01	2
-8.792	38.544	1.1845E-01	0
-8.756	38.542	7.9077E-02	2
-8.720	38.540	2.1602E-01	0
-8.684	38.538	6.5540E-02	2
-8.648	38.536	9.7186E-02	0
-8.613	38.534	8.9580E-02	2
-8.578	38.532	7.8714E-02	0
-8.544	38.530	8.4334E-02	3
-8.509	38.528	2.0473E-01	0
-8.475	38.526	8.8643E-02	3
-8.440	38.523	1.0506E-01	0
-8.405	38.521	1.3422E-01	3
-8.371	38.519	1.0178E-01	0
-8.336	38.517	9.6111E-02	3
-8.303	38.515	1.2403E-01	0
-8.270	38.513	1.0954E-01	3
-9.239	38.554	3.4536E-02	0
-9.200	38.552	3.3174E-02	2
-9.162	38.550	5.6270E-02	0
-9.124	38.548	3.1412E-02	2
-9.086	38.546	9.1339E-02	0
-9.049	38.544	1.1892E-01	2
-9.011	38.542	3.2848E-01	0
-8.973	38.539	2.0769E-01	3
-8.935	38.537	1.4600E-01	0
-8.901	38.535	9.0343E-02	2
-8.865	38.533	1.2414E-01	0
-8.829	38.531	5.9668E-02	2
-8.793	38.529	9.7197E-02	0
-8.757	38.527	7.0992E-02	2
-8.721	38.525	6.1115E-02	0
-8.686	38.523	5.3599E-02	2
-8.650	38.521	7.3493E-02	0
-8.614	38.519	6.9358E-02	2
-8.579	38.517	8.5948E-02	0
-8.545	38.515	7.5447E-02	2
-8.511	38.513	1.7257E-01	0
-8.476	38.511	1.2810E-01	2
-8.441	38.509	9.4095E-02	0
-8.407	38.507	1.6105E-01	2
-8.373	38.504	1.4849E-01	0
-8.338	38.502	7.3219E-02	2
-8.305	38.500	1.0881E-01	0
-8.271	38.498	6.3369E-02	2
-9.240	38.538	3.5982E-02	0
-9.202	38.536	3.1400E-02	2
-9.163	38.534	5.8598E-02	0
-9.125	38.532	3.6451E-02	2
-9.087	38.530	5.8902E-02	0
-9.050	38.528	6.5454E-02	2
-9.012	38.526	2.0148E-01	0
-8.975	38.524	1.6229E-01	2
-8.938	38.522	1.2751E-01	0
-8.902	38.520	6.1821E-02	2
-8.866	38.518	1.1103E-01	0
-8.830	38.516	6.4190E-02	2
-8.794	38.514	9.4588E-02	0
-8.758	38.512	5.9464E-02	2
-8.723	38.510	5.8319E-02	0
-8.687	38.508	3.1938E-02	2
-8.651	38.506	8.4908E-02	0
-8.615	38.504	4.7877E-02	2
-8.581	38.502	9.3136E-02	0
-8.546	38.500	7.0287E-02	3
-8.511	38.498	2.4262E-01	0
-8.477	38.496	8.7577E-02	3
-8.442	38.494	9.2966E-02	0
-8.408	38.492	1.1789E-01	3
-8.374	38.490	1.1048E-01	0
-8.340	38.488	5.6880E-02	3
-8.306	38.486	2.0790E-01	0
-8.273	38.484	8.6963E-02	3
-9.241	38.523	3.9201E-02	0
-9.203	38.521	3.6309E-02	2
-9.165	38.519	7.0396E-02	0
-9.126	38.517	3.1384E-02	2
-9.088	38.515	7.1304E-02	0
-9.051	38.513	5.8426E-02	2
-9.012	38.511	1.2750E-01	0
-8.976	38.509	8.3283E-02	2
-8.940	38.507	6.1568E-02	0
-8.904	38.505	2.4166E-02	2
-8.868	38.503	4.8198E-02	0
-8.831	38.501	6.2230E-02	2
-8.795	38.499	8.9108E-02	0
-8.760	38.497	4.5696E-02	2
-8.724	38.495	5.8916E-02	0
-8.688	38.493	5.4911E-02	2
-8.652	38.491	8.9084E-02	0
-8.617	38.489	8.0871E-02	2
-8.583	38.487	1.0322E-01	0
-8.547	38.485	6.0427E-02	2
-8.512	38.483	1.5515E-01	0
-8.478	38.481	5.9734E-02	2
-8.443	38.479	1.7377E-01	0
-8.409	38.477	8.3465E-02	2
-8.375	38.475	1.1326E-01	0
-8.342	38.473	1.0163E-01	2
-8.307	38.471	1.1289E-01	0
-8.274	38.469	6.2411E-02	2
-9.243	38.507	7.1247E-02	0
-9.204	38.505	1.0860E-01	2
-9.166	38.503	1.7021E-01	0
-9.127	38.501	4.6544E-02	2
-9.089	38.499	5.7224E-02	0
-9.051	38.497	5.2062E-02	2
-9.014	38.495	1.4434E-01	0
-8.975	38.493	1.1664E-01	2
-8.940	38.492	8.3132E-02	0
-8.906	38.490	5.8480E-02	2
-8.869	38.488	5.0070E-02	0
-8.833	38.486	4.0229E-02	2
-8.797	38.484	8.3586E-02	0
-8.761	38.482	4.1600E-02	2
-8.725	38.480	6.2290E-02	0
-8.689	38.478	6.1889E-02	3
-8.654	38.476	1.3258E-01	0
-8.619	38.474	9.9803E-02	3
-8.584	38.472	9.2211E-02	0
-8.548	38.470	7.1917E-02	3
-8.514	38.468	1.3191E-01	0
-8.479	38.466	1.2079E-01	3
-8.445	38.464	1.6285E-01	0
-8.411	38.462	4.1840E-02	3
-8.377	38.460	1.0705E-01	0
-8.343	38.458	5.3065E-02	3
-8.309	38.456	1.6880E-01	0
-8.275	38.454	1.3011E-01	3
-9.244	38.492	6.0041E-02	0
-9.205	38.490	1.1262E-01	2
-9.167	38.488	1.5647E-01	0
-9.128	38.486	7.0417E-02	2
-9.090	38.484	8.2992E-02	0
-9.052	38.482	5.9926E-02	2
-9.013	38.480	2.6600E-01	0
-8.978	38.478	1.0998E-01	2
-8.943	38.476	6.4020E-02	0
-8.907	38.475	5.9748E-02	2
-8.870	38.473	6.3156E-02	0
-8.834	38.471	2.6185E-02	2
-8.798	38.469	5.5078E-02	0
-8.762	38.467	3.4316E-02	2
-8.726	38.465	5.9262E-02	0
-8.690	38.463	6.5925E-02	2
-8.655	38.461	1.4059E-01	0
-8.620	38.459	1.2207E-01	2
-8.585	38.457	2.1757E-01	0
-8.550	38.455	1.2158E-01	2
-8.515	38.453	1.6094E-01	0
-8.481	38.451	9.0006E-02	2
-8.447	38.449	1.0113E-01	0
-8.413	38.448	7.3693E-02	2
-8.379	38.446	1.3067E-01	0
-8.345	38.444	7.7989E-02	2
-8.311	38.442	1.4912E-01	0
-8.277	38.440	8.3343E-02	2
-9.245	38.476	3.2642E-02	0
-9.207	38.474	8.8991E-02	2
-9.168	38.472	1.0453E-01	0
-9.129	38.470	3.8593E-02	2
-9.091	38.469	5.3055E-02	0
-9.053	38.467	3.9384E-02	3
-9.014	38.465	1.0637E-01	0
-8.981	38.463	5.2749E-02	2
-8.945	38.461	2.7822E-02	0
-8.908	38.459	1.9253E-02	2
-8.872	38.457	4.9317E-02	0
-8.835	38.456	2.6804E-02	3
-8.799	38.454	3.1396E-02	0
-8.763	38.452	2.4320E-02	3
-8.728	38.450	4.2202E-02	0
-8.692	38.448	2.3280E-02	3
-8.656	38.446	5.5632E-02	0
-8.622	38.444	6.1127E-02	3
-8.586	38.442	1.0213E-01	0
-8.551	38.440	8.5443E-02	3
-8.517	38.438	1.0086E-01	0
-8.482	38.437	4.4824E-02	3
-8.448	38.435	6.4853E-02	0
-8.414	38.433	6.7994E-02	3
-8.380	38.431	5.1675E-02	0
-8.346	38.429	7.9117E-02	3
-8.313	38.427	6.4847E-02	0
-8.279	38.425	2.8657E-02	3
