39.349	-8.415	3.20E-01	3
39.347	-8.371	3.00E-01	0
39.345	-8.326	2.90E-01	3
39.343	-8.282	2.76E-01	0
39.349	-8.879	3.48E-01	3
39.347	-8.832	3.60E-01	3
39.346	-8.784	3.95E-01	3
39.344	-8.737	4.19E-01	3
39.342	-8.691	4.37E-01	3
39.341	-8.645	4.48E-01	3
39.339	-8.600	3.61E-01	3
39.337	-8.555	3.39E-01	3
39.336	-8.509	3.34E-01	3
39.334	-8.463	3.42E-01	3
39.332	-8.417	3.17E-01	3
39.330	-8.373	3.17E-01	3
39.329	-8.328	3.14E-01	3
39.327	-8.284	3.19E-01	3
39.349	-8.562	3.62E-01	3
39.347	-8.516	3.36E-01	3
39.345	-8.470	3.47E-01	3
39.343	-8.423	3.26E-01	3
39.341	-8.379	3.02E-01	2
39.339	-8.335	3.01E-01	3
39.337	-8.291	3.07E-01	3
39.349	-8.982	3.66E-01	3
39.347	-8.934	3.56E-01	1
39.345	-8.887	3.46E-01	3
39.343	-8.840	3.64E-01	1
39.342	-8.792	4.02E-01	3
39.340	-8.744	4.22E-01	1
39.338	-8.699	4.44E-01	3
39.336	-8.653	4.62E-01	0
39.334	-8.608	3.92E-01	3
39.332	-8.563	3.25E-01	2
39.330	-8.517	3.28E-01	3
39.328	-8.472	3.56E-01	0
39.326	-8.426	3.36E-01	3
39.324	-8.381	3.37E-01	0
39.322	-8.336	3.09E-01	3
39.320	-8.292	3.08E-01	0
39.341	-9.230	3.79E-01	3
39.339	-9.180	3.74E-01	3
39.337	-9.130	3.76E-01	3
39.336	-9.081	3.73E-01	3
39.334	-9.031	3.73E-01	3
39.332	-8.983	3.51E-01	3
39.330	-8.936	3.44E-01	3
39.328	-8.888	3.45E-01	3
39.327	-8.841	3.64E-01	3
39.325	-8.793	4.28E-01	3
39.323	-8.746	4.15E-01	3
39.321	-8.700	4.42E-01	3
39.319	-8.654	4.31E-01	3
39.317	-8.609	3.73E-01	3
39.315	-8.564	3.07E-01	3
39.314	-8.518	3.73E-01	3
39.312	-8.472	3.46E-01	3
39.310	-8.427	3.37E-01	3
39.308	-8.382	3.34E-01	2
39.306	-8.337	3.10E-01	3
39.304	-8.292	3.02E-01	3
39.324	-9.231	3.88E-01	0
39.322	-9.181	3.80E-01	3
39.320	-9.130	3.78E-01	1
39.318	-9.082	3.71E-01	3
39.317	-9.033	3.78E-01	0
39.315	-8.983	3.58E-01	3
39.313	-8.936	3.41E-01	0
39.311	-8.889	3.61E-01	3
39.310	-8.841	3.80E-01	0
39.308	-8.794	4.30E-01	3
39.306	-8.747	4.61E-01	0
39.304	-8.701	4.37E-01	3
39.302	-8.655	4.17E-01	1
39.301	-8.610	3.67E-01	3
39.299	-8.565	3.86E-01	2
39.297	-8.519	3.76E-01	3
39.295	-8.472	3.32E-01	2
39.293	-8.427	3.19E-01	3
39.291	-8.382	3.18E-01	0
39.289	-8.338	3.10E-01	3
39.288	-8.293	3.12E-01	0
39.306	-9.230	3.74E-01	3
39.305	-9.182	3.70E-01	3
39.303	-9.131	3.87E-01	3
39.301	-9.082	3.88E-01	3
39.300	-9.033	3.80E-01	3
39.298	-8.984	3.58E-01	3
39.296	-8.938	3.68E-01	3
39.294	-8.890	3.85E-01	3
39.293	-8.842	4.03E-01	3
39.291	-8.795	4.15E-01	3
39.289	-8.749	4.47E-01	3
39.287	-8.702	4.31E-01	3
39.286	-8.657	4.08E-01	3
39.284	-8.611	3.61E-01	3
39.282	-8.565	4.01E-01	3
39.280	-8.519	3.77E-01	3
39.278	-8.473	3.31E-01	3
39.277	-8.427	3.19E-01	3
39.275	-8.383	3.08E-01	3
39.273	-8.339	3.14E-01	3
39.271	-8.295	3.18E-01	3
39.269	-8.251	3.18E-01	3
39.289	-9.231	3.90E-01	1
39.288	-9.182	3.75E-01	3
39.286	-9.133	3.84E-01	0
39.284	-9.083	3.83E-01	3
39.283	-9.034	3.75E-01	1
39.281	-8.985	3.46E-01	3
39.279	-8.938	3.46E-01	0
39.278	-8.891	3.59E-01	3
39.276	-8.844	3.80E-01	1
39.274	-8.797	4.32E-01	3
39.272	-8.750	4.44E-01	2
39.271	-8.703	4.13E-01	3
39.269	-8.658	3.76E-01	1
39.267	-8.612	3.47E-01	3
39.266	-8.566	3.81E-01	2
39.264	-8.520	3.77E-01	3
39.262	-8.474	3.17E-01	2
39.260	-8.428	3.09E-01	3
39.258	-8.384	3.30E-01	0
39.257	-8.340	3.45E-01	3
39.255	-8.296	3.22E-01	0
39.253	-8.252	3.19E-01	3
39.272	-9.231	3.98E-01	3
39.270	-9.183	3.71E-01	3
39.269	-9.134	3.68E-01	3
39.267	-9.085	3.75E-01	3
39.265	-9.035	3.64E-01	3
39.264	-8.987	3.46E-01	3
39.262	-8.939	3.31E-01	3
39.261	-8.892	3.71E-01	3
39.259	-8.844	4.27E-01	3
39.257	-8.798	4.04E-01	3
39.256	-8.751	4.08E-01	3
39.254	-8.704	3.84E-01	3
39.252	-8.659	3.40E-01	3
39.251	-8.613	3.14E-01	3
39.249	-8.567	3.87E-01	3
39.247	-8.520	3.64E-01	3
39.245	-8.475	3.47E-01	3
39.244	-8.430	3.24E-01	3
39.242	-8.385	3.26E-01	3
39.240	-8.341	3.15E-01	3
39.238	-8.297	2.95E-01	3
39.237	-8.254	3.18E-01	3
39.339	-9.236	3.84E-01	0
39.337	-9.187	3.79E-01	3
39.335	-9.135	3.78E-01	0
39.333	-9.087	3.76E-01	3
39.331	-9.037	3.77E-01	0
39.329	-8.989	3.63E-01	3
39.327	-8.942	3.49E-01	0
39.324	-8.894	3.48E-01	3
39.322	-8.847	3.60E-01	0
39.320	-8.799	4.29E-01	3
39.318	-8.752	4.32E-01	0
39.316	-8.706	4.26E-01	3
39.314	-8.661	4.27E-01	0
39.312	-8.615	3.87E-01	3
39.310	-8.570	3.33E-01	0
39.308	-8.524	3.72E-01	3
39.306	-8.478	3.49E-01	0
39.303	-8.432	3.25E-01	3
39.301	-8.388	3.26E-01	0
39.299	-8.343	3.13E-01	3
39.297	-8.299	3.19E-01	0
39.295	-8.255	2.98E-01	3
39.322	-9.236	3.85E-01	3
39.320	-9.187	3.78E-01	3
39.318	-9.135	3.81E-01	3
39.316	-9.087	3.73E-01	3
39.314	-9.039	3.79E-01	3
39.312	-8.990	3.62E-01	3
39.310	-8.942	3.42E-01	3
39.308	-8.895	3.61E-01	3
39.305	-8.847	3.89E-01	3
39.303	-8.800	4.17E-01	3
39.301	-8.753	4.68E-01	3
39.299	-8.707	4.48E-01	3
39.297	-8.661	4.26E-01	3
39.295	-8.616	3.53E-01	3
39.293	-8.571	3.92E-01	3
39.291	-8.525	3.90E-01	3
39.289	-8.478	3.34E-01	3
39.287	-8.433	3.23E-01	3
39.285	-8.388	3.09E-01	3
39.283	-8.344	3.07E-01	3
39.281	-8.300	2.95E-01	3
39.279	-8.256	3.09E-01	3
39.304	-9.236	3.74E-01	0
39.302	-9.188	3.72E-01	3
39.300	-9.137	3.86E-01	0
39.298	-9.088	3.88E-01	3
39.296	-9.039	3.79E-01	0
39.294	-8.990	3.59E-01	3
39.293	-8.943	3.66E-01	0
39.291	-8.896	3.86E-01	3
39.289	-8.849	4.02E-01	0
39.287	-8.801	4.16E-01	3
39.285	-8.755	4.40E-01	0
39.283	-8.708	4.29E-01	3
39.281	-8.663	4.13E-01	1
39.279	-8.617	3.76E-01	3
39.277	-8.571	3.86E-01	2
39.275	-8.526	3.73E-01	3
39.272	-8.480	3.35E-01	0
39.270	-8.434	3.10E-01	3
39.268	-8.389	3.10E-01	0
39.266	-8.345	3.27E-01	3
39.264	-8.301	3.32E-01	0
39.262	-8.257	3.20E-01	3
39.287	-9.236	3.92E-01	3
39.285	-9.188	3.78E-01	3
39.283	-9.139	3.74E-01	3
39.281	-9.089	3.81E-01	3
39.279	-9.040	3.73E-01	3
39.277	-8.991	3.48E-01	3
39.276	-8.944	3.40E-01	3
39.274	-8.897	3.54E-01	3
39.272	-8.850	3.75E-01	3
39.270	-8.803	4.25E-01	3
39.268	-8.756	4.46E-01	3
39.266	-8.709	4.10E-01	3
39.264	-8.664	3.62E-01	3
39.262	-8.618	3.21E-01	3
39.260	-8.572	3.83E-01	3
39.258	-8.526	3.87E-01	3
39.256	-8.480	3.28E-01	3
39.254	-8.435	3.13E-01	3
39.252	-8.390	3.36E-01	3
39.250	-8.347	3.32E-01	3
39.248	-8.302	3.14E-01	3
39.246	-8.259	3.14E-01	3
39.270	-9.237	4.01E-01	0
39.268	-9.189	3.71E-01	3
39.266	-9.140	3.65E-01	1
39.264	-9.090	3.76E-01	3
39.262	-9.041	3.65E-01	2
39.260	-8.992	3.48E-01	3
39.259	-8.945	3.32E-01	1
39.257	-8.898	3.64E-01	3
39.255	-8.850	4.38E-01	0
39.253	-8.803	3.97E-01	3
39.251	-8.757	3.73E-01	1
39.249	-8.710	3.87E-01	3
39.247	-8.665	3.29E-01	0
39.245	-8.619	3.21E-01	3
39.243	-8.573	3.89E-01	2
39.241	-8.526	3.56E-01	3
39.239	-8.481	3.38E-01	1
39.237	-8.436	3.33E-01	3
39.235	-8.391	3.29E-01	0
39.234	-8.347	3.20E-01	3
39.232	-8.303	3.07E-01	0
39.230	-8.260	3.26E-01	3
39.252	-9.239	4.03E-01	3
39.251	-9.190	3.77E-01	3
39.249	-9.141	3.67E-01	3
39.247	-9.091	3.81E-01	3
39.245	-9.041	3.72E-01	3
39.243	-8.993	3.56E-01	3
39.242	-8.946	3.51E-01	3
39.240	-8.898	3.81E-01	3
39.238	-8.851	4.42E-01	3
39.236	-8.804	3.95E-01	3
39.234	-8.758	3.62E-01	3
39.232	-8.711	3.71E-01	3
39.230	-8.665	3.27E-01	3
39.229	-8.620	3.58E-01	3
39.227	-8.574	3.84E-01	3
39.225	-8.528	3.43E-01	3
39.223	-8.482	3.69E-01	3
39.221	-8.437	3.78E-01	3
39.219	-8.393	3.35E-01	3
39.217	-8.348	2.96E-01	3
39.215	-8.305	3.34E-01	3
39.213	-8.261	3.14E-01	3
39.235	-9.240	4.05E-01	0
39.233	-9.190	3.71E-01	3
39.232	-9.141	3.67E-01	2
39.230	-9.092	3.88E-01	3
39.228	-9.042	3.90E-01	0
39.226	-8.994	3.80E-01	3
39.225	-8.947	3.55E-01	0
39.223	-8.900	3.77E-01	3
39.221	-8.852	3.95E-01	0
39.219	-8.805	3.79E-01	3
39.217	-8.758	3.86E-01	0
39.216	-8.713	4.10E-01	3
39.214	-8.667	3.83E-01	0
39.212	-8.621	3.73E-01	3
39.210	-8.575	4.02E-01	2
39.208	-8.528	3.52E-01	3
39.206	-8.483	3.23E-01	2
39.204	-8.438	3.18E-01	3
39.203	-8.394	3.19E-01	0
39.201	-8.350	3.15E-01	3
39.199	-8.306	3.12E-01	0
39.197	-8.261	3.01E-01	3
39.218	-9.242	3.91E-01	3
39.216	-9.191	3.58E-01	3
39.214	-9.142	3.51E-01	3
39.213	-9.093	3.91E-01	3
39.211	-9.041	3.70E-01	3
39.209	-8.994	3.69E-01	3
39.208	-8.948	3.87E-01	3
39.206	-8.900	3.87E-01	3
39.204	-8.853	3.87E-01	3
39.202	-8.806	3.59E-01	3
39.201	-8.759	3.79E-01	3
39.199	-8.714	3.60E-01	3
39.197	-8.668	3.54E-01	3
39.195	-8.621	4.13E-01	3
39.193	-8.575	4.06E-01	3
39.192	-8.529	3.72E-01	3
39.190	-8.484	3.28E-01	3
39.188	-8.440	3.37E-01	3
39.186	-8.395	3.40E-01	3
39.184	-8.351	3.31E-01	3
39.182	-8.307	3.06E-01	3
39.181	-8.262	3.21E-01	3
39.201	-9.242	3.94E-01	2
39.199	-9.192	3.69E-01	3
39.197	-9.142	3.41E-01	1
39.196	-9.092	3.81E-01	3
39.194	-9.040	3.43E-01	2
39.192	-8.995	3.43E-01	3
39.191	-8.949	3.73E-01	0
39.189	-8.901	3.64E-01	3
39.187	-8.853	3.94E-01	0
39.185	-8.806	3.98E-01	3
39.184	-8.760	3.78E-01	2
39.182	-8.715	3.32E-01	3
39.180	-8.669	3.39E-01	2
39.179	-8.622	4.14E-01	3
39.177	-8.576	3.81E-01	2
39.175	-8.530	3.53E-01	3
39.173	-8.486	3.41E-01	2
39.171	-8.440	3.10E-01	3
39.170	-8.396	3.00E-01	0
39.168	-8.351	3.00E-01	3
39.166	-8.307	3.26E-01	0
39.164	-8.263	3.47E-01	3
39.183	-9.243	3.96E-01	3
39.182	-9.193	3.70E-01	3
39.180	-9.143	3.51E-01	3
39.178	-9.090	3.71E-01	3
39.177	-9.039	3.58E-01	3
39.175	-8.997	3.55E-01	3
39.174	-8.950	3.34E-01	3
39.172	-8.902	3.81E-01	3
39.170	-8.854	4.23E-01	2
39.169	-8.808	4.01E-01	3
39.167	-8.762	3.61E-01	2
39.165	-8.716	3.35E-01	3
39.164	-8.670	3.68E-01	3
39.162	-8.623	4.09E-01	3
39.160	-8.576	3.72E-01	2
39.158	-8.532	3.76E-01	3
39.157	-8.486	3.23E-01	2
39.155	-8.441	3.06E-01	3
39.153	-8.396	3.09E-01	2
39.151	-8.352	3.07E-01	3
39.150	-8.308	3.54E-01	3
39.148	-8.265	3.51E-01	3
39.251	-9.247	4.08E-01	2
39.248	-9.197	3.86E-01	3
39.246	-9.149	3.73E-01	0
39.244	-9.099	3.84E-01	3
39.242	-9.050	3.83E-01	0
39.240	-9.001	3.65E-01	3
39.238	-8.954	3.60E-01	0
39.236	-8.906	3.77E-01	3
39.234	-8.859	4.45E-01	2
39.232	-8.812	4.09E-01	3
39.230	-8.766	3.86E-01	2
39.228	-8.720	3.96E-01	3
39.226	-8.674	3.64E-01	1
39.224	-8.628	3.62E-01	3
39.221	-8.582	3.91E-01	0
39.219	-8.536	3.57E-01	3
39.217	-8.491	3.61E-01	0
39.215	-8.446	3.74E-01	3
39.213	-8.401	3.41E-01	2
39.211	-8.357	3.03E-01	3
39.209	-8.313	3.32E-01	3
39.206	-8.269	3.13E-01	3
39.233	-9.249	4.15E-01	3
39.231	-9.198	3.82E-01	3
39.229	-9.149	3.68E-01	3
39.227	-9.100	3.87E-01	3
39.225	-9.050	4.00E-01	3
39.223	-9.001	3.86E-01	3
39.221	-8.955	3.71E-01	3
39.219	-8.908	3.68E-01	3
39.217	-8.860	3.93E-01	3
39.215	-8.813	3.71E-01	3
39.213	-8.766	3.77E-01	3
39.211	-8.721	4.04E-01	3
39.209	-8.675	3.76E-01	3
39.207	-8.629	3.76E-01	3
39.205	-8.583	4.16E-01	2
39.203	-8.536	3.77E-01	3
39.201	-8.491	3.28E-01	3
39.198	-8.447	3.17E-01	3
39.196	-8.402	3.24E-01	3
39.194	-8.358	3.27E-01	3
39.192	-8.314	3.14E-01	3
39.190	-8.270	3.04E-01	3
39.216	-9.250	3.95E-01	0
39.214	-9.199	3.63E-01	3
39.212	-9.150	3.46E-01	0
39.210	-9.101	3.87E-01	3
39.208	-9.049	3.75E-01	0
39.206	-9.002	3.59E-01	3
39.204	-8.956	3.85E-01	0
39.202	-8.908	3.82E-01	3
39.200	-8.861	3.96E-01	2
39.198	-8.813	3.70E-01	3
39.196	-8.767	3.82E-01	1
39.194	-8.722	3.57E-01	3
39.192	-8.676	3.40E-01	0
39.190	-8.630	4.22E-01	3
39.188	-8.583	3.98E-01	1
39.186	-8.537	3.73E-01	3
39.184	-8.493	3.36E-01	0
39.182	-8.448	3.41E-01	3
39.180	-8.404	3.36E-01	0
39.178	-8.359	3.28E-01	3
39.176	-8.315	3.12E-01	2
39.174	-8.271	3.31E-01	3
39.199	-9.250	3.97E-01	3
39.197	-9.200	3.86E-01	3
39.195	-9.150	3.45E-01	3
39.193	-9.100	3.77E-01	3
39.191	-9.046	3.52E-01	2
39.189	-9.002	3.38E-01	3
39.187	-8.957	3.68E-01	2
39.185	-8.909	3.63E-01	3
39.183	-8.861	4.05E-01	2
39.181	-8.814	4.01E-01	3
39.179	-8.768	3.87E-01	3
39.177	-8.723	3.38E-01	3
39.176	-8.677	3.34E-01	3
39.174	-8.630	4.09E-01	3
39.171	-8.584	3.88E-01	3
39.169	-8.538	3.66E-01	3
39.168	-8.494	3.44E-01	3
39.165	-8.448	3.08E-01	3
39.163	-8.403	3.03E-01	3
39.161	-8.359	2.97E-01	3
39.159	-8.315	3.35E-01	3
39.157	-8.272	3.62E-01	3
39.180	-9.201	3.72E-01	3
39.178	-9.151	3.53E-01	0
39.176	-9.098	3.78E-01	3
39.174	-9.046	3.65E-01	0
39.172	-9.004	3.68E-01	3
39.170	-8.958	3.38E-01	0
39.168	-8.910	3.79E-01	3
39.166	-8.862	4.25E-01	2
39.164	-8.816	4.06E-01	3
39.163	-8.769	3.66E-01	2
39.161	-8.724	3.36E-01	3
39.159	-8.678	3.60E-01	0
39.157	-8.631	4.19E-01	3
39.155	-8.584	3.68E-01	0
39.153	-8.540	3.74E-01	3
39.151	-8.495	3.32E-01	0
39.149	-8.449	3.09E-01	3
39.147	-8.405	3.18E-01	1
39.145	-8.361	3.15E-01	3
39.143	-8.316	3.50E-01	1
39.141	-8.273	3.47E-01	3
39.162	-9.202	3.40E-01	3
39.160	-9.152	3.66E-01	1
39.159	-9.101	4.00E-01	3
39.157	-9.053	4.12E-01	2
39.155	-9.006	3.83E-01	3
39.153	-8.958	3.66E-01	2
39.151	-8.911	4.03E-01	3
39.149	-8.863	4.03E-01	3
39.148	-8.817	4.01E-01	3
39.146	-8.771	3.73E-01	3
39.144	-8.725	3.25E-01	3
39.142	-8.678	3.72E-01	3
39.140	-8.632	4.00E-01	3
39.138	-8.585	3.27E-01	3
39.136	-8.541	3.49E-01	3
39.134	-8.496	3.28E-01	1
39.132	-8.451	3.19E-01	3
39.131	-8.406	3.38E-01	3
39.129	-8.362	3.52E-01	3
39.127	-8.317	3.26E-01	3
39.125	-8.274	3.18E-01	3
39.145	-9.203	3.49E-01	3
39.143	-9.151	3.75E-01	0
39.141	-9.101	3.90E-01	3
39.140	-9.055	4.19E-01	0
39.138	-9.007	4.12E-01	3
39.136	-8.960	3.69E-01	0
39.134	-8.912	4.13E-01	3
39.133	-8.864	4.11E-01	2
39.131	-8.818	3.87E-01	3
39.129	-8.772	3.59E-01	0
39.127	-8.726	3.51E-01	3
39.125	-8.679	4.15E-01	0
39.123	-8.633	3.97E-01	3
39.122	-8.587	3.30E-01	0
39.120	-8.542	3.55E-01	3
39.118	-8.497	3.38E-01	2
39.116	-8.452	3.28E-01	3
39.114	-8.407	3.37E-01	2
39.112	-8.363	3.51E-01	3
39.110	-8.319	3.29E-01	2
39.108	-8.275	2.96E-01	3
39.128	-9.203	3.64E-01	3
39.126	-9.151	3.99E-01	2
39.124	-9.103	4.10E-01	3
39.123	-9.056	3.94E-01	3
39.121	-9.008	3.62E-01	3
39.119	-8.961	3.50E-01	2
39.117	-8.913	3.82E-01	3
39.116	-8.865	3.89E-01	3
39.114	-8.819	3.82E-01	3
39.112	-8.773	3.42E-01	3
39.110	-8.727	3.11E-01	3
39.109	-8.680	3.25E-01	3
39.107	-8.634	3.34E-01	3
39.105	-8.588	3.67E-01	2
39.103	-8.542	3.61E-01	3
39.101	-8.497	3.36E-01	2
39.099	-8.452	3.47E-01	3
39.098	-8.407	3.41E-01	3
39.096	-8.363	3.36E-01	3
39.094	-8.320	2.99E-01	3
39.092	-8.276	3.05E-01	3
39.111	-9.203	3.82E-01	3
39.109	-9.152	3.92E-01	0
39.107	-9.105	3.98E-01	3
39.106	-9.056	4.07E-01	1
39.104	-9.008	3.60E-01	3
39.102	-8.962	3.82E-01	0
39.100	-8.914	3.61E-01	3
39.099	-8.867	3.56E-01	0
39.097	-8.820	3.40E-01	3
39.095	-8.774	3.12E-01	0
39.094	-8.727	3.25E-01	3
39.092	-8.681	3.55E-01	0
39.090	-8.635	3.43E-01	3
39.088	-8.589	3.18E-01	0
39.087	-8.543	3.70E-01	3
39.085	-8.498	3.49E-01	2
39.083	-8.453	3.65E-01	3
39.081	-8.409	3.41E-01	2
39.079	-8.364	2.99E-01	3
39.078	-8.321	2.95E-01	2
39.076	-8.277	3.03E-01	3
39.093	-9.204	3.85E-01	3
39.092	-9.154	4.02E-01	3
39.090	-9.106	3.92E-01	3
39.088	-9.057	3.83E-01	3
39.087	-9.009	3.94E-01	3
39.085	-8.963	3.95E-01	3
39.084	-8.915	3.74E-01	3
39.082	-8.868	3.71E-01	3
39.080	-8.822	3.18E-01	3
39.079	-8.775	2.99E-01	3
39.077	-8.728	3.50E-01	3
39.075	-8.682	3.78E-01	3
39.073	-8.636	3.58E-01	3
39.072	-8.590	3.34E-01	2
39.070	-8.545	3.35E-01	3
39.068	-8.499	3.29E-01	2
39.066	-8.454	3.30E-01	3
39.065	-8.409	3.27E-01	3
39.063	-8.366	3.09E-01	3
39.061	-8.322	3.07E-01	3
39.059	-8.279	3.17E-01	3
39.160	-9.208	3.43E-01	3
39.158	-9.158	3.64E-01	0
39.156	-9.106	3.99E-01	3
39.154	-9.059	4.17E-01	0
39.152	-9.012	3.98E-01	3
39.149	-8.964	3.72E-01	0
39.147	-8.917	4.11E-01	3
39.145	-8.869	4.02E-01	1
39.143	-8.823	3.96E-01	3
39.141	-8.777	3.78E-01	2
39.139	-8.731	3.32E-01	3
39.137	-8.685	3.77E-01	2
39.135	-8.638	4.04E-01	3
39.133	-8.592	3.32E-01	0
39.131	-8.547	3.42E-01	3
39.128	-8.502	3.39E-01	0
39.126	-8.457	3.29E-01	3
39.124	-8.413	3.43E-01	1
39.122	-8.368	3.49E-01	3
39.120	-8.324	3.33E-01	2
39.118	-8.280	3.09E-01	3
39.143	-9.209	3.58E-01	3
39.140	-9.157	3.80E-01	2
39.138	-9.107	3.85E-01	3
39.137	-9.061	4.14E-01	2
39.135	-9.013	4.11E-01	3
39.132	-8.966	3.67E-01	3
39.130	-8.918	4.09E-01	3
39.128	-8.870	4.15E-01	2
39.126	-8.824	3.89E-01	3
39.124	-8.778	3.55E-01	3
39.122	-8.732	3.45E-01	3
39.120	-8.685	3.99E-01	2
39.118	-8.639	3.90E-01	3
39.116	-8.594	3.53E-01	2
39.114	-8.548	3.59E-01	3
39.112	-8.503	3.35E-01	2
39.110	-8.458	3.21E-01	3
39.108	-8.413	3.31E-01	3
39.105	-8.369	3.62E-01	3
39.103	-8.325	3.15E-01	3
39.101	-8.282	2.87E-01	3
39.125	-9.209	3.58E-01	3
39.123	-9.157	3.94E-01	0
39.121	-9.109	4.09E-01	3
39.119	-9.061	4.03E-01	0
39.117	-9.013	3.57E-01	3
39.116	-8.967	3.52E-01	0
39.113	-8.918	3.61E-01	3
39.111	-8.871	3.80E-01	2
39.109	-8.825	3.75E-01	3
39.108	-8.779	3.48E-01	2
39.106	-8.733	3.07E-01	3
39.103	-8.686	3.12E-01	0
39.101	-8.640	3.21E-01	3
39.099	-8.594	3.46E-01	1
39.097	-8.548	3.73E-01	3
39.095	-8.503	3.50E-01	0
39.093	-8.458	3.70E-01	3
39.091	-8.414	3.50E-01	0
39.089	-8.369	3.14E-01	3
39.087	-8.326	2.99E-01	2
39.085	-8.283	3.14E-01	3
39.108	-9.209	3.85E-01	3
39.106	-9.157	3.98E-01	2
39.104	-9.111	4.02E-01	3
39.102	-9.063	4.01E-01	3
39.100	-9.013	3.72E-01	3
39.099	-8.968	3.93E-01	3
39.097	-8.920	3.75E-01	3
39.095	-8.872	3.56E-01	2
39.093	-8.826	3.37E-01	3
39.091	-8.780	3.06E-01	3
39.089	-8.733	3.19E-01	3
39.087	-8.687	3.74E-01	2
39.085	-8.641	3.60E-01	3
39.083	-8.595	3.10E-01	2
39.081	-8.550	3.61E-01	3
39.079	-8.504	3.34E-01	3
39.077	-8.459	3.46E-01	3
39.075	-8.415	3.34E-01	3
39.073	-8.371	3.01E-01	3
39.071	-8.327	3.00E-01	3
39.069	-8.283	3.01E-01	3
39.091	-9.210	3.77E-01	3
39.089	-9.160	4.01E-01	0
39.087	-9.112	3.92E-01	3
39.085	-9.063	3.84E-01	0
39.083	-9.014	3.92E-01	3
39.082	-8.969	3.92E-01	0
39.080	-8.921	3.77E-01	3
39.078	-8.873	3.82E-01	2
39.076	-8.827	3.15E-01	3
39.074	-8.781	3.01E-01	2
39.072	-8.734	3.57E-01	3
39.070	-8.688	3.64E-01	0
39.068	-8.642	3.50E-01	3
39.066	-8.596	3.36E-01	0
39.064	-8.551	3.33E-01	3
39.062	-8.506	3.33E-01	0
39.060	-8.460	3.35E-01	3
39.058	-8.415	3.26E-01	0
39.056	-8.372	3.14E-01	3
39.054	-8.328	3.13E-01	1
39.052	-8.285	3.26E-01	3
39.074	-9.211	3.75E-01	3
39.072	-9.161	3.79E-01	2
39.070	-9.112	3.86E-01	3
39.068	-9.064	3.87E-01	3
39.066	-9.016	3.84E-01	3
39.065	-8.970	4.05E-01	1
39.063	-8.922	3.76E-01	3
39.061	-8.875	4.00E-01	1
39.059	-8.828	3.19E-01	3
39.057	-8.782	2.90E-01	3
39.055	-8.735	3.86E-01	3
39.053	-8.689	3.85E-01	3
39.051	-8.642	3.41E-01	3
39.049	-8.597	2.97E-01	3
39.048	-8.551	3.34E-01	3
39.046	-8.506	3.47E-01	3
39.044	-8.461	3.53E-01	3
39.042	-8.417	3.16E-01	3
39.040	-8.373	3.09E-01	3
39.038	-8.329	3.17E-01	3
39.036	-8.286	3.19E-01	3
39.056	-9.212	4.11E-01	3
39.055	-9.162	4.03E-01	0
39.053	-9.112	3.90E-01	3
39.051	-9.063	3.96E-01	0
39.049	-9.016	3.80E-01	3
39.048	-8.971	3.78E-01	0
39.046	-8.923	3.54E-01	3
39.044	-8.876	3.18E-01	2
39.042	-8.829	2.92E-01	3
39.040	-8.783	3.36E-01	0
39.038	-8.736	3.64E-01	3
39.037	-8.689	3.76E-01	0
39.035	-8.643	3.37E-01	3
39.033	-8.597	3.02E-01	0
39.031	-8.552	3.50E-01	3
39.029	-8.507	3.18E-01	2
39.027	-8.462	3.41E-01	3
39.025	-8.418	3.05E-01	2
39.023	-8.375	3.05E-01	3
39.022	-8.331	3.18E-01	2
39.020	-8.288	3.46E-01	3
39.039	-9.211	4.07E-01	3
39.037	-9.162	4.05E-01	3
39.036	-9.111	4.05E-01	3
39.034	-9.063	3.97E-01	1
39.032	-9.017	3.89E-01	3
39.031	-8.972	3.84E-01	1
39.029	-8.924	2.63E-01	3
39.027	-8.877	2.21E-01	1
39.025	-8.830	2.70E-01	3
39.023	-8.783	3.63E-01	3
39.022	-8.737	3.75E-01	3
39.020	-8.691	3.39E-01	3
39.018	-8.644	3.10E-01	3
39.016	-8.598	3.16E-01	3
39.014	-8.553	3.45E-01	3
39.013	-8.508	3.20E-01	3
39.011	-8.464	3.27E-01	3
39.009	-8.420	3.18E-01	3
39.007	-8.376	3.27E-01	3
39.005	-8.333	3.77E-01	3
39.003	-8.289	3.87E-01	3
39.022	-9.212	3.95E-01	3
39.020	-9.162	4.07E-01	0
39.018	-9.112	4.11E-01	3
39.017	-9.065	4.13E-01	1
39.015	-9.018	3.87E-01	3
39.014	-8.972	3.73E-01	0
39.012	-8.925	2.67E-01	3
39.010	-8.878	3.13E-01	0
39.008	-8.831	3.03E-01	3
39.007	-8.784	3.91E-01	0
39.005	-8.738	3.98E-01	3
39.003	-8.692	3.45E-01	0
39.001	-8.645	3.90E-01	3
39.000	-8.599	3.28E-01	0
38.998	-8.554	3.38E-01	3
38.996	-8.509	3.46E-01	2
38.994	-8.466	3.64E-01	3
38.993	-8.422	3.72E-01	2
38.991	-8.378	3.78E-01	3
38.989	-8.333	3.80E-01	2
38.987	-8.290	3.96E-01	3
39.005	-9.213	4.15E-01	3
39.003	-9.162	4.24E-01	3
39.001	-9.115	4.08E-01	3
39.000	-9.067	4.25E-01	3
38.998	-9.020	4.03E-01	3
38.997	-8.973	3.60E-01	2
38.995	-8.926	2.58E-01	3
38.993	-8.879	2.92E-01	3
38.992	-8.832	3.20E-01	3
38.990	-8.785	3.51E-01	3
38.988	-8.738	4.06E-01	3
38.986	-8.692	3.58E-01	3
38.985	-8.646	3.24E-01	3
38.983	-8.601	3.52E-01	3
38.981	-8.555	3.47E-01	3
38.980	-8.511	3.63E-01	3
38.978	-8.467	3.90E-01	3
38.976	-8.422	3.65E-01	3
38.974	-8.378	3.23E-01	3
38.972	-8.334	3.25E-01	3
38.971	-8.290	3.40E-01	3
39.072	-9.219	3.83E-01	3
39.069	-9.169	3.83E-01	0
39.067	-9.120	3.89E-01	3
39.065	-9.071	3.92E-01	0
39.063	-9.024	3.83E-01	3
39.061	-8.978	4.08E-01	0
39.059	-8.930	3.76E-01	3
39.057	-8.883	4.03E-01	0
39.055	-8.837	3.30E-01	3
39.053	-8.790	2.83E-01	0
39.051	-8.743	3.85E-01	3
39.049	-8.697	3.96E-01	0
39.046	-8.651	3.52E-01	3
39.044	-8.605	3.04E-01	2
39.042	-8.559	3.38E-01	3
39.040	-8.514	3.39E-01	1
39.038	-8.470	3.52E-01	3
39.036	-8.425	3.20E-01	0
39.034	-8.382	3.15E-01	3
39.031	-8.338	3.21E-01	0
39.029	-8.295	3.34E-01	3
39.027	-8.252	3.55E-01	0
39.054	-9.220	4.17E-01	3
39.052	-9.170	4.07E-01	1
39.050	-9.120	3.95E-01	3
39.048	-9.071	3.99E-01	1
39.046	-9.024	3.92E-01	3
39.044	-8.979	3.82E-01	3
39.042	-8.931	3.63E-01	3
39.040	-8.884	2.90E-01	3
39.038	-8.837	2.87E-01	3
39.036	-8.791	3.40E-01	3
39.034	-8.744	3.56E-01	3
39.032	-8.698	3.69E-01	3
39.030	-8.651	3.41E-01	3
39.028	-8.605	3.06E-01	3
39.025	-8.560	3.45E-01	3
39.023	-8.515	3.16E-01	3
39.021	-8.471	3.38E-01	3
39.019	-8.427	3.06E-01	3
39.017	-8.383	3.10E-01	3
39.015	-8.340	3.36E-01	3
39.013	-8.296	3.62E-01	3
39.011	-8.253	3.27E-01	3
39.037	-9.219	4.05E-01	3
39.035	-9.170	4.11E-01	0
39.033	-9.119	4.14E-01	3
39.031	-9.071	4.04E-01	0
39.029	-9.025	3.90E-01	3
39.027	-8.979	3.91E-01	0
39.025	-8.933	2.70E-01	3
39.023	-8.885	2.31E-01	0
39.021	-8.838	2.79E-01	3
39.019	-8.791	3.59E-01	1
39.017	-8.745	3.91E-01	3
39.015	-8.699	3.46E-01	1
39.013	-8.652	3.35E-01	3
39.011	-8.606	3.23E-01	2
39.009	-8.562	3.52E-01	3
39.007	-8.516	3.37E-01	0
39.005	-8.472	3.39E-01	3
39.003	-8.429	3.43E-01	0
39.001	-8.385	3.40E-01	3
38.999	-8.341	3.84E-01	0
38.997	-8.298	4.16E-01	3
38.995	-8.254	3.74E-01	0
39.020	-9.220	3.98E-01	3
39.018	-9.170	4.11E-01	3
39.016	-9.121	4.17E-01	3
39.014	-9.073	4.23E-01	1
39.012	-9.026	3.99E-01	3
39.010	-8.980	3.79E-01	3
39.008	-8.933	2.77E-01	3
39.006	-8.886	3.13E-01	3
39.004	-8.839	3.00E-01	3
39.002	-8.792	3.64E-01	3
39.000	-8.746	4.05E-01	3
38.998	-8.700	3.35E-01	3
38.996	-8.653	3.67E-01	3
38.994	-8.608	3.42E-01	3
38.992	-8.563	3.38E-01	3
38.990	-8.518	3.55E-01	3
38.988	-8.474	3.63E-01	3
38.986	-8.430	3.84E-01	3
38.984	-8.385	3.67E-01	3
38.982	-8.341	3.47E-01	3
38.980	-8.298	3.68E-01	3
38.978	-8.255	3.62E-01	3
39.003	-9.222	4.17E-01	3
39.001	-9.170	4.25E-01	0
38.999	-9.121	4.06E-01	3
38.997	-9.075	4.15E-01	0
38.995	-9.028	4.13E-01	3
38.993	-8.980	3.64E-01	0
38.991	-8.934	2.71E-01	3
38.989	-8.887	2.79E-01	0
38.987	-8.840	3.37E-01	3
38.986	-8.793	3.49E-01	1
38.984	-8.747	4.02E-01	3
38.982	-8.700	4.01E-01	0
38.980	-8.654	3.54E-01	3
38.978	-8.609	3.50E-01	2
38.976	-8.564	3.48E-01	3
38.974	-8.519	3.64E-01	0
38.972	-8.475	3.90E-01	3
38.970	-8.431	3.61E-01	0
38.968	-8.386	3.32E-01	3
38.966	-8.342	3.20E-01	0
38.964	-8.298	3.27E-01	3
38.962	-8.255	3.32E-01	0
38.985	-9.222	4.39E-01	3
38.983	-9.170	4.30E-01	3
38.981	-9.121	4.08E-01	3
38.980	-9.075	3.99E-01	3
38.978	-9.028	3.95E-01	3
38.976	-8.981	3.58E-01	3
38.974	-8.935	2.51E-01	3
38.972	-8.888	3.19E-01	3
38.971	-8.841	3.70E-01	3
38.969	-8.794	3.87E-01	3
38.967	-8.748	3.42E-01	3
38.965	-8.701	3.58E-01	3
38.963	-8.655	3.35E-01	3
38.961	-8.610	3.44E-01	3
38.959	-8.565	3.37E-01	3
38.957	-8.520	3.40E-01	2
38.955	-8.476	4.10E-01	3
38.953	-8.431	3.65E-01	3
38.951	-8.387	3.30E-01	3
38.949	-8.343	3.33E-01	2
38.948	-8.299	3.36E-01	3
38.946	-8.256	3.21E-01	3
38.968	-9.222	4.22E-01	3
38.966	-9.171	4.24E-01	0
38.964	-9.122	4.11E-01	3
38.963	-9.074	3.88E-01	0
38.961	-9.028	4.13E-01	3
38.959	-8.983	3.35E-01	0
38.957	-8.936	3.22E-01	3
38.956	-8.889	3.34E-01	0
38.954	-8.842	3.41E-01	3
38.952	-8.795	3.85E-01	0
38.950	-8.749	3.86E-01	3
38.948	-8.703	3.41E-01	0
38.946	-8.657	3.02E-01	3
38.944	-8.611	3.29E-01	0
38.943	-8.566	3.24E-01	3
38.941	-8.522	3.50E-01	0
38.939	-8.477	3.90E-01	3
38.937	-8.432	3.71E-01	0
38.935	-8.388	3.30E-01	3
38.933	-8.344	3.29E-01	0
38.931	-8.300	3.61E-01	3
38.929	-8.257	3.31E-01	0
38.951	-9.222	4.14E-01	3
38.949	-9.173	4.05E-01	3
38.947	-9.123	3.89E-01	3
38.945	-9.075	3.91E-01	3
38.944	-9.029	3.97E-01	3
38.942	-8.984	2.92E-01	3
38.940	-8.937	3.62E-01	3
38.939	-8.890	3.88E-01	3
38.937	-8.843	3.74E-01	3
38.935	-8.796	4.00E-01	3
38.933	-8.749	3.82E-01	3
38.931	-8.703	4.03E-01	3
38.930	-8.657	3.47E-01	3
38.928	-8.612	3.35E-01	3
38.926	-8.567	3.50E-01	3
38.924	-8.522	3.66E-01	1
38.922	-8.478	3.37E-01	3
38.920	-8.433	3.50E-01	3
38.919	-8.389	3.47E-01	3
38.917	-8.345	3.64E-01	3
38.915	-8.302	3.57E-01	3
38.913	-8.258	3.31E-01	3
38.933	-9.223	3.78E-01	2
38.932	-9.175	4.02E-01	0
38.930	-9.125	3.90E-01	3
38.928	-9.076	3.77E-01	0
38.927	-9.031	3.31E-01	3
38.925	-8.985	2.45E-01	0
38.923	-8.938	3.43E-01	3
38.922	-8.891	4.20E-01	0
38.920	-8.844	3.87E-01	3
38.918	-8.797	4.05E-01	0
38.916	-8.750	3.73E-01	2
38.915	-8.704	3.77E-01	0
38.913	-8.658	3.80E-01	3
38.911	-8.613	3.45E-01	0
38.909	-8.568	3.55E-01	3
38.908	-8.523	3.41E-01	0
38.906	-8.478	3.20E-01	3
38.904	-8.434	3.36E-01	0
38.902	-8.390	3.30E-01	3
38.900	-8.346	3.45E-01	0
38.899	-8.303	3.40E-01	3
38.897	-8.259	3.23E-01	2
38.916	-9.223	3.69E-01	3
38.915	-9.176	3.82E-01	3
38.913	-9.128	3.73E-01	3
38.911	-9.078	3.57E-01	3
38.910	-9.033	3.20E-01	3
38.908	-8.986	2.59E-01	3
38.907	-8.939	2.76E-01	3
38.905	-8.891	4.06E-01	3
38.903	-8.844	3.93E-01	3
38.901	-8.798	3.20E-01	3
38.900	-8.751	3.55E-01	3
38.898	-8.705	3.69E-01	3
38.896	-8.659	3.81E-01	3
38.895	-8.613	3.42E-01	3
38.893	-8.568	3.26E-01	3
38.891	-8.524	3.25E-01	2
38.889	-8.479	3.23E-01	3
38.888	-8.434	3.35E-01	3
38.886	-8.390	3.36E-01	3
38.884	-8.346	3.31E-01	3
38.882	-8.303	3.36E-01	3
38.880	-8.260	3.18E-01	2
38.983	-9.228	4.38E-01	3
38.981	-9.176	4.33E-01	0
38.979	-9.127	4.18E-01	3
38.977	-9.080	4.00E-01	0
38.975	-9.033	4.08E-01	3
38.973	-8.987	3.70E-01	0
38.971	-8.941	2.63E-01	3
38.968	-8.894	3.30E-01	0
38.966	-8.847	3.59E-01	3
38.964	-8.800	4.07E-01	0
38.962	-8.754	3.59E-01	3
38.960	-8.708	3.29E-01	0
38.958	-8.662	3.37E-01	3
38.956	-8.616	3.57E-01	2
38.953	-8.571	3.41E-01	3
38.951	-8.527	3.24E-01	2
38.949	-8.482	4.10E-01	3
38.947	-8.438	3.86E-01	0
38.945	-8.393	3.33E-01	3
38.943	-8.349	3.30E-01	0
38.941	-8.305	3.52E-01	3
38.938	-8.262	3.28E-01	0
38.966	-9.228	4.24E-01	3
38.964	-9.177	4.21E-01	3
38.961	-9.128	4.06E-01	3
38.959	-9.080	3.87E-01	3
38.958	-9.034	4.15E-01	3
38.956	-8.988	3.28E-01	3
38.954	-8.942	3.38E-01	3
38.952	-8.895	3.44E-01	3
38.949	-8.848	3.39E-01	3
38.947	-8.801	3.81E-01	3
38.945	-8.755	3.86E-01	3
38.943	-8.708	3.84E-01	3
38.941	-8.663	3.08E-01	3
38.939	-8.618	3.13E-01	3
38.937	-8.573	3.13E-01	3
38.935	-8.528	3.68E-01	2
38.933	-8.483	3.64E-01	3
38.931	-8.438	3.70E-01	2
38.928	-8.394	3.50E-01	3
38.926	-8.351	3.52E-01	2
38.924	-8.307	3.55E-01	3
38.922	-8.263	3.35E-01	2
38.948	-9.228	4.08E-01	3
38.946	-9.179	4.07E-01	0
38.944	-9.129	3.89E-01	3
38.942	-9.081	3.86E-01	0
38.940	-9.035	3.88E-01	3
38.939	-8.990	2.85E-01	0
38.937	-8.943	3.57E-01	3
38.935	-8.896	3.99E-01	0
38.933	-8.849	3.86E-01	3
38.931	-8.802	4.10E-01	1
38.928	-8.755	3.73E-01	3
38.926	-8.709	4.10E-01	0
38.924	-8.663	3.54E-01	3
38.922	-8.618	3.41E-01	2
38.920	-8.573	3.79E-01	3
38.918	-8.529	3.63E-01	0
38.916	-8.484	3.34E-01	3
38.914	-8.439	3.35E-01	0
38.912	-8.395	3.21E-01	3
38.910	-8.351	3.43E-01	0
38.908	-8.308	3.53E-01	3
38.906	-8.265	3.40E-01	0
38.931	-9.229	3.71E-01	3
38.929	-9.180	4.04E-01	3
38.927	-9.131	3.86E-01	3
38.925	-9.082	3.76E-01	3
38.923	-9.036	3.33E-01	3
38.922	-8.991	2.50E-01	3
38.920	-8.944	3.06E-01	3
38.918	-8.897	4.16E-01	3
38.916	-8.849	3.85E-01	3
38.914	-8.803	3.90E-01	3
38.912	-8.756	3.72E-01	3
38.910	-8.710	3.64E-01	2
38.908	-8.664	3.91E-01	3
38.906	-8.619	3.56E-01	2
38.904	-8.574	3.35E-01	3
38.902	-8.529	3.29E-01	3
38.900	-8.484	3.09E-01	3
38.898	-8.440	3.32E-01	2
38.896	-8.396	3.39E-01	3
38.894	-8.352	3.44E-01	3
38.892	-8.309	3.42E-01	3
38.889	-8.265	3.11E-01	3
38.914	-9.228	3.69E-01	3
38.912	-9.181	3.73E-01	0
38.910	-9.134	3.72E-01	3
38.908	-9.084	3.59E-01	0
38.906	-9.039	3.27E-01	3
38.905	-8.992	2.53E-01	0
38.903	-8.945	2.65E-01	3
38.901	-8.897	3.97E-01	0
38.899	-8.850	3.83E-01	3
38.897	-8.804	3.11E-01	1
38.895	-8.757	3.44E-01	3
38.893	-8.711	3.66E-01	0
38.891	-8.665	3.80E-01	3
38.889	-8.619	3.45E-01	1
38.887	-8.574	3.20E-01	3
38.885	-8.530	3.30E-01	0
38.883	-8.485	3.42E-01	3
38.881	-8.440	3.35E-01	0
38.879	-8.396	3.48E-01	3
38.877	-8.353	3.23E-01	0
38.875	-8.310	3.45E-01	3
38.873	-8.266	3.32E-01	0
38.897	-9.229	3.92E-01	3
38.895	-9.181	3.76E-01	3
38.893	-9.133	3.76E-01	3
38.891	-9.085	3.59E-01	3
38.889	-9.040	3.02E-01	3
38.888	-8.993	2.45E-01	3
38.886	-8.946	3.55E-01	3
38.884	-8.898	4.10E-01	3
38.882	-8.851	3.50E-01	3
38.880	-8.805	3.23E-01	3
38.878	-8.758	3.34E-01	3
38.876	-8.712	3.83E-01	2
38.874	-8.666	3.64E-01	3
38.872	-8.620	3.31E-01	3
38.871	-8.575	3.52E-01	3
38.869	-8.530	3.49E-01	1
38.867	-8.486	3.50E-01	3
38.865	-8.441	3.35E-01	2
38.863	-8.397	3.15E-01	3
38.861	-8.353	3.17E-01	2
38.859	-8.311	3.41E-01	3
38.857	-8.267	3.47E-01	3
38.879	-9.231	3.99E-01	3
38.878	-9.182	4.11E-01	0
38.876	-9.135	3.88E-01	3
38.874	-9.088	3.72E-01	0
38.872	-9.041	3.13E-01	3
38.871	-8.994	3.38E-01	0
38.869	-8.946	4.03E-01	3
38.867	-8.899	3.65E-01	0
38.865	-8.852	4.00E-01	3
38.863	-8.805	3.60E-01	0
38.861	-8.759	3.53E-01	3
38.860	-8.713	3.52E-01	0
38.858	-8.667	3.18E-01	3
38.856	-8.621	3.24E-01	0
38.854	-8.576	3.36E-01	3
38.852	-8.531	3.46E-01	0
38.850	-8.487	3.22E-01	3
38.848	-8.443	3.32E-01	0
38.846	-8.398	3.21E-01	3
38.844	-8.354	3.17E-01	0
38.843	-8.311	3.30E-01	3
38.841	-8.268	3.58E-01	0
38.862	-9.232	4.10E-01	3
38.861	-9.185	4.06E-01	3
38.859	-9.138	3.88E-01	3
38.857	-9.090	3.61E-01	3
38.855	-9.043	2.67E-01	3
38.854	-8.995	2.54E-01	3
38.852	-8.947	4.05E-01	3
38.850	-8.900	4.21E-01	3
38.848	-8.853	3.33E-01	3
38.846	-8.806	3.14E-01	3
38.845	-8.760	2.99E-01	3
38.843	-8.714	3.27E-01	3
38.841	-8.668	3.14E-01	3
38.839	-8.622	3.52E-01	3
38.837	-8.577	3.68E-01	3
38.835	-8.532	3.35E-01	1
38.834	-8.487	3.33E-01	3
38.832	-8.443	3.31E-01	2
38.830	-8.399	3.12E-01	3
38.828	-8.355	3.26E-01	2
38.826	-8.312	3.35E-01	3
38.824	-8.269	3.58E-01	2
38.845	-9.234	4.12E-01	3
38.843	-9.188	3.69E-01	0
38.842	-9.140	4.14E-01	3
38.840	-9.091	3.37E-01	0
38.838	-9.044	1.80E-01	3
38.837	-8.996	1.42E-01	0
38.835	-8.948	2.99E-01	3
38.833	-8.901	4.06E-01	0
38.831	-8.854	3.56E-01	3
38.830	-8.807	3.55E-01	0
38.828	-8.761	3.06E-01	3
38.826	-8.715	3.27E-01	0
38.824	-8.669	3.30E-01	3
38.823	-8.623	3.16E-01	0
38.821	-8.578	3.41E-01	3
38.819	-8.533	3.59E-01	0
38.817	-8.489	3.19E-01	3
38.815	-8.444	3.17E-01	0
38.814	-8.400	3.17E-01	3
38.812	-8.356	3.29E-01	0
38.810	-8.313	3.41E-01	3
38.808	-8.269	3.57E-01	2
38.828	-9.233	3.96E-01	3
38.826	-9.187	3.83E-01	2
38.825	-9.140	3.88E-01	3
38.823	-9.092	2.91E-01	3
38.821	-9.044	8.30E-02	3
38.820	-8.997	7.50E-02	3
38.818	-8.949	2.56E-01	3
38.816	-8.902	3.93E-01	3
38.815	-8.855	3.92E-01	3
38.813	-8.808	3.53E-01	2
38.811	-8.762	3.12E-01	3
38.809	-8.716	3.05E-01	2
38.808	-8.670	3.31E-01	3
38.806	-8.625	3.57E-01	3
38.804	-8.580	3.45E-01	3
38.802	-8.535	3.70E-01	2
38.801	-8.490	3.37E-01	3
38.799	-8.445	3.21E-01	2
38.797	-8.401	3.31E-01	3
38.795	-8.357	3.22E-01	1
38.794	-8.313	3.82E-01	3
38.792	-8.270	4.10E-01	3
38.894	-9.237	4.11E-01	3
38.892	-9.188	3.85E-01	0
38.890	-9.140	3.89E-01	3
38.888	-9.093	3.76E-01	0
38.886	-9.048	3.14E-01	3
38.884	-9.001	2.33E-01	0
38.882	-8.954	3.56E-01	3
38.880	-8.907	3.93E-01	0
38.878	-8.860	3.71E-01	3
38.876	-8.813	3.33E-01	0
38.874	-8.767	3.32E-01	3
38.871	-8.720	3.73E-01	0
38.869	-8.674	3.64E-01	3
38.867	-8.629	3.19E-01	0
38.865	-8.583	3.47E-01	3
38.863	-8.539	3.50E-01	0
38.861	-8.494	3.46E-01	3
38.858	-8.450	3.49E-01	0
38.856	-8.406	3.24E-01	3
38.854	-8.362	3.21E-01	2
38.852	-8.319	3.37E-01	3
38.850	-8.276	3.45E-01	0
38.877	-9.239	3.95E-01	3
38.875	-9.190	4.14E-01	2
38.873	-9.143	3.93E-01	3
38.871	-9.096	3.70E-01	3
38.869	-9.050	3.31E-01	3
38.867	-9.002	3.48E-01	3
38.865	-8.955	4.17E-01	3
38.863	-8.907	3.67E-01	3
38.861	-8.860	4.10E-01	3
38.859	-8.814	3.59E-01	3
38.857	-8.767	3.51E-01	3
38.855	-8.721	3.52E-01	3
38.853	-8.675	3.22E-01	3
38.850	-8.629	3.26E-01	2
38.848	-8.584	3.50E-01	3
38.846	-8.539	3.40E-01	3
38.844	-8.495	3.36E-01	3
38.842	-8.451	3.25E-01	3
38.840	-8.406	3.23E-01	3
38.838	-8.362	3.16E-01	3
38.836	-8.319	3.29E-01	3
38.833	-8.277	3.69E-01	3
38.860	-9.240	4.17E-01	3
38.858	-9.193	4.06E-01	0
38.856	-9.147	3.93E-01	3
38.854	-9.098	3.68E-01	0
38.852	-9.051	2.83E-01	3
38.850	-9.003	1.89E-01	0
38.848	-8.955	3.73E-01	3
38.846	-8.908	4.30E-01	0
38.844	-8.861	3.30E-01	3
38.842	-8.815	3.22E-01	0
38.840	-8.768	2.84E-01	3
38.838	-8.722	3.28E-01	0
38.836	-8.676	3.24E-01	2
38.834	-8.630	3.40E-01	0
38.832	-8.585	3.73E-01	3
38.830	-8.540	3.47E-01	0
38.828	-8.496	3.28E-01	3
38.825	-8.451	3.25E-01	0
38.823	-8.407	3.10E-01	3
38.821	-8.363	3.29E-01	0
38.819	-8.320	3.47E-01	3
38.817	-8.277	3.48E-01	0
38.843	-9.241	4.19E-01	3
38.841	-9.196	3.71E-01	3
38.839	-9.148	4.12E-01	3
38.837	-9.099	3.52E-01	3
38.835	-9.052	1.94E-01	3
38.833	-9.004	1.14E-01	3
38.831	-8.956	2.69E-01	3
38.829	-8.909	3.97E-01	3
38.827	-8.862	3.89E-01	3
38.825	-8.815	3.67E-01	0
38.823	-8.769	3.14E-01	3
38.821	-8.723	3.22E-01	1
38.819	-8.677	3.32E-01	3
38.817	-8.632	3.30E-01	2
38.815	-8.586	3.27E-01	3
38.813	-8.542	3.78E-01	3
38.811	-8.497	3.34E-01	3
38.809	-8.452	3.17E-01	3
38.807	-8.408	3.34E-01	3
38.805	-8.364	3.25E-01	3
38.803	-8.320	3.44E-01	3
38.801	-8.277	3.77E-01	3
38.825	-9.240	3.95E-01	3
38.824	-9.194	3.89E-01	0
38.822	-9.148	3.89E-01	3
38.820	-9.099	3.10E-01	0
38.818	-9.053	9.20E-02	3
38.816	-9.005	5.50E-02	0
38.814	-8.957	2.00E-01	3
38.812	-8.910	3.83E-01	0
38.810	-8.863	3.86E-01	3
38.808	-8.816	3.54E-01	0
38.806	-8.770	3.20E-01	3
38.804	-8.724	3.02E-01	0
38.803	-8.678	3.20E-01	3
38.801	-8.633	3.59E-01	0
38.799	-8.588	3.43E-01	3
38.797	-8.543	3.45E-01	2
38.795	-8.498	3.43E-01	3
38.793	-8.454	3.20E-01	0
38.791	-8.409	3.20E-01	3
38.789	-8.365	3.32E-01	0
38.787	-8.322	4.07E-01	3
38.785	-8.279	4.24E-01	0
38.808	-9.242	3.78E-01	3
38.806	-9.195	3.63E-01	3
38.805	-9.148	3.50E-01	3
38.803	-9.101	2.57E-01	3
38.801	-9.053	4.40E-02	3
38.799	-9.006	3.20E-02	3
38.797	-8.958	1.44E-01	3
38.795	-8.911	3.14E-01	3
38.793	-8.864	3.01E-01	3
38.792	-8.817	3.26E-01	3
38.790	-8.771	3.08E-01	3
38.788	-8.725	3.12E-01	3
38.786	-8.679	3.41E-01	3
38.784	-8.634	3.50E-01	3
38.782	-8.588	3.32E-01	3
38.780	-8.543	3.27E-01	3
38.778	-8.499	3.37E-01	3
38.776	-8.455	3.25E-01	3
38.774	-8.411	3.39E-01	3
38.772	-8.367	3.96E-01	3
38.770	-8.323	4.08E-01	3
38.768	-8.280	3.89E-01	3
38.791	-9.244	3.53E-01	3
38.789	-9.197	3.44E-01	0
38.788	-9.149	3.34E-01	2
38.786	-9.102	2.38E-01	0
38.784	-9.054	3.40E-02	3
38.782	-9.006	4.30E-02	0
38.780	-8.959	1.46E-01	3
38.778	-8.912	3.11E-01	0
38.777	-8.864	3.36E-01	3
38.775	-8.818	3.13E-01	0
38.773	-8.772	3.02E-01	3
38.771	-8.725	3.22E-01	2
38.769	-8.680	3.77E-01	3
38.767	-8.634	3.80E-01	1
38.765	-8.589	3.52E-01	3
38.763	-8.544	3.28E-01	0
38.762	-8.499	3.26E-01	3
38.760	-8.455	3.31E-01	0
38.758	-8.412	3.56E-01	3
38.756	-8.368	4.16E-01	0
38.754	-8.324	3.79E-01	3
38.752	-8.281	3.64E-01	0
38.774	-9.245	3.61E-01	3
38.772	-9.198	3.42E-01	3
38.770	-9.149	3.17E-01	3
38.769	-9.102	2.17E-01	3
38.767	-9.055	2.60E-02	3
38.765	-9.007	5.60E-02	3
38.763	-8.960	1.64E-01	3
38.762	-8.913	3.10E-01	3
38.760	-8.866	3.22E-01	3
38.758	-8.819	3.28E-01	3
38.756	-8.772	3.34E-01	3
38.754	-8.726	3.12E-01	3
38.752	-8.680	3.73E-01	3
38.751	-8.635	3.88E-01	3
38.749	-8.590	3.54E-01	3
38.747	-8.546	3.64E-01	3
38.745	-8.501	3.29E-01	3
38.743	-8.456	3.29E-01	3
38.741	-8.412	3.32E-01	3
38.739	-8.368	4.13E-01	3
38.738	-8.324	3.89E-01	3
38.736	-8.281	3.78E-01	3
38.757	-9.247	3.25E-01	2
38.755	-9.199	3.10E-01	0
38.753	-9.151	3.01E-01	3
38.752	-9.103	2.25E-01	0
38.750	-9.056	2.50E-02	3
38.748	-9.008	7.80E-02	0
38.746	-8.961	2.99E-01	3
38.745	-8.914	3.07E-01	0
38.743	-8.867	3.47E-01	3
38.741	-8.820	3.71E-01	0
38.739	-8.773	3.80E-01	3
38.738	-8.727	3.28E-01	0
38.736	-8.681	3.46E-01	3
38.734	-8.636	3.80E-01	0
38.732	-8.591	3.43E-01	3
38.730	-8.546	3.40E-01	0
38.729	-8.502	3.43E-01	2
38.727	-8.458	3.23E-01	0
38.725	-8.414	3.48E-01	3
38.723	-8.369	4.25E-01	0
38.721	-8.325	4.33E-01	3
38.719	-8.282	4.37E-01	0
38.739	-9.248	3.52E-01	3
38.738	-9.199	2.92E-01	3
38.736	-9.151	2.85E-01	3
38.734	-9.104	1.89E-01	3
38.733	-9.057	3.20E-02	3
38.731	-9.009	2.08E-01	3
38.729	-8.961	3.96E-01	3
38.728	-8.914	3.90E-01	3
38.726	-8.868	3.56E-01	3
38.724	-8.821	3.86E-01	3
38.723	-8.774	4.26E-01	3
38.721	-8.728	3.92E-01	3
38.719	-8.682	3.63E-01	3
38.717	-8.637	3.64E-01	3
38.716	-8.592	3.57E-01	3
38.714	-8.547	3.23E-01	3
38.712	-8.503	3.16E-01	3
38.710	-8.458	3.15E-01	3
38.709	-8.415	3.55E-01	3
38.707	-8.371	4.34E-01	3
38.705	-8.327	4.06E-01	3
38.703	-8.283	4.54E-01	3
38.806	-9.248	3.78E-01	3
38.804	-9.200	3.61E-01	0
38.802	-9.154	3.48E-01	3
38.800	-9.106	2.81E-01	0
38.798	-9.059	5.50E-02	3
38.796	-9.012	2.50E-02	0
38.793	-8.964	1.20E-01	2
38.791	-8.917	3.00E-01	0
38.789	-8.870	3.03E-01	3
38.787	-8.823	3.08E-01	0
38.785	-8.777	3.07E-01	3
38.783	-8.731	3.12E-01	0
38.781	-8.685	3.54E-01	3
38.778	-8.640	3.64E-01	0
38.776	-8.594	3.44E-01	3
38.774	-8.549	3.24E-01	0
38.772	-8.505	3.43E-01	3
38.770	-8.461	3.33E-01	0
38.768	-8.417	3.44E-01	3
38.765	-8.373	3.89E-01	1
38.763	-8.330	3.94E-01	3
38.761	-8.286	3.75E-01	0
38.789	-9.250	3.54E-01	3
38.787	-9.203	3.50E-01	3
38.785	-9.154	3.38E-01	3
38.783	-9.107	2.55E-01	3
38.781	-9.060	4.30E-02	3
38.779	-9.012	4.10E-02	3
38.776	-8.965	1.35E-01	3
38.774	-8.918	2.96E-01	3
38.772	-8.870	3.43E-01	3
38.770	-8.824	3.19E-01	3
38.768	-8.778	3.10E-01	3
38.766	-8.732	3.22E-01	2
38.764	-8.686	3.77E-01	3
38.762	-8.640	3.95E-01	3
38.760	-8.596	3.59E-01	3
38.758	-8.550	3.39E-01	3
38.755	-8.506	3.27E-01	3
38.753	-8.461	3.33E-01	3
38.751	-8.418	3.50E-01	3
38.749	-8.374	4.26E-01	3
38.747	-8.330	3.96E-01	3
38.745	-8.287	3.69E-01	3
38.769	-9.204	3.43E-01	0
38.767	-9.155	3.12E-01	3
38.766	-9.108	2.41E-01	0
38.764	-9.061	3.50E-02	3
38.762	-9.013	4.30E-02	0
38.760	-8.966	1.67E-01	3
38.757	-8.919	2.98E-01	0
38.755	-8.872	3.26E-01	3
38.753	-8.825	3.42E-01	0
38.751	-8.778	3.55E-01	3
38.749	-8.732	3.12E-01	0
38.747	-8.686	3.47E-01	3
38.745	-8.641	3.88E-01	0
38.743	-8.596	3.55E-01	3
38.741	-8.552	3.56E-01	0
38.739	-8.507	3.44E-01	3
38.737	-8.463	3.29E-01	0
38.735	-8.419	3.20E-01	3
38.733	-8.375	4.03E-01	0
38.731	-8.331	4.07E-01	3
38.728	-8.287	3.85E-01	0
38.752	-9.204	3.05E-01	3
38.750	-9.156	2.99E-01	3
38.748	-9.109	2.45E-01	2
38.747	-9.062	3.20E-02	3
38.745	-9.014	8.40E-02	2
38.743	-8.966	3.13E-01	3
38.741	-8.919	3.29E-01	2
38.739	-8.873	3.60E-01	3
38.737	-8.826	3.71E-01	3
38.735	-8.779	3.95E-01	3
38.733	-8.733	3.44E-01	3
38.731	-8.687	3.54E-01	3
38.728	-8.642	3.82E-01	3
38.726	-8.597	3.54E-01	3
38.724	-8.552	3.39E-01	1
38.722	-8.508	3.31E-01	3
38.720	-8.464	3.16E-01	3
38.718	-8.420	3.60E-01	3
38.716	-8.376	4.27E-01	3
38.714	-8.332	4.41E-01	3
38.712	-8.288	4.91E-01	3
38.735	-9.205	2.95E-01	0
38.733	-9.157	2.81E-01	3
38.731	-9.110	2.02E-01	0
38.729	-9.063	3.50E-02	3
38.728	-9.015	2.31E-01	0
38.726	-8.967	3.94E-01	3
38.724	-8.920	4.02E-01	0
38.722	-8.873	3.57E-01	3
38.720	-8.827	3.81E-01	0
38.718	-8.780	4.33E-01	3
38.716	-8.734	4.14E-01	0
38.714	-8.688	3.78E-01	3
38.712	-8.643	3.53E-01	0
38.710	-8.598	3.70E-01	3
38.708	-8.553	3.21E-01	2
38.706	-8.509	3.09E-01	3
38.704	-8.464	3.19E-01	0
38.702	-8.421	3.44E-01	3
38.700	-8.377	4.00E-01	0
38.698	-8.333	3.76E-01	3
38.696	-8.290	3.83E-01	0
38.718	-9.206	2.92E-01	3
38.716	-9.158	2.83E-01	3
38.714	-9.111	1.13E-01	3
38.712	-9.063	8.00E-02	3
38.711	-9.016	3.29E-01	3
38.709	-8.968	3.59E-01	3
38.707	-8.921	3.94E-01	3
38.705	-8.874	3.79E-01	3
38.703	-8.828	3.69E-01	3
38.701	-8.781	4.05E-01	3
38.699	-8.735	4.22E-01	3
38.697	-8.689	3.89E-01	3
38.695	-8.644	3.73E-01	3
38.693	-8.598	3.85E-01	3
38.691	-8.554	3.30E-01	3
38.689	-8.509	3.24E-01	3
38.687	-8.465	3.61E-01	3
38.686	-8.421	4.30E-01	3
38.684	-8.378	4.40E-01	3
38.682	-8.335	3.39E-01	3
38.680	-8.291	3.64E-01	3
38.701	-9.209	2.53E-01	0
38.699	-9.161	1.06E-01	3
38.697	-9.112	1.70E-02	0
38.695	-9.064	5.10E-02	3
38.694	-9.017	1.24E-01	0
38.692	-8.969	2.77E-01	3
38.690	-8.922	4.18E-01	0
38.688	-8.875	3.72E-01	3
38.686	-8.829	3.37E-01	0
38.684	-8.782	3.91E-01	3
38.682	-8.736	3.96E-01	2
38.681	-8.690	3.88E-01	3
38.679	-8.645	4.00E-01	1
38.677	-8.599	3.76E-01	3
38.675	-8.555	3.11E-01	0
38.673	-8.510	3.55E-01	3
38.671	-8.466	3.76E-01	0
38.669	-8.422	3.85E-01	3
38.667	-8.378	4.19E-01	0
38.665	-8.335	3.87E-01	3
38.663	-8.292	3.45E-01	0
38.684	-9.210	5.30E-02	3
38.682	-9.161	1.31E-01	3
38.680	-9.113	2.60E-02	3
38.678	-9.065	8.60E-02	3
38.677	-9.018	2.00E-01	3
38.675	-8.970	3.82E-01	3
38.673	-8.923	4.18E-01	3
38.671	-8.876	4.01E-01	3
38.669	-8.830	3.68E-01	3
38.668	-8.783	3.85E-01	3
38.666	-8.737	4.14E-01	3
38.664	-8.692	3.58E-01	3
38.662	-8.646	3.40E-01	3
38.660	-8.601	3.63E-01	3
38.658	-8.556	3.23E-01	3
38.656	-8.511	3.53E-01	3
38.655	-8.467	4.23E-01	3
38.653	-8.423	4.49E-01	3
38.651	-8.379	4.22E-01	3
38.649	-8.335	3.84E-01	3
38.647	-8.292	3.72E-01	3
38.666	-9.210	3.40E-01	0
38.665	-9.162	2.77E-01	3
38.663	-9.114	7.60E-02	0
38.661	-9.066	2.36E-01	3
38.660	-9.018	2.97E-01	0
38.658	-8.971	3.91E-01	3
38.656	-8.923	4.21E-01	0
38.654	-8.877	4.19E-01	3
38.653	-8.830	3.54E-01	0
38.651	-8.784	3.57E-01	3
38.649	-8.738	4.01E-01	0
38.647	-8.692	3.95E-01	3
38.645	-8.647	3.62E-01	0
38.644	-8.602	3.50E-01	3
38.642	-8.557	3.03E-01	0
38.640	-8.513	3.36E-01	3
38.638	-8.468	4.40E-01	0
38.636	-8.424	4.12E-01	3
38.634	-8.380	3.63E-01	0
38.633	-8.336	3.34E-01	3
38.631	-8.292	3.47E-01	0
38.649	-9.211	3.48E-01	3
38.648	-9.162	3.25E-01	3
38.646	-9.115	2.22E-01	3
38.644	-9.067	2.47E-01	3
38.643	-9.019	3.67E-01	3
38.641	-8.972	4.02E-01	3
38.639	-8.924	4.17E-01	3
38.637	-8.878	4.12E-01	3
38.636	-8.831	3.69E-01	3
38.634	-8.785	3.96E-01	3
38.632	-8.739	3.79E-01	3
38.630	-8.694	3.86E-01	3
38.629	-8.648	3.31E-01	3
38.627	-8.603	3.42E-01	3
38.625	-8.558	3.45E-01	3
38.623	-8.514	3.32E-01	3
38.622	-8.470	4.20E-01	3
38.620	-8.425	4.32E-01	3
38.618	-8.381	3.57E-01	3
38.616	-8.337	3.52E-01	3
38.614	-8.293	3.66E-01	3
38.613	-8.250	3.70E-01	3
38.715	-9.215	3.03E-01	0
38.713	-9.166	2.92E-01	3
38.711	-9.119	1.29E-01	0
38.709	-9.072	5.40E-02	3
38.707	-9.024	2.84E-01	1
38.705	-8.976	3.16E-01	3
38.703	-8.929	3.98E-01	0
38.701	-8.883	3.97E-01	3
38.699	-8.836	3.67E-01	0
38.696	-8.790	4.12E-01	3
38.694	-8.744	4.19E-01	0
38.692	-8.698	4.08E-01	3
38.690	-8.652	3.82E-01	0
38.688	-8.607	3.85E-01	3
38.686	-8.562	3.38E-01	0
38.683	-8.517	3.47E-01	3
38.681	-8.473	3.77E-01	0
38.679	-8.429	4.18E-01	3
38.677	-8.386	4.52E-01	0
38.675	-8.343	3.82E-01	3
38.672	-8.299	3.56E-01	0
38.670	-8.256	4.21E-01	3
38.698	-9.217	2.22E-01	3
38.696	-9.169	9.30E-02	3
38.694	-9.121	1.40E-02	3
38.692	-9.073	3.20E-02	3
38.690	-9.025	1.13E-01	3
38.688	-8.977	2.77E-01	3
38.686	-8.930	4.14E-01	3
38.684	-8.883	3.83E-01	3
38.682	-8.837	3.46E-01	3
38.680	-8.791	3.73E-01	3
38.677	-8.745	4.08E-01	3
38.675	-8.699	3.73E-01	3
38.673	-8.653	4.04E-01	3
38.671	-8.608	3.78E-01	3
38.669	-8.563	3.23E-01	3
38.667	-8.519	3.34E-01	3
38.665	-8.474	3.86E-01	3
38.663	-8.430	4.22E-01	3
38.660	-8.386	4.31E-01	3
38.658	-8.343	3.99E-01	3
38.656	-8.300	3.52E-01	3
38.654	-8.257	4.41E-01	3
38.681	-9.218	7.20E-02	0
38.679	-9.169	1.68E-01	3
38.677	-9.121	4.30E-02	1
38.675	-9.073	9.00E-02	3
38.673	-9.026	1.93E-01	2
38.671	-8.978	3.75E-01	3
38.669	-8.931	4.26E-01	1
38.667	-8.884	4.31E-01	3
38.665	-8.838	3.70E-01	0
38.663	-8.791	3.80E-01	3
38.661	-8.746	4.19E-01	0
38.659	-8.700	3.68E-01	3
38.657	-8.654	3.41E-01	0
38.655	-8.609	3.65E-01	3
38.652	-8.564	3.35E-01	0
38.650	-8.520	3.44E-01	3
38.648	-8.475	4.25E-01	0
38.646	-8.431	4.44E-01	3
38.644	-8.387	3.96E-01	0
38.642	-8.343	3.83E-01	3
38.640	-8.300	3.55E-01	0
38.638	-8.257	3.94E-01	3
38.664	-9.218	3.39E-01	3
38.662	-9.169	3.12E-01	3
38.660	-9.122	1.13E-01	3
38.658	-9.074	2.19E-01	3
38.656	-9.026	3.25E-01	3
38.654	-8.979	3.84E-01	3
38.652	-8.932	4.23E-01	3
38.650	-8.885	4.07E-01	3
38.648	-8.839	3.65E-01	3
38.646	-8.792	3.43E-01	3
38.644	-8.746	3.91E-01	3
38.642	-8.701	4.05E-01	3
38.640	-8.655	3.63E-01	3
38.638	-8.610	3.44E-01	3
38.636	-8.565	3.16E-01	3
38.634	-8.521	3.19E-01	3
38.632	-8.477	4.32E-01	3
38.630	-8.432	4.28E-01	3
38.628	-8.388	3.65E-01	3
38.626	-8.344	3.41E-01	3
38.624	-8.301	3.61E-01	3
38.621	-8.258	3.64E-01	3
38.647	-9.219	3.23E-01	0
38.645	-9.170	3.36E-01	3
38.643	-9.123	2.52E-01	0
38.641	-9.075	2.40E-01	3
38.639	-9.027	3.55E-01	0
38.637	-8.980	4.00E-01	3
38.635	-8.932	4.14E-01	0
38.633	-8.886	4.19E-01	3
38.631	-8.839	3.91E-01	0
38.629	-8.793	4.25E-01	3
38.627	-8.747	3.89E-01	0
38.625	-8.702	3.89E-01	3
38.623	-8.656	3.42E-01	0
38.621	-8.611	3.40E-01	3
38.619	-8.566	3.50E-01	0
38.617	-8.522	3.37E-01	3
38.615	-8.478	3.82E-01	0
38.613	-8.433	4.39E-01	3
38.611	-8.389	3.57E-01	0
38.609	-8.345	3.67E-01	3
38.607	-8.301	3.53E-01	1
38.605	-8.258	3.77E-01	3
38.630	-9.220	2.45E-01	3
38.628	-9.171	3.39E-01	3
38.626	-9.123	3.11E-01	3
38.624	-9.076	2.68E-01	3
38.622	-9.028	3.34E-01	3
38.620	-8.980	3.82E-01	3
38.618	-8.933	3.97E-01	3
38.616	-8.886	4.03E-01	3
38.614	-8.840	4.10E-01	3
38.613	-8.794	4.22E-01	3
38.611	-8.748	4.23E-01	3
38.609	-8.703	4.04E-01	3
38.607	-8.658	3.56E-01	3
38.605	-8.612	3.70E-01	3
38.603	-8.567	3.40E-01	3
38.601	-8.523	3.19E-01	3
38.599	-8.479	3.72E-01	3
38.597	-8.435	4.08E-01	3
38.595	-8.390	3.71E-01	3
38.593	-8.346	3.96E-01	3
38.591	-8.302	3.67E-01	3
38.589	-8.259	3.54E-01	3
38.612	-9.221	1.47E-01	1
38.611	-9.172	3.33E-01	3
38.609	-9.124	3.08E-01	0
38.607	-9.076	2.96E-01	3
38.605	-9.028	3.15E-01	0
38.603	-8.981	3.85E-01	3
38.601	-8.934	3.88E-01	0
38.599	-8.887	3.86E-01	3
38.598	-8.841	3.92E-01	0
38.596	-8.795	4.09E-01	3
38.594	-8.749	3.91E-01	0
38.592	-8.704	3.52E-01	3
38.590	-8.659	3.46E-01	0
38.588	-8.614	3.36E-01	3
38.586	-8.569	3.33E-01	0
38.584	-8.525	3.54E-01	3
38.582	-8.480	3.84E-01	0
38.581	-8.435	3.92E-01	3
38.579	-8.391	4.09E-01	0
38.577	-8.347	4.54E-01	3
38.575	-8.304	4.28E-01	0
38.573	-8.261	4.00E-01	3
38.595	-9.222	8.00E-02	3
38.593	-9.173	2.77E-01	3
38.592	-9.125	2.64E-01	3
38.590	-9.077	3.10E-01	3
38.588	-9.029	3.37E-01	3
38.586	-8.982	3.51E-01	3
38.584	-8.934	3.74E-01	3
38.583	-8.887	3.60E-01	3
38.581	-8.842	3.64E-01	3
38.579	-8.796	4.02E-01	3
38.577	-8.751	3.35E-01	3
38.575	-8.705	3.39E-01	3
38.573	-8.659	3.41E-01	3
38.572	-8.614	3.40E-01	3
38.570	-8.569	3.10E-01	3
38.568	-8.525	3.17E-01	3
38.566	-8.481	3.28E-01	3
38.564	-8.436	3.81E-01	3
38.562	-8.392	3.31E-01	3
38.560	-8.348	4.16E-01	3
38.558	-8.305	4.47E-01	3
38.557	-8.262	4.32E-01	3
38.578	-9.223	4.40E-02	2
38.576	-9.174	2.48E-01	3
38.575	-9.125	2.91E-01	0
38.573	-9.078	3.27E-01	3
38.571	-9.030	3.36E-01	0
38.569	-8.982	3.49E-01	3
38.567	-8.934	3.84E-01	0
38.566	-8.888	3.62E-01	3
38.564	-8.843	3.71E-01	0
38.562	-8.797	3.82E-01	3
38.560	-8.752	3.00E-01	0
38.559	-8.706	3.38E-01	3
38.557	-8.660	3.22E-01	0
38.555	-8.615	3.24E-01	3
38.553	-8.570	3.17E-01	0
38.551	-8.526	3.07E-01	3
38.550	-8.482	3.39E-01	0
38.548	-8.438	3.82E-01	3
38.546	-8.393	3.99E-01	0
38.544	-8.349	4.15E-01	3
38.542	-8.306	3.98E-01	0
38.540	-8.264	4.01E-01	2
38.561	-9.224	1.80E-02	3
38.559	-9.175	1.97E-01	3
38.557	-9.126	2.58E-01	3
38.556	-9.078	3.26E-01	3
38.554	-9.031	3.39E-01	3
38.552	-8.983	3.61E-01	3
38.551	-8.934	3.66E-01	3
38.549	-8.890	3.51E-01	3
38.547	-8.844	3.58E-01	3
38.545	-8.799	2.92E-01	3
38.544	-8.753	2.26E-01	3
38.542	-8.707	3.06E-01	3
38.540	-8.661	3.08E-01	3
38.538	-8.616	3.12E-01	3
38.537	-8.571	2.98E-01	3
38.535	-8.527	3.18E-01	3
38.533	-8.484	3.59E-01	3
38.531	-8.439	4.05E-01	3
38.529	-8.395	4.00E-01	3
38.528	-8.350	3.70E-01	3
38.526	-8.308	3.93E-01	3
38.524	-8.266	4.29E-01	3
38.627	-9.227	1.94E-01	0
38.625	-9.177	3.42E-01	3
38.623	-9.129	3.16E-01	0
38.621	-9.082	2.90E-01	3
38.619	-9.034	3.13E-01	1
38.616	-8.986	3.84E-01	3
38.614	-8.939	3.94E-01	0
38.612	-8.893	3.95E-01	3
38.610	-8.846	4.03E-01	0
38.608	-8.800	4.14E-01	3
38.606	-8.754	4.26E-01	0
38.603	-8.709	3.94E-01	3
38.601	-8.664	3.50E-01	0
38.599	-8.619	3.52E-01	3
38.597	-8.574	3.35E-01	0
38.595	-8.530	3.31E-01	3
38.593	-8.485	3.61E-01	0
38.590	-8.441	3.91E-01	3
38.588	-8.396	4.00E-01	0
38.586	-8.353	4.24E-01	3
38.584	-8.309	4.19E-01	0
38.581	-8.266	3.96E-01	3
38.610	-9.228	1.03E-01	3
38.608	-9.178	3.23E-01	3
38.606	-9.130	3.03E-01	3
38.604	-9.082	2.95E-01	3
38.602	-9.035	3.19E-01	3
38.599	-8.987	3.81E-01	3
38.597	-8.940	3.86E-01	3
38.595	-8.893	3.82E-01	3
38.593	-8.847	3.83E-01	3
38.591	-8.801	4.07E-01	3
38.589	-8.755	3.77E-01	3
38.587	-8.710	3.47E-01	3
38.585	-8.665	3.47E-01	3
38.583	-8.620	3.57E-01	3
38.580	-8.575	3.29E-01	3
38.578	-8.531	3.35E-01	3
38.576	-8.486	3.63E-01	3
38.574	-8.442	3.90E-01	3
38.572	-8.397	3.72E-01	3
38.570	-8.353	4.28E-01	3
38.567	-8.310	4.44E-01	3
38.565	-8.267	4.07E-01	3
38.593	-9.228	5.20E-02	0
38.591	-9.179	2.59E-01	3
38.589	-9.131	2.66E-01	0
38.587	-9.083	3.11E-01	3
38.585	-9.036	3.25E-01	2
38.582	-8.988	3.38E-01	3
38.580	-8.940	3.75E-01	1
38.578	-8.893	3.61E-01	3
38.576	-8.848	3.64E-01	0
38.574	-8.802	3.99E-01	3
38.572	-8.757	3.39E-01	0
38.570	-8.711	3.39E-01	3
38.568	-8.665	3.34E-01	0
38.566	-8.620	3.22E-01	3
38.564	-8.575	3.11E-01	0
38.562	-8.531	3.14E-01	3
38.560	-8.487	3.22E-01	0
38.558	-8.443	3.96E-01	3
38.555	-8.398	3.58E-01	0
38.553	-8.355	3.92E-01	3
38.551	-8.311	4.24E-01	0
38.549	-8.269	4.22E-01	3
38.575	-9.229	2.50E-02	3
38.573	-9.180	2.27E-01	3
38.571	-9.131	2.82E-01	3
38.569	-9.083	3.27E-01	3
38.568	-9.036	3.38E-01	3
38.565	-8.988	3.47E-01	3
38.563	-8.940	3.83E-01	3
38.561	-8.894	3.67E-01	3
38.559	-8.849	3.66E-01	3
38.557	-8.803	3.71E-01	3
38.555	-8.758	2.95E-01	3
38.553	-8.712	3.10E-01	3
38.551	-8.666	3.19E-01	3
38.549	-8.621	3.22E-01	3
38.547	-8.576	3.13E-01	3
38.545	-8.532	3.09E-01	3
38.543	-8.488	3.35E-01	3
38.541	-8.444	3.70E-01	3
38.539	-8.400	4.07E-01	3
38.537	-8.355	4.03E-01	3
38.535	-8.313	4.04E-01	3
38.533	-8.270	4.11E-01	3
38.558	-9.230	1.00E-02	0
38.556	-9.180	1.72E-01	3
38.554	-9.132	2.49E-01	0
38.552	-9.084	3.18E-01	3
38.550	-9.037	3.39E-01	0
38.548	-8.989	3.61E-01	3
38.546	-8.940	3.52E-01	0
38.545	-8.896	3.51E-01	3
38.543	-8.850	3.51E-01	0
38.541	-8.805	2.75E-01	3
38.539	-8.759	1.92E-01	0
38.537	-8.713	3.02E-01	3
38.535	-8.667	3.10E-01	0
38.533	-8.622	3.11E-01	3
38.531	-8.578	2.98E-01	0
38.529	-8.534	3.31E-01	3
38.527	-8.490	3.98E-01	0
38.525	-8.445	4.11E-01	3
38.523	-8.401	3.91E-01	0
38.521	-8.357	3.44E-01	3
38.519	-8.314	3.91E-01	1
38.517	-8.272	4.17E-01	3
38.541	-9.231	0.00E+00	3
38.539	-9.182	1.43E-01	3
38.537	-9.133	2.63E-01	3
38.535	-9.085	2.80E-01	3
38.533	-9.037	3.21E-01	3
38.532	-8.989	3.47E-01	3
38.530	-8.941	3.44E-01	3
38.528	-8.897	3.36E-01	3
38.526	-8.851	3.44E-01	3
38.524	-8.805	2.59E-01	3
38.522	-8.760	1.13E-01	3
38.520	-8.714	2.33E-01	3
38.518	-8.668	2.95E-01	3
38.516	-8.623	3.17E-01	3
38.514	-8.579	3.25E-01	3
38.512	-8.535	3.68E-01	3
38.510	-8.491	3.67E-01	3
38.508	-8.446	3.98E-01	3
38.506	-8.402	3.75E-01	3
38.504	-8.359	3.40E-01	3
38.502	-8.315	4.08E-01	3
38.500	-8.273	3.98E-01	3
38.524	-9.232	0.00E+00	1
38.522	-9.183	1.15E-01	3
38.520	-9.134	2.52E-01	0
38.518	-9.086	2.96E-01	3
38.516	-9.038	3.31E-01	0
38.515	-8.990	3.50E-01	3
38.513	-8.944	2.84E-01	0
38.511	-8.899	9.60E-02	3
38.509	-8.852	1.71E-01	0
38.507	-8.806	2.26E-01	3
38.505	-8.761	1.44E-01	0
38.503	-8.715	2.35E-01	3
38.501	-8.669	3.05E-01	0
38.500	-8.624	3.11E-01	3
38.498	-8.580	3.36E-01	0
38.496	-8.535	3.36E-01	3
38.494	-8.492	3.50E-01	0
38.492	-8.447	3.84E-01	3
38.490	-8.403	3.45E-01	0
38.488	-8.360	3.50E-01	3
38.486	-8.317	4.16E-01	0
38.484	-8.274	4.06E-01	3
38.507	-9.233	0.00E+00	3
38.505	-9.184	1.41E-01	3
38.503	-9.135	2.88E-01	3
38.501	-9.086	2.94E-01	3
38.499	-9.038	3.23E-01	3
38.498	-8.990	3.12E-01	3
38.496	-8.944	2.50E-01	3
38.494	-8.900	9.90E-02	3
38.492	-8.853	5.90E-02	3
38.490	-8.807	2.16E-01	3
38.489	-8.762	1.52E-01	3
38.487	-8.716	2.23E-01	3
38.485	-8.670	2.95E-01	3
38.483	-8.625	3.13E-01	3
38.481	-8.581	3.76E-01	3
38.479	-8.536	3.66E-01	3
38.477	-8.492	3.66E-01	3
38.475	-8.448	3.44E-01	3
38.474	-8.405	3.44E-01	3
38.472	-8.362	3.40E-01	3
38.470	-8.318	4.07E-01	3
38.468	-8.275	3.97E-01	3
38.489	-9.234	0.00E+00	2
38.488	-9.185	1.57E-01	3
38.486	-9.135	3.20E-01	1
38.484	-9.087	3.15E-01	3
38.482	-9.038	3.20E-01	0
38.481	-8.990	2.59E-01	3
38.479	-8.947	8.40E-02	0
38.477	-8.901	1.44E-01	3
38.475	-8.854	7.40E-02	0
38.474	-8.808	6.70E-02	3
38.472	-8.763	5.60E-02	0
38.470	-8.717	2.10E-01	3
38.468	-8.671	3.12E-01	0
38.466	-8.627	3.19E-01	3
38.465	-8.582	3.34E-01	0
38.463	-8.537	3.38E-01	3
38.461	-8.493	3.33E-01	0
38.459	-8.450	4.57E-01	3
38.457	-8.407	4.38E-01	0
38.455	-8.363	3.47E-01	3
38.454	-8.319	3.79E-01	0
38.452	-8.276	4.04E-01	3
38.472	-9.235	0.00E+00	3
38.471	-9.185	1.90E-01	3
38.469	-9.135	3.64E-01	3
38.467	-9.087	3.68E-01	3
38.465	-9.038	3.40E-01	3
38.464	-8.993	1.73E-01	3
38.462	-8.948	0.00E+00	3
38.460	-8.902	3.40E-02	3
38.459	-8.855	1.25E-01	3
38.457	-8.809	1.80E-02	3
38.455	-8.764	4.10E-02	3
38.453	-8.718	2.11E-01	3
38.452	-8.672	2.78E-01	3
38.450	-8.628	3.15E-01	3
38.448	-8.583	3.05E-01	3
38.446	-8.539	3.35E-01	3
38.445	-8.495	3.74E-01	3
38.443	-8.451	4.42E-01	3
38.441	-8.408	4.26E-01	3
38.439	-8.364	3.18E-01	3
38.437	-8.321	3.80E-01	3
38.435	-8.278	3.99E-01	3
38.539	-9.239	0.00E+00	2
38.536	-9.190	1.05E-01	3
38.534	-9.142	2.62E-01	0
38.532	-9.093	2.84E-01	3
38.530	-9.045	3.14E-01	0
38.528	-8.998	3.53E-01	3
38.526	-8.951	3.44E-01	0
38.524	-8.905	3.06E-01	3
38.521	-8.859	3.16E-01	0
38.519	-8.814	2.66E-01	3
38.517	-8.768	1.12E-01	0
38.515	-8.723	1.98E-01	3
38.513	-8.677	2.99E-01	0
38.511	-8.631	3.17E-01	3
38.508	-8.587	3.30E-01	0
38.506	-8.543	3.64E-01	3
38.504	-8.499	3.69E-01	0
38.502	-8.454	3.99E-01	3
38.500	-8.411	3.65E-01	0
38.497	-8.367	3.43E-01	3
38.495	-8.324	4.21E-01	0
38.493	-8.281	4.02E-01	3
38.521	-9.240	0.00E+00	3
38.519	-9.191	8.20E-02	3
38.517	-9.143	2.49E-01	3
38.515	-9.094	2.90E-01	3
38.513	-9.046	3.26E-01	3
38.511	-8.998	3.48E-01	3
38.509	-8.952	2.94E-01	3
38.507	-8.907	8.70E-02	3
38.505	-8.861	9.70E-02	3
38.502	-8.814	2.63E-01	3
38.500	-8.769	1.81E-01	3
38.498	-8.723	2.01E-01	3
38.496	-8.678	3.02E-01	3
38.494	-8.632	3.10E-01	3
38.492	-8.588	3.44E-01	3
38.490	-8.543	3.42E-01	3
38.488	-8.499	3.45E-01	3
38.485	-8.455	3.68E-01	3
38.483	-8.412	3.54E-01	3
38.481	-8.369	3.37E-01	3
38.479	-8.325	4.00E-01	3
38.477	-8.282	3.97E-01	3
38.504	-9.241	0.00E+00	0
38.502	-9.192	1.10E-01	3
38.500	-9.143	2.97E-01	0
38.498	-9.094	2.91E-01	3
38.496	-9.046	3.26E-01	0
38.494	-8.998	3.09E-01	3
38.492	-8.951	2.62E-01	0
38.490	-8.908	1.36E-01	3
38.488	-8.862	5.20E-02	0
38.486	-8.815	1.52E-01	3
38.484	-8.770	1.45E-01	0
38.482	-8.724	1.88E-01	3
38.479	-8.679	3.07E-01	0
38.477	-8.634	3.03E-01	3
38.475	-8.589	3.64E-01	0
38.473	-8.544	3.81E-01	3
38.471	-8.500	3.50E-01	0
38.469	-8.456	3.73E-01	3
38.467	-8.414	3.82E-01	0
38.465	-8.370	3.63E-01	3
38.463	-8.326	3.96E-01	0
38.460	-8.283	4.11E-01	3
38.487	-9.242	0.00E+00	3
38.485	-9.193	1.17E-01	3
38.483	-9.143	3.23E-01	3
38.481	-9.094	3.26E-01	3
38.479	-9.047	3.28E-01	3
38.477	-8.998	2.69E-01	3
38.475	-8.955	5.50E-02	3
38.473	-8.909	9.50E-02	3
38.471	-8.862	9.80E-02	3
38.469	-8.816	2.80E-02	3
38.467	-8.771	4.10E-02	3
38.465	-8.725	1.77E-01	3
38.463	-8.680	2.95E-01	3
38.461	-8.635	3.22E-01	3
38.459	-8.590	3.23E-01	3
38.457	-8.545	3.21E-01	3
38.455	-8.502	3.36E-01	3
38.453	-8.458	4.59E-01	3
38.451	-8.415	4.50E-01	3
38.448	-8.371	3.34E-01	3
38.446	-8.328	3.72E-01	3
38.444	-8.284	3.92E-01	3
38.470	-9.242	0.00E+00	0
38.468	-9.193	1.52E-01	3
38.466	-9.143	3.61E-01	0
38.464	-9.094	3.72E-01	3
38.462	-9.047	3.44E-01	0
38.460	-9.001	1.79E-01	3
38.458	-8.956	0.00E+00	0
38.456	-8.910	0.00E+00	3
38.454	-8.863	1.27E-01	0
38.452	-8.817	5.50E-02	3
38.450	-8.772	2.70E-02	0
38.448	-8.726	1.55E-01	3
38.446	-8.681	2.67E-01	0
38.444	-8.636	3.04E-01	3
38.442	-8.591	3.01E-01	0
38.440	-8.547	3.42E-01	3
38.438	-8.503	3.70E-01	0
38.436	-8.459	4.29E-01	3
38.434	-8.416	4.19E-01	0
38.432	-8.373	3.11E-01	3
38.430	-8.330	3.85E-01	0
38.428	-8.287	3.78E-01	3
38.453	-9.243	8.00E-03	3
38.451	-9.193	2.16E-01	3
38.449	-9.143	3.64E-01	3
38.447	-9.095	3.06E-01	3
38.445	-9.048	2.04E-01	3
38.443	-9.004	2.20E-02	3
38.441	-8.957	0.00E+00	3
38.439	-8.911	0.00E+00	3
38.437	-8.864	5.10E-02	3
38.435	-8.818	1.56E-01	3
38.433	-8.773	1.12E-01	3
38.432	-8.727	4.70E-02	3
38.430	-8.682	1.93E-01	3
38.428	-8.637	2.95E-01	3
38.426	-8.592	3.20E-01	3
38.424	-8.548	3.22E-01	3
38.422	-8.504	3.34E-01	3
38.420	-8.460	4.21E-01	3
38.418	-8.417	4.08E-01	3
38.416	-8.373	2.85E-01	3
38.414	-8.331	3.19E-01	3
38.412	-8.287	3.85E-01	3
38.435	-9.244	2.30E-02	0
38.433	-9.194	2.64E-01	3
38.432	-9.145	2.10E-01	0
38.430	-9.099	4.50E-02	3
38.428	-9.052	9.00E-03	0
38.426	-9.005	0.00E+00	3
38.424	-8.958	0.00E+00	0
38.422	-8.911	0.00E+00	3
38.421	-8.865	0.00E+00	0
38.419	-8.819	1.21E-01	3
38.417	-8.774	1.83E-01	0
38.415	-8.728	2.23E-01	3
38.413	-8.683	1.83E-01	0
38.411	-8.638	1.88E-01	3
38.409	-8.594	2.14E-01	0
38.407	-8.550	2.22E-01	3
38.405	-8.505	3.35E-01	0
38.403	-8.462	4.22E-01	3
38.401	-8.418	3.66E-01	0
38.399	-8.374	3.62E-01	3
38.398	-8.332	4.42E-01	0
38.396	-8.289	4.13E-01	3
38.418	-9.245	3.30E-02	3
38.416	-9.195	1.68E-01	3
38.415	-9.148	1.10E-02	3
38.413	-9.101	0.00E+00	3
38.411	-9.053	0.00E+00	3
38.409	-9.006	0.00E+00	3
38.407	-8.959	0.00E+00	3
38.406	-8.912	0.00E+00	3
38.404	-8.866	0.00E+00	3
38.402	-8.820	9.50E-02	3
38.400	-8.774	2.77E-01	3
38.398	-8.729	3.16E-01	3
38.396	-8.684	2.97E-01	3
38.394	-8.639	2.95E-01	3
38.393	-8.594	3.14E-01	3
38.391	-8.550	2.80E-01	3
38.389	-8.506	3.21E-01	3
38.387	-8.463	3.29E-01	3
38.385	-8.419	3.76E-01	3
38.383	-8.375	3.76E-01	3
38.381	-8.332	4.54E-01	3
38.379	-8.290	4.61E-01	3
38.401	-9.246	0.00E+00	0
38.399	-9.197	0.00E+00	3
38.398	-9.149	0.00E+00	0
38.396	-9.101	0.00E+00	2
38.394	-9.054	0.00E+00	0
38.392	-9.007	0.00E+00	2
38.390	-8.960	0.00E+00	0
38.389	-8.913	0.00E+00	3
38.387	-8.867	0.00E+00	0
38.385	-8.821	6.80E-02	3
38.383	-8.775	2.73E-01	0
38.382	-8.730	2.98E-01	3
38.380	-8.684	2.88E-01	0
38.378	-8.640	2.88E-01	3
38.376	-8.595	2.77E-01	0
38.374	-8.551	2.85E-01	3
38.372	-8.508	3.25E-01	0
38.371	-8.464	3.20E-01	3
38.369	-8.419	3.12E-01	0
38.367	-8.376	3.42E-01	3
38.365	-8.333	3.34E-01	0
38.363	-8.291	3.57E-01	3
38.384	-9.247	0.00E+00	3
38.382	-9.198	0.00E+00	3
38.380	-9.150	0.00E+00	3
38.379	-9.102	0.00E+00	3
38.377	-9.055	0.00E+00	3
38.375	-9.008	0.00E+00	3
38.374	-8.961	0.00E+00	3
38.372	-8.914	0.00E+00	3
38.370	-8.868	0.00E+00	3
38.368	-8.822	3.30E-02	3
38.367	-8.776	2.17E-01	3
38.365	-8.731	2.76E-01	3
38.363	-8.685	3.22E-01	3
38.361	-8.640	2.71E-01	3
38.360	-8.596	2.65E-01	3
38.358	-8.552	3.02E-01	3
38.356	-8.509	3.23E-01	3
38.354	-8.464	3.36E-01	3
38.352	-8.420	3.37E-01	3
38.350	-8.377	3.36E-01	3
38.450	-9.249	0.00E+00	2
38.448	-9.200	1.96E-01	3
38.445	-9.149	3.68E-01	0
38.443	-9.102	2.70E-01	3
38.441	-9.055	1.71E-01	0
38.439	-9.010	1.40E-02	3
38.437	-8.963	0.00E+00	0
38.435	-8.917	0.00E+00	3
38.433	-8.870	1.90E-02	0
38.430	-8.824	1.43E-01	3
38.428	-8.779	1.36E-01	0
38.426	-8.734	7.80E-02	3
38.424	-8.689	1.36E-01	0
38.422	-8.644	2.64E-01	3
38.420	-8.599	3.10E-01	0
38.417	-8.555	2.73E-01	3
38.415	-8.510	3.32E-01	0
38.413	-8.467	4.20E-01	3
38.411	-8.424	4.01E-01	0
38.409	-8.380	3.13E-01	3
38.406	-8.337	3.49E-01	0
38.404	-8.294	3.81E-01	3
38.402	-8.251	4.23E-01	0
38.430	-9.200	2.41E-01	3
38.428	-9.152	1.67E-01	3
38.426	-9.106	2.90E-02	3
38.424	-9.058	0.00E+00	3
38.422	-9.011	0.00E+00	3
38.420	-8.964	0.00E+00	3
38.418	-8.918	0.00E+00	3
38.416	-8.871	0.00E+00	3
38.414	-8.825	9.30E-02	3
38.412	-8.780	2.14E-01	3
38.409	-8.734	2.81E-01	3
38.407	-8.689	2.50E-01	3
38.405	-8.645	2.05E-01	3
38.403	-8.600	2.41E-01	3
38.401	-8.556	2.57E-01	3
38.399	-8.511	3.18E-01	3
38.397	-8.468	3.69E-01	3
38.394	-8.425	3.75E-01	3
38.392	-8.380	3.79E-01	3
38.390	-8.338	4.60E-01	3
38.388	-8.295	4.53E-01	3
38.386	-8.252	4.12E-01	3
38.413	-9.202	1.32E-01	3
38.411	-9.154	1.20E-02	0
38.409	-9.107	0.00E+00	3
38.407	-9.059	0.00E+00	0
38.405	-9.012	0.00E+00	3
38.403	-8.965	0.00E+00	0
38.401	-8.918	0.00E+00	3
38.399	-8.872	0.00E+00	0
38.397	-8.826	6.70E-02	3
38.395	-8.781	2.74E-01	0
38.393	-8.735	3.24E-01	3
38.391	-8.690	3.08E-01	0
38.389	-8.645	2.96E-01	3
38.386	-8.601	2.95E-01	0
38.384	-8.556	2.72E-01	3
38.382	-8.512	3.31E-01	0
38.380	-8.469	3.25E-01	3
38.378	-8.425	3.53E-01	0
38.376	-8.381	3.48E-01	3
38.374	-8.338	3.77E-01	0
38.372	-8.296	4.10E-01	3
38.369	-8.253	4.13E-01	0
38.396	-9.203	0.00E+00	3
38.394	-9.155	0.00E+00	3
38.392	-9.107	0.00E+00	3
38.390	-9.060	0.00E+00	3
38.388	-9.013	0.00E+00	3
38.386	-8.966	0.00E+00	3
38.384	-8.919	0.00E+00	3
38.382	-8.873	0.00E+00	3
38.380	-8.827	3.90E-02	3
38.378	-8.781	2.38E-01	3
38.376	-8.736	2.85E-01	3
38.374	-8.690	2.91E-01	3
38.372	-8.646	2.88E-01	3
38.370	-8.601	2.74E-01	3
38.368	-8.557	2.92E-01	3
38.366	-8.514	3.08E-01	3
38.364	-8.470	3.28E-01	3
38.362	-8.425	3.18E-01	3
38.360	-8.382	3.44E-01	3
38.357	-8.340	3.37E-01	3
38.355	-8.298	3.77E-01	3
38.353	-8.254	4.17E-01	3
38.379	-9.204	0.00E+00	3
38.377	-9.156	0.00E+00	0
38.375	-9.108	0.00E+00	3
38.373	-9.061	0.00E+00	0
38.371	-9.014	0.00E+00	3
38.369	-8.967	0.00E+00	0
38.367	-8.920	0.00E+00	3
38.365	-8.874	0.00E+00	0
38.363	-8.828	1.70E-02	3
38.361	-8.782	1.91E-01	0
38.359	-8.737	2.75E-01	3
38.357	-8.691	3.14E-01	0
38.355	-8.646	2.70E-01	3
38.353	-8.602	2.65E-01	0
38.351	-8.558	2.90E-01	3
38.362	-9.205	0.00E+00	3
38.360	-9.157	0.00E+00	3
38.358	-9.109	0.00E+00	3
38.356	-9.062	0.00E+00	3
38.354	-9.015	0.00E+00	3
38.352	-8.968	0.00E+00	3
38.350	-8.921	0.00E+00	3
38.359	-9.213	0.00E+00	3
38.357	-9.165	0.00E+00	0
38.355	-9.117	0.00E+00	3
38.353	-9.070	0.00E+00	0
38.351	-9.023	0.00E+00	3
