39.349	-8.515	3.25E-01	0
39.347	-8.479	3.41E-01	2
39.345	-8.442	3.36E-01	0
39.343	-8.406	3.41E-01	2
39.341	-8.372	3.22E-01	0
39.340	-8.337	3.40E-01	2
39.338	-8.302	3.53E-01	0
39.336	-8.267	3.39E-01	2
39.349	-8.807	3.51E-01	0
39.347	-8.769	3.62E-01	3
39.345	-8.732	3.61E-01	0
39.343	-8.696	3.75E-01	3
39.341	-8.660	3.68E-01	0
39.340	-8.624	3.66E-01	3
39.338	-8.588	3.38E-01	0
39.336	-8.552	3.49E-01	3
39.334	-8.517	3.42E-01	0
39.332	-8.481	3.47E-01	3
39.330	-8.444	3.28E-01	0
39.328	-8.408	3.37E-01	3
39.327	-8.374	3.36E-01	0
39.325	-8.339	3.68E-01	3
39.323	-8.304	3.56E-01	0
39.321	-8.269	3.50E-01	3
39.348	-8.487	3.39E-01	2
39.346	-8.450	3.37E-01	0
39.344	-8.414	3.43E-01	2
39.342	-8.379	3.26E-01	0
39.340	-8.344	3.31E-01	2
39.338	-8.310	3.57E-01	0
39.336	-8.275	3.46E-01	2
39.350	-8.777	3.61E-01	3
39.348	-8.739	3.62E-01	0
39.346	-8.703	3.77E-01	3
39.344	-8.667	3.70E-01	0
39.342	-8.631	3.68E-01	3
39.340	-8.595	3.49E-01	0
39.338	-8.560	3.46E-01	3
39.336	-8.524	3.44E-01	0
39.333	-8.488	3.47E-01	3
39.331	-8.452	3.34E-01	0
39.329	-8.416	3.29E-01	3
39.327	-8.381	3.38E-01	0
39.325	-8.346	3.60E-01	3
39.323	-8.311	3.57E-01	0
39.321	-8.276	3.50E-01	3
39.349	-9.041	3.95E-01	0
39.347	-9.002	3.81E-01	2
39.345	-8.965	3.62E-01	0
39.343	-8.927	3.51E-01	2
39.341	-8.889	3.49E-01	0
39.339	-8.853	3.60E-01	2
39.337	-8.816	3.59E-01	0
39.335	-8.777	3.72E-01	2
39.333	-8.740	3.61E-01	0
39.331	-8.704	3.64E-01	2
39.329	-8.668	3.65E-01	0
39.327	-8.632	3.62E-01	2
39.325	-8.597	3.25E-01	0
39.323	-8.561	3.01E-01	2
39.321	-8.525	3.28E-01	0
39.319	-8.489	3.54E-01	2
39.316	-8.454	3.33E-01	0
39.314	-8.418	3.55E-01	2
39.312	-8.383	3.64E-01	0
39.310	-8.347	3.45E-01	2
39.308	-8.312	3.31E-01	0
39.306	-8.277	3.38E-01	2
39.343	-9.238	4.18E-01	3
39.341	-9.200	4.09E-01	0
39.339	-9.159	4.03E-01	3
39.337	-9.120	3.96E-01	0
39.335	-9.081	4.00E-01	3
39.333	-9.042	3.90E-01	0
39.331	-9.004	3.88E-01	3
39.329	-8.966	3.52E-01	0
39.327	-8.929	3.53E-01	3
39.325	-8.891	3.53E-01	0
39.323	-8.854	3.48E-01	3
39.321	-8.817	3.63E-01	0
39.319	-8.779	3.81E-01	3
39.317	-8.742	3.73E-01	0
39.315	-8.706	3.68E-01	2
39.313	-8.670	3.67E-01	0
39.312	-8.634	3.59E-01	3
39.310	-8.598	3.02E-01	0
39.308	-8.562	3.13E-01	3
39.306	-8.526	3.52E-01	0
39.303	-8.490	3.46E-01	3
39.301	-8.454	3.41E-01	0
39.299	-8.419	3.28E-01	3
39.297	-8.383	3.47E-01	0
39.295	-8.348	3.48E-01	3
39.293	-8.313	3.52E-01	0
39.291	-8.278	3.46E-01	3
39.327	-9.239	4.28E-01	3
39.326	-9.201	4.38E-01	0
39.324	-9.160	4.04E-01	2
39.322	-9.120	4.15E-01	0
39.320	-9.082	4.02E-01	2
39.318	-9.044	3.96E-01	0
39.316	-9.005	3.90E-01	2
39.314	-8.967	3.56E-01	0
39.312	-8.930	3.47E-01	2
39.310	-8.892	3.69E-01	0
39.308	-8.855	3.67E-01	2
39.306	-8.817	3.64E-01	0
39.304	-8.780	3.75E-01	2
39.302	-8.743	3.73E-01	0
39.300	-8.707	3.73E-01	2
39.298	-8.671	3.73E-01	0
39.296	-8.635	3.52E-01	2
39.294	-8.599	3.03E-01	0
39.293	-8.563	3.72E-01	2
39.291	-8.527	3.61E-01	0
39.288	-8.490	3.34E-01	2
39.286	-8.454	3.29E-01	0
39.285	-8.419	3.38E-01	2
39.283	-8.384	3.38E-01	0
39.281	-8.349	3.27E-01	2
39.279	-8.314	3.34E-01	0
39.277	-8.280	3.29E-01	2
39.312	-9.239	4.57E-01	3
39.310	-9.201	4.20E-01	0
39.308	-9.161	4.53E-01	3
39.306	-9.121	4.48E-01	0
39.304	-9.083	4.18E-01	3
39.302	-9.045	4.02E-01	0
39.300	-9.006	3.94E-01	3
39.298	-8.968	3.69E-01	0
39.297	-8.931	3.72E-01	3
39.295	-8.894	3.76E-01	0
39.293	-8.856	3.64E-01	3
39.291	-8.818	3.80E-01	0
39.289	-8.782	3.81E-01	2
39.287	-8.745	3.86E-01	0
39.285	-8.709	3.77E-01	2
39.283	-8.672	3.66E-01	0
39.281	-8.636	3.47E-01	2
39.279	-8.601	3.69E-01	0
39.277	-8.564	3.81E-01	3
39.276	-8.528	3.62E-01	0
39.274	-8.492	3.59E-01	3
39.272	-8.456	3.40E-01	0
39.270	-8.420	3.38E-01	2
39.268	-8.385	3.27E-01	0
39.266	-8.351	3.46E-01	2
39.264	-8.316	3.38E-01	0
39.262	-8.281	3.53E-01	2
39.296	-9.240	4.68E-01	3
39.294	-9.201	4.72E-01	0
39.292	-9.163	3.94E-01	3
39.291	-9.124	4.35E-01	0
39.289	-9.084	4.38E-01	3
39.287	-9.046	4.04E-01	0
39.285	-9.007	3.96E-01	3
39.283	-8.969	3.63E-01	0
39.281	-8.932	3.58E-01	3
39.279	-8.895	3.61E-01	0
39.277	-8.858	3.59E-01	2
39.276	-8.820	3.82E-01	0
39.274	-8.783	3.80E-01	2
39.272	-8.747	3.76E-01	0
39.270	-8.710	3.61E-01	2
39.268	-8.674	3.57E-01	0
39.266	-8.638	3.27E-01	3
39.264	-8.602	3.30E-01	0
39.262	-8.565	3.62E-01	3
39.260	-8.529	3.71E-01	0
39.259	-8.493	3.61E-01	2
39.257	-8.457	3.41E-01	0
39.255	-8.422	3.32E-01	2
39.253	-8.387	3.59E-01	0
39.251	-8.352	3.42E-01	2
39.249	-8.317	3.53E-01	0
39.247	-8.283	3.43E-01	2
39.280	-9.241	4.88E-01	3
39.279	-9.203	4.68E-01	0
39.277	-9.165	4.48E-01	2
39.275	-9.125	4.43E-01	0
39.273	-9.086	4.37E-01	3
39.271	-9.047	4.43E-01	0
39.269	-9.009	3.85E-01	3
39.268	-8.971	3.62E-01	0
39.266	-8.934	3.40E-01	3
39.264	-8.896	3.63E-01	0
39.262	-8.859	3.81E-01	2
39.260	-8.821	3.87E-01	0
39.258	-8.785	3.67E-01	2
39.257	-8.748	3.64E-01	0
39.255	-8.711	3.50E-01	2
39.253	-8.675	3.51E-01	0
39.251	-8.639	3.45E-01	2
39.249	-8.603	3.36E-01	0
39.247	-8.567	3.70E-01	2
39.245	-8.530	3.59E-01	0
39.244	-8.494	3.61E-01	2
39.242	-8.458	3.34E-01	0
39.240	-8.423	3.57E-01	2
39.238	-8.388	3.39E-01	0
39.236	-8.354	3.39E-01	2
39.234	-8.319	3.44E-01	0
39.232	-8.284	3.38E-01	2
39.231	-8.250	3.55E-01	0
39.333	-9.245	4.19E-01	2
39.330	-9.207	3.98E-01	0
39.328	-9.166	4.03E-01	2
39.326	-9.126	4.24E-01	0
39.324	-9.088	4.03E-01	2
39.322	-9.050	4.00E-01	0
39.320	-9.011	4.04E-01	2
39.317	-8.973	3.61E-01	0
39.315	-8.936	3.54E-01	3
39.313	-8.898	3.62E-01	0
39.311	-8.861	3.56E-01	2
39.309	-8.824	3.57E-01	0
39.307	-8.786	3.75E-01	2
39.304	-8.749	3.73E-01	0
39.302	-8.713	3.80E-01	2
39.300	-8.677	3.77E-01	0
39.298	-8.641	3.71E-01	2
39.296	-8.605	3.04E-01	0
39.294	-8.570	3.61E-01	2
39.292	-8.534	3.68E-01	0
39.289	-8.497	3.41E-01	2
39.287	-8.461	3.30E-01	0
39.285	-8.425	3.38E-01	2
39.283	-8.390	3.50E-01	0
39.281	-8.356	3.27E-01	2
39.278	-8.321	3.38E-01	0
39.276	-8.286	3.35E-01	2
39.274	-8.252	3.40E-01	0
39.317	-9.245	4.51E-01	3
39.315	-9.207	4.15E-01	0
39.313	-9.167	4.06E-01	3
39.310	-9.127	4.32E-01	0
39.308	-9.089	4.11E-01	3
39.306	-9.051	4.04E-01	0
39.304	-9.012	3.95E-01	3
39.302	-8.974	3.68E-01	0
39.300	-8.937	3.64E-01	2
39.298	-8.900	3.73E-01	0
39.296	-8.862	3.68E-01	2
39.293	-8.824	3.78E-01	0
39.291	-8.788	3.86E-01	2
39.289	-8.751	3.82E-01	0
39.287	-8.715	3.77E-01	2
39.285	-8.678	3.66E-01	0
39.283	-8.642	3.55E-01	2
39.281	-8.607	3.62E-01	0
39.279	-8.571	3.86E-01	2
39.277	-8.535	3.64E-01	0
39.274	-8.498	3.62E-01	2
39.272	-8.462	3.43E-01	0
39.270	-8.427	3.36E-01	2
39.268	-8.391	3.30E-01	0
39.266	-8.357	3.46E-01	2
39.264	-8.322	3.40E-01	0
39.262	-8.288	3.50E-01	2
39.259	-8.253	3.46E-01	0
39.301	-9.246	4.60E-01	2
39.299	-9.207	4.73E-01	0
39.297	-9.169	4.16E-01	2
39.295	-9.129	4.43E-01	0
39.293	-9.090	4.41E-01	2
39.291	-9.051	4.06E-01	0
39.289	-9.012	3.87E-01	2
39.287	-8.975	3.52E-01	0
39.285	-8.938	3.59E-01	2
39.282	-8.901	3.67E-01	0
39.280	-8.864	3.64E-01	2
39.278	-8.826	3.77E-01	0
39.276	-8.789	3.82E-01	2
39.274	-8.752	3.77E-01	0
39.272	-8.716	3.67E-01	2
39.270	-8.680	3.61E-01	0
39.268	-8.644	3.31E-01	2
39.266	-8.608	3.30E-01	0
39.264	-8.572	3.65E-01	2
39.262	-8.535	3.70E-01	0
39.259	-8.499	3.64E-01	2
39.257	-8.463	3.46E-01	0
39.255	-8.428	3.28E-01	2
39.253	-8.393	3.58E-01	0
39.251	-8.359	3.40E-01	2
39.249	-8.324	3.53E-01	0
39.247	-8.289	3.45E-01	2
39.245	-8.255	3.53E-01	0
39.285	-9.247	4.96E-01	3
39.283	-9.208	4.80E-01	0
39.281	-9.170	4.21E-01	2
39.279	-9.131	3.98E-01	0
39.277	-9.092	4.31E-01	3
39.275	-9.053	4.36E-01	0
39.273	-9.015	3.98E-01	3
39.271	-8.976	3.65E-01	0
39.269	-8.939	3.41E-01	3
39.267	-8.902	3.60E-01	0
39.265	-8.865	3.72E-01	2
39.263	-8.827	3.88E-01	0
39.261	-8.791	3.72E-01	2
39.259	-8.754	3.67E-01	0
39.257	-8.717	3.53E-01	2
39.255	-8.681	3.53E-01	0
39.253	-8.645	3.44E-01	2
39.251	-8.609	3.33E-01	0
39.249	-8.573	3.62E-01	2
39.246	-8.536	3.62E-01	0
39.244	-8.500	3.60E-01	2
39.242	-8.465	3.39E-01	0
39.240	-8.429	3.53E-01	2
39.238	-8.394	3.41E-01	0
39.236	-8.360	3.38E-01	2
39.234	-8.325	3.45E-01	0
39.232	-8.290	3.33E-01	2
39.230	-8.256	3.54E-01	0
39.270	-9.248	4.37E-01	2
39.268	-9.209	4.87E-01	0
39.266	-9.171	4.81E-01	2
39.264	-9.132	4.52E-01	0
39.262	-9.093	4.16E-01	2
39.260	-9.054	4.15E-01	0
39.258	-9.015	3.87E-01	2
39.256	-8.978	3.67E-01	0
39.254	-8.940	3.40E-01	2
39.252	-8.903	3.47E-01	0
39.250	-8.865	3.90E-01	2
39.248	-8.828	3.80E-01	0
39.246	-8.792	3.65E-01	2
39.244	-8.755	3.44E-01	0
39.242	-8.718	3.55E-01	2
39.240	-8.682	3.32E-01	0
39.238	-8.646	3.04E-01	2
39.236	-8.610	3.62E-01	0
39.234	-8.574	3.85E-01	2
39.232	-8.538	3.57E-01	0
39.229	-8.502	3.30E-01	2
39.227	-8.466	3.40E-01	0
39.225	-8.431	3.41E-01	2
39.223	-8.396	3.44E-01	0
39.221	-8.361	3.31E-01	2
39.219	-8.326	3.47E-01	0
39.217	-8.292	3.39E-01	2
39.215	-8.257	3.44E-01	0
39.254	-9.250	4.50E-01	2
39.252	-9.210	4.86E-01	0
39.250	-9.172	5.41E-01	2
39.248	-9.133	4.65E-01	0
39.246	-9.094	4.12E-01	3
39.244	-9.055	4.07E-01	0
39.242	-9.016	3.85E-01	2
39.240	-8.979	3.77E-01	0
39.238	-8.942	3.44E-01	3
39.236	-8.904	3.66E-01	0
39.234	-8.866	3.85E-01	3
39.232	-8.830	3.84E-01	0
39.230	-8.793	3.68E-01	2
39.228	-8.756	3.55E-01	0
39.227	-8.720	3.59E-01	2
39.224	-8.683	3.29E-01	0
39.223	-8.648	3.51E-01	2
39.221	-8.611	3.71E-01	0
39.219	-8.575	4.09E-01	2
39.216	-8.539	3.81E-01	0
39.214	-8.503	3.34E-01	2
39.212	-8.468	3.41E-01	0
39.210	-8.432	3.49E-01	2
39.208	-8.397	3.39E-01	0
39.206	-8.362	3.34E-01	2
39.204	-8.328	3.39E-01	0
39.202	-8.293	3.45E-01	2
39.200	-8.258	3.39E-01	0
39.237	-9.212	4.81E-01	0
39.235	-9.173	4.98E-01	2
39.233	-9.134	4.98E-01	0
39.231	-9.095	4.12E-01	2
39.229	-9.056	4.24E-01	0
39.227	-9.017	4.13E-01	2
39.225	-8.980	3.85E-01	0
39.223	-8.943	3.52E-01	2
39.221	-8.906	3.53E-01	0
39.219	-8.868	3.81E-01	2
39.217	-8.831	3.75E-01	0
39.215	-8.794	3.47E-01	2
39.213	-8.757	3.55E-01	0
39.211	-8.721	3.64E-01	2
39.209	-8.685	3.35E-01	0
39.207	-8.649	3.52E-01	2
39.205	-8.612	3.60E-01	0
39.203	-8.576	4.00E-01	2
39.201	-8.540	3.87E-01	0
39.199	-8.504	3.62E-01	2
39.198	-8.469	3.44E-01	0
39.196	-8.434	3.50E-01	2
39.194	-8.399	3.37E-01	0
39.192	-8.364	3.35E-01	2
39.190	-8.329	3.38E-01	0
39.188	-8.294	3.26E-01	2
39.186	-8.260	3.25E-01	0
39.221	-9.213	4.72E-01	0
39.219	-9.174	5.06E-01	2
39.217	-9.135	4.92E-01	0
39.215	-9.096	4.54E-01	2
39.213	-9.056	4.21E-01	0
39.211	-9.017	4.15E-01	2
39.209	-8.981	3.79E-01	0
39.208	-8.944	3.85E-01	3
39.206	-8.907	3.86E-01	0
39.204	-8.869	3.91E-01	3
39.202	-8.832	3.73E-01	0
39.200	-8.795	3.66E-01	2
39.198	-8.758	3.73E-01	0
39.196	-8.722	3.61E-01	2
39.194	-8.686	3.53E-01	0
39.192	-8.650	3.66E-01	2
39.190	-8.613	3.87E-01	0
39.188	-8.577	3.84E-01	2
39.186	-8.541	3.63E-01	0
39.185	-8.506	3.55E-01	2
39.183	-8.471	3.52E-01	0
39.181	-8.435	3.67E-01	2
39.179	-8.400	3.55E-01	0
39.177	-8.365	3.57E-01	2
39.175	-8.330	3.33E-01	0
39.173	-8.296	3.29E-01	2
39.171	-8.261	3.40E-01	0
39.205	-9.214	4.14E-01	0
39.203	-9.175	4.48E-01	2
39.202	-9.136	5.37E-01	0
39.200	-9.097	4.79E-01	2
39.198	-9.055	4.22E-01	0
39.196	-9.017	3.73E-01	2
39.194	-8.982	3.63E-01	0
39.192	-8.945	3.85E-01	2
39.190	-8.908	3.57E-01	0
39.188	-8.870	3.79E-01	2
39.187	-8.832	3.77E-01	0
39.185	-8.796	3.89E-01	2
39.183	-8.759	3.64E-01	0
39.181	-8.724	3.38E-01	2
39.179	-8.687	3.36E-01	0
39.177	-8.651	3.82E-01	2
39.175	-8.615	3.92E-01	0
39.173	-8.578	3.78E-01	2
39.171	-8.542	3.64E-01	0
39.170	-8.507	3.61E-01	2
39.168	-8.471	3.37E-01	0
39.166	-8.436	3.30E-01	2
39.164	-8.401	3.33E-01	0
39.162	-8.366	3.08E-01	2
39.160	-8.331	3.18E-01	0
39.158	-8.297	3.39E-01	2
39.156	-8.262	3.48E-01	0
39.190	-9.215	4.86E-01	0
39.188	-9.176	4.12E-01	2
39.186	-9.137	4.31E-01	0
39.184	-9.096	5.05E-01	2
39.182	-9.053	4.38E-01	0
39.180	-9.020	3.89E-01	2
39.179	-8.984	3.43E-01	0
39.177	-8.946	3.44E-01	2
39.175	-8.908	3.59E-01	0
39.173	-8.871	3.75E-01	2
39.171	-8.834	3.70E-01	0
39.169	-8.798	3.67E-01	2
39.168	-8.761	3.61E-01	0
39.166	-8.725	3.55E-01	2
39.164	-8.689	3.41E-01	0
39.162	-8.652	4.01E-01	2
39.160	-8.616	3.92E-01	0
39.158	-8.579	3.52E-01	2
39.156	-8.544	3.69E-01	0
39.155	-8.508	3.69E-01	3
39.153	-8.472	3.37E-01	0
39.151	-8.437	3.28E-01	2
39.149	-8.402	3.39E-01	0
39.147	-8.367	3.25E-01	2
39.145	-8.333	3.31E-01	0
39.143	-8.298	3.44E-01	2
39.141	-8.264	3.39E-01	0
39.242	-9.219	4.82E-01	0
39.240	-9.180	5.04E-01	2
39.238	-9.141	5.19E-01	0
39.235	-9.102	4.45E-01	2
39.233	-9.064	4.27E-01	0
39.231	-9.024	4.21E-01	2
39.229	-8.987	3.97E-01	0
39.227	-8.950	3.59E-01	2
39.225	-8.913	3.56E-01	0
39.222	-8.875	3.81E-01	2
39.220	-8.838	3.81E-01	0
39.218	-8.801	3.55E-01	2
39.216	-8.764	3.54E-01	0
39.214	-8.728	3.65E-01	2
39.212	-8.692	3.43E-01	0
39.209	-8.656	3.46E-01	2
39.207	-8.620	3.50E-01	0
39.205	-8.584	4.07E-01	2
39.203	-8.547	3.96E-01	0
39.201	-8.511	3.69E-01	2
39.199	-8.476	3.49E-01	0
39.196	-8.441	3.50E-01	2
39.194	-8.406	3.42E-01	0
39.192	-8.371	3.40E-01	2
39.190	-8.337	3.43E-01	0
39.188	-8.302	3.27E-01	2
39.185	-8.267	3.31E-01	0
39.226	-9.220	4.53E-01	0
39.224	-9.181	5.07E-01	2
39.222	-9.142	5.23E-01	0
39.220	-9.104	4.39E-01	2
39.218	-9.064	4.36E-01	0
39.215	-9.024	4.12E-01	2
39.213	-8.988	3.91E-01	0
39.211	-8.951	3.82E-01	2
39.209	-8.914	3.69E-01	0
39.207	-8.876	3.93E-01	2
39.205	-8.839	3.75E-01	0
39.203	-8.802	3.69E-01	2
39.201	-8.765	3.70E-01	0
39.199	-8.729	3.66E-01	2
39.196	-8.693	3.55E-01	0
39.194	-8.657	3.75E-01	2
39.192	-8.621	3.84E-01	0
39.190	-8.585	3.84E-01	2
39.188	-8.548	3.76E-01	0
39.186	-8.513	3.59E-01	2
39.184	-8.478	3.52E-01	0
39.181	-8.443	3.69E-01	2
39.179	-8.408	3.59E-01	0
39.177	-8.373	3.61E-01	2
39.175	-8.338	3.38E-01	0
39.173	-8.303	3.30E-01	2
39.171	-8.268	3.39E-01	0
39.211	-9.222	4.44E-01	0
39.208	-9.182	4.58E-01	2
39.206	-9.143	5.21E-01	0
39.204	-9.105	4.80E-01	2
39.202	-9.064	4.17E-01	0
39.200	-9.024	3.92E-01	2
39.198	-8.989	3.71E-01	0
39.196	-8.952	3.90E-01	2
39.194	-8.915	3.78E-01	0
39.192	-8.877	3.86E-01	2
39.190	-8.840	3.82E-01	0
39.188	-8.803	3.85E-01	2
39.185	-8.767	3.77E-01	0
39.183	-8.730	3.44E-01	2
39.181	-8.695	3.46E-01	0
39.179	-8.658	3.69E-01	2
39.177	-8.622	3.96E-01	0
39.175	-8.585	3.66E-01	2
39.173	-8.549	3.64E-01	0
39.171	-8.514	3.65E-01	2
39.169	-8.479	3.42E-01	0
39.167	-8.443	3.34E-01	2
39.164	-8.408	3.33E-01	0
39.162	-8.373	3.13E-01	2
39.160	-8.339	3.15E-01	0
39.158	-8.304	3.37E-01	2
39.156	-8.270	3.48E-01	0
39.195	-9.222	4.53E-01	0
39.193	-9.183	4.00E-01	3
39.191	-9.144	4.32E-01	0
39.189	-9.105	5.14E-01	3
39.186	-9.062	4.51E-01	0
39.184	-9.025	3.93E-01	2
39.183	-8.990	3.39E-01	0
39.181	-8.953	3.53E-01	2
39.178	-8.916	3.55E-01	0
39.176	-8.878	3.72E-01	2
39.174	-8.841	3.68E-01	0
39.172	-8.804	3.75E-01	2
39.170	-8.768	3.70E-01	0
39.168	-8.732	3.47E-01	2
39.166	-8.696	3.41E-01	0
39.164	-8.659	3.80E-01	2
39.162	-8.623	4.04E-01	0
39.160	-8.586	3.60E-01	2
39.158	-8.551	3.69E-01	0
39.156	-8.516	3.75E-01	2
39.154	-8.480	3.43E-01	0
39.152	-8.444	3.28E-01	3
39.150	-8.409	3.38E-01	0
39.147	-8.375	3.27E-01	3
39.145	-8.340	3.28E-01	0
39.143	-8.305	3.43E-01	3
39.141	-8.271	3.41E-01	0
39.179	-9.224	4.56E-01	0
39.177	-9.184	4.52E-01	2
39.175	-9.145	4.08E-01	0
39.173	-9.104	4.55E-01	2
39.171	-9.062	4.63E-01	0
39.169	-9.028	3.66E-01	2
39.167	-8.992	3.37E-01	0
39.165	-8.955	3.37E-01	2
39.163	-8.917	3.59E-01	0
39.161	-8.879	3.72E-01	2
39.159	-8.843	3.76E-01	0
39.157	-8.806	3.73E-01	2
39.155	-8.769	3.65E-01	0
39.153	-8.733	3.65E-01	2
39.151	-8.697	3.27E-01	0
39.149	-8.661	4.05E-01	2
39.147	-8.624	3.86E-01	0
39.145	-8.587	3.46E-01	2
39.143	-8.552	3.60E-01	0
39.141	-8.517	3.42E-01	2
39.139	-8.481	3.42E-01	0
39.137	-8.446	3.40E-01	2
39.135	-8.411	3.39E-01	0
39.133	-8.376	3.39E-01	2
39.131	-8.341	3.52E-01	0
39.129	-8.307	3.25E-01	2
39.127	-8.272	3.24E-01	0
39.164	-9.225	4.19E-01	0
39.162	-9.185	4.72E-01	2
39.160	-9.146	4.29E-01	0
39.158	-9.105	4.31E-01	3
39.156	-9.068	3.89E-01	0
39.154	-9.031	3.79E-01	3
39.152	-8.993	3.62E-01	0
39.150	-8.956	3.63E-01	3
39.148	-8.919	3.73E-01	0
39.146	-8.881	3.76E-01	3
39.144	-8.844	3.70E-01	0
39.142	-8.807	3.68E-01	2
39.140	-8.771	3.53E-01	0
39.138	-8.735	3.38E-01	2
39.136	-8.698	3.52E-01	0
39.134	-8.662	4.13E-01	2
39.132	-8.625	3.79E-01	0
39.130	-8.589	3.35E-01	2
39.128	-8.554	3.34E-01	0
39.126	-8.518	3.53E-01	2
39.124	-8.483	3.31E-01	0
39.122	-8.447	3.52E-01	3
39.120	-8.412	3.43E-01	0
39.118	-8.377	3.49E-01	3
39.116	-8.342	3.41E-01	0
39.114	-8.308	3.25E-01	3
39.112	-8.274	3.16E-01	0
39.148	-9.226	4.24E-01	0
39.146	-9.187	4.42E-01	2
39.144	-9.146	4.85E-01	0
39.142	-9.107	4.11E-01	2
39.140	-9.070	4.07E-01	0
39.138	-9.032	3.89E-01	2
39.136	-8.995	3.67E-01	0
39.134	-8.957	3.66E-01	2
39.132	-8.920	3.72E-01	0
39.131	-8.882	3.78E-01	2
39.129	-8.845	3.72E-01	0
39.127	-8.809	3.57E-01	2
39.125	-8.772	3.50E-01	0
39.123	-8.736	3.49E-01	2
39.121	-8.699	3.65E-01	0
39.119	-8.663	3.87E-01	2
39.117	-8.627	3.57E-01	0
39.115	-8.591	3.32E-01	2
39.113	-8.555	3.68E-01	0
39.111	-8.519	3.58E-01	2
39.109	-8.484	3.45E-01	0
39.107	-8.448	3.45E-01	2
39.105	-8.413	3.47E-01	0
39.103	-8.378	3.59E-01	2
39.101	-8.344	3.50E-01	0
39.099	-8.310	3.24E-01	2
39.097	-8.275	3.16E-01	0
39.132	-9.227	4.19E-01	0
39.130	-9.188	4.92E-01	2
39.128	-9.146	4.40E-01	0
39.127	-9.109	3.97E-01	3
39.125	-9.071	3.86E-01	0
39.123	-9.033	3.77E-01	2
39.121	-8.996	3.56E-01	0
39.119	-8.959	3.49E-01	2
39.117	-8.921	3.57E-01	0
39.115	-8.883	3.69E-01	2
39.113	-8.846	3.62E-01	0
39.111	-8.810	3.64E-01	2
39.109	-8.774	3.30E-01	0
39.108	-8.737	3.32E-01	2
39.106	-8.701	2.98E-01	0
39.104	-8.664	2.71E-01	2
39.102	-8.628	3.20E-01	0
39.100	-8.592	3.60E-01	3
39.098	-8.556	3.68E-01	0
39.096	-8.520	3.58E-01	2
39.094	-8.485	3.61E-01	0
39.092	-8.449	3.64E-01	3
39.090	-8.414	3.51E-01	0
39.088	-8.379	3.24E-01	3
39.086	-8.345	3.21E-01	0
39.084	-8.311	3.27E-01	3
39.082	-8.276	3.40E-01	0
39.117	-9.228	4.69E-01	0
39.115	-9.187	4.66E-01	2
39.113	-9.147	4.61E-01	0
39.111	-9.111	4.14E-01	3
39.109	-9.073	3.96E-01	0
39.107	-9.034	3.83E-01	3
39.106	-8.997	3.43E-01	0
39.104	-8.960	3.60E-01	3
39.102	-8.922	3.50E-01	0
39.100	-8.885	3.55E-01	3
39.098	-8.848	3.40E-01	0
39.096	-8.811	3.23E-01	2
39.094	-8.775	3.07E-01	0
39.092	-8.738	3.21E-01	2
39.090	-8.702	3.53E-01	0
39.089	-8.665	3.51E-01	2
39.087	-8.629	3.42E-01	0
39.085	-8.593	3.37E-01	2
39.083	-8.557	3.51E-01	0
39.081	-8.522	3.46E-01	3
39.079	-8.486	3.43E-01	0
39.077	-8.451	3.57E-01	2
39.075	-8.416	3.35E-01	0
39.073	-8.381	3.21E-01	2
39.071	-8.347	3.27E-01	0
39.069	-8.312	3.31E-01	2
39.068	-8.278	3.23E-01	0
39.101	-9.229	4.67E-01	0
39.099	-9.188	5.46E-01	2
39.097	-9.149	4.47E-01	0
39.096	-9.112	4.04E-01	2
39.094	-9.074	3.87E-01	0
39.092	-9.035	3.91E-01	2
39.090	-8.998	3.78E-01	0
39.088	-8.962	3.60E-01	2
39.086	-8.923	3.54E-01	0
39.085	-8.886	3.76E-01	2
39.083	-8.849	3.26E-01	0
39.081	-8.813	2.62E-01	3
39.079	-8.776	3.15E-01	0
39.077	-8.739	3.25E-01	2
39.075	-8.703	3.77E-01	0
39.073	-8.666	3.59E-01	2
39.072	-8.630	3.60E-01	0
39.070	-8.594	3.50E-01	3
39.068	-8.559	3.55E-01	0
39.066	-8.523	3.49E-01	3
39.064	-8.488	3.41E-01	0
39.062	-8.452	3.37E-01	3
39.060	-8.417	3.35E-01	0
39.058	-8.382	3.37E-01	2
39.057	-8.348	3.18E-01	0
39.055	-8.313	3.32E-01	3
39.053	-8.279	3.30E-01	0
39.153	-9.232	4.18E-01	0
39.151	-9.192	4.44E-01	2
39.149	-9.153	4.89E-01	0
39.146	-9.113	3.97E-01	2
39.144	-9.076	4.11E-01	0
39.142	-9.038	3.82E-01	2
39.140	-9.000	3.72E-01	0
39.138	-8.963	3.66E-01	2
39.136	-8.926	3.75E-01	0
39.133	-8.888	3.76E-01	2
39.131	-8.851	3.78E-01	0
39.129	-8.814	3.62E-01	2
39.127	-8.778	3.60E-01	0
39.125	-8.742	3.51E-01	2
39.123	-8.705	3.64E-01	0
39.120	-8.669	4.05E-01	2
39.118	-8.633	3.70E-01	0
39.116	-8.597	3.30E-01	2
39.114	-8.561	3.64E-01	0
39.112	-8.525	3.70E-01	2
39.110	-8.490	3.44E-01	0
39.107	-8.454	3.48E-01	2
39.105	-8.419	3.46E-01	0
39.103	-8.384	3.62E-01	2
39.101	-8.350	3.54E-01	0
39.099	-8.316	3.33E-01	2
39.097	-8.281	3.22E-01	0
39.137	-9.233	4.21E-01	0
39.135	-9.194	4.52E-01	2
39.133	-9.152	4.45E-01	0
39.131	-9.114	4.14E-01	2
39.129	-9.077	3.92E-01	0
39.127	-9.039	3.85E-01	3
39.125	-9.001	3.69E-01	0
39.122	-8.965	3.52E-01	2
39.120	-8.927	3.59E-01	0
39.118	-8.889	3.73E-01	3
39.116	-8.852	3.68E-01	0
39.114	-8.816	3.65E-01	3
39.112	-8.779	3.36E-01	0
39.110	-8.743	3.32E-01	3
39.108	-8.707	2.99E-01	0
39.105	-8.670	2.71E-01	3
39.103	-8.634	3.11E-01	0
39.101	-8.598	3.60E-01	3
39.099	-8.562	3.70E-01	0
39.097	-8.526	3.59E-01	3
39.095	-8.491	3.59E-01	0
39.092	-8.455	3.64E-01	3
39.090	-8.420	3.58E-01	0
39.088	-8.385	3.26E-01	2
39.086	-8.351	3.23E-01	0
39.084	-8.317	3.24E-01	3
39.082	-8.283	3.36E-01	0
39.122	-9.234	4.67E-01	0
39.120	-9.194	4.51E-01	2
39.117	-9.153	4.73E-01	0
39.115	-9.116	4.29E-01	2
39.113	-9.078	4.00E-01	0
39.111	-9.040	3.83E-01	2
39.109	-9.002	3.36E-01	0
39.107	-8.966	3.59E-01	2
39.105	-8.928	3.47E-01	0
39.103	-8.890	3.59E-01	2
39.101	-8.854	3.47E-01	0
39.099	-8.817	3.34E-01	2
39.097	-8.781	3.08E-01	0
39.095	-8.744	3.21E-01	2
39.092	-8.708	3.48E-01	0
39.090	-8.671	3.48E-01	2
39.088	-8.635	3.44E-01	0
39.086	-8.599	3.34E-01	2
39.084	-8.563	3.53E-01	0
39.082	-8.527	3.51E-01	2
39.080	-8.492	3.45E-01	0
39.078	-8.457	3.57E-01	2
39.075	-8.422	3.42E-01	0
39.073	-8.387	3.21E-01	2
39.071	-8.353	3.27E-01	0
39.069	-8.318	3.28E-01	2
39.067	-8.284	3.24E-01	0
39.106	-9.235	4.50E-01	0
39.104	-9.194	4.76E-01	2
39.102	-9.154	4.18E-01	0
39.100	-9.117	4.13E-01	2
39.098	-9.080	3.86E-01	0
39.096	-9.041	3.87E-01	2
39.094	-9.003	3.78E-01	0
39.092	-8.967	3.56E-01	3
39.090	-8.929	3.55E-01	0
39.088	-8.892	3.71E-01	2
39.086	-8.855	3.39E-01	0
39.083	-8.819	2.69E-01	2
39.081	-8.782	3.07E-01	0
39.079	-8.745	3.19E-01	2
39.077	-8.709	3.72E-01	0
39.075	-8.672	3.61E-01	2
39.073	-8.636	3.62E-01	0
39.071	-8.600	3.50E-01	3
39.069	-8.565	3.52E-01	0
39.067	-8.529	3.47E-01	3
39.065	-8.494	3.40E-01	0
39.063	-8.458	3.35E-01	3
39.061	-8.423	3.36E-01	0
39.058	-8.388	3.36E-01	2
39.056	-8.354	3.19E-01	0
39.054	-8.319	3.29E-01	3
39.052	-8.285	3.24E-01	0
39.050	-8.252	3.48E-01	3
39.090	-9.236	4.45E-01	0
39.088	-9.196	4.34E-01	2
39.086	-9.157	4.29E-01	0
39.084	-9.118	4.31E-01	2
39.082	-9.080	3.86E-01	0
39.080	-9.042	3.97E-01	2
39.078	-9.004	3.83E-01	0
39.076	-8.968	3.68E-01	2
39.074	-8.931	3.47E-01	0
39.072	-8.893	3.60E-01	2
39.070	-8.857	3.19E-01	0
39.068	-8.820	2.84E-01	2
39.066	-8.783	3.31E-01	0
39.064	-8.746	3.48E-01	2
39.062	-8.710	3.85E-01	0
39.060	-8.673	3.60E-01	2
39.058	-8.637	3.41E-01	0
39.056	-8.601	3.33E-01	2
39.054	-8.566	3.46E-01	0
39.052	-8.530	3.54E-01	2
39.050	-8.495	3.40E-01	0
39.048	-8.459	3.49E-01	2
39.046	-8.424	3.26E-01	0
39.044	-8.390	3.22E-01	2
39.042	-8.355	3.28E-01	0
39.040	-8.321	3.33E-01	2
39.038	-8.287	3.35E-01	0
39.036	-8.253	3.35E-01	2
39.075	-9.237	4.85E-01	0
39.073	-9.198	4.41E-01	2
39.071	-9.158	4.10E-01	0
39.069	-9.119	4.33E-01	2
39.067	-9.081	4.25E-01	0
39.065	-9.043	3.98E-01	2
39.063	-9.006	3.60E-01	0
39.061	-8.970	3.63E-01	2
39.059	-8.932	3.32E-01	0
39.057	-8.895	3.30E-01	2
39.055	-8.858	2.82E-01	0
39.053	-8.821	3.23E-01	3
39.051	-8.784	2.99E-01	0
39.049	-8.748	3.52E-01	3
39.047	-8.711	3.70E-01	0
39.045	-8.675	3.49E-01	3
39.043	-8.638	3.35E-01	0
39.041	-8.602	3.07E-01	3
39.039	-8.566	3.43E-01	0
39.037	-8.531	3.36E-01	3
39.035	-8.496	3.32E-01	0
39.033	-8.460	3.36E-01	3
39.031	-8.426	3.18E-01	0
39.029	-8.391	3.27E-01	3
39.027	-8.357	3.24E-01	0
39.025	-8.322	3.37E-01	3
39.023	-8.289	3.56E-01	0
39.021	-8.255	3.52E-01	3
39.059	-9.237	4.84E-01	0
39.057	-9.199	4.89E-01	2
39.055	-9.160	4.06E-01	0
39.053	-9.120	4.13E-01	2
39.051	-9.081	4.02E-01	0
39.049	-9.043	3.87E-01	2
39.047	-9.007	3.60E-01	0
39.046	-8.971	3.68E-01	2
39.044	-8.933	3.36E-01	0
39.042	-8.896	2.41E-01	2
39.040	-8.859	3.22E-01	0
39.038	-8.822	3.44E-01	2
39.036	-8.785	3.53E-01	0
39.034	-8.749	3.35E-01	2
39.032	-8.712	3.48E-01	0
39.030	-8.676	3.54E-01	2
39.028	-8.639	3.33E-01	0
39.026	-8.603	3.31E-01	2
39.024	-8.568	3.48E-01	0
39.022	-8.532	3.20E-01	2
39.020	-8.497	3.22E-01	0
39.018	-8.462	3.34E-01	2
39.016	-8.427	3.34E-01	0
39.014	-8.393	3.36E-01	2
39.012	-8.359	3.27E-01	0
39.010	-8.325	3.32E-01	2
39.008	-8.290	3.62E-01	0
39.006	-8.256	3.31E-01	2
39.043	-9.238	4.81E-01	0
39.042	-9.199	4.80E-01	2
39.040	-9.160	4.75E-01	0
39.038	-9.120	4.21E-01	2
39.036	-9.082	3.93E-01	0
39.034	-9.045	3.92E-01	2
39.032	-9.008	3.67E-01	0
39.030	-8.972	3.45E-01	2
39.028	-8.935	2.65E-01	0
39.026	-8.897	2.05E-01	2
39.024	-8.860	2.42E-01	0
39.023	-8.823	2.66E-01	3
39.021	-8.787	3.32E-01	0
39.019	-8.750	3.65E-01	3
39.017	-8.714	3.28E-01	0
39.015	-8.677	3.45E-01	3
39.013	-8.641	3.27E-01	0
39.011	-8.605	3.42E-01	3
39.009	-8.569	3.53E-01	0
39.007	-8.534	3.40E-01	3
39.005	-8.498	3.44E-01	0
39.003	-8.464	3.47E-01	3
39.001	-8.429	3.43E-01	0
38.999	-8.395	3.34E-01	3
38.997	-8.360	3.48E-01	0
38.995	-8.326	3.67E-01	3
38.993	-8.292	3.85E-01	0
38.991	-8.258	3.65E-01	3
39.028	-9.240	4.32E-01	0
39.026	-9.199	4.28E-01	2
39.024	-9.160	4.26E-01	0
39.022	-9.121	4.29E-01	2
39.020	-9.083	4.07E-01	0
39.018	-9.046	3.92E-01	2
39.017	-9.009	3.67E-01	0
39.015	-8.973	3.47E-01	2
39.013	-8.936	2.48E-01	0
39.011	-8.899	2.82E-01	2
39.009	-8.862	3.16E-01	0
39.007	-8.825	2.51E-01	2
39.005	-8.788	3.67E-01	0
39.003	-8.751	3.71E-01	2
39.002	-8.715	3.55E-01	0
39.000	-8.678	3.27E-01	2
38.998	-8.642	3.61E-01	0
38.996	-8.606	3.64E-01	2
38.994	-8.571	3.47E-01	0
38.992	-8.535	3.46E-01	2
38.990	-8.500	3.40E-01	0
38.988	-8.466	3.52E-01	2
38.986	-8.431	3.40E-01	0
38.984	-8.396	3.37E-01	2
38.982	-8.361	3.37E-01	0
38.981	-8.326	3.48E-01	2
38.979	-8.292	3.44E-01	0
38.977	-8.258	3.32E-01	2
39.012	-9.241	4.83E-01	0
39.010	-9.201	4.44E-01	3
39.008	-9.161	4.57E-01	0
39.007	-9.123	4.18E-01	3
39.005	-9.086	4.02E-01	0
39.003	-9.048	3.92E-01	3
39.001	-9.011	3.69E-01	0
38.999	-8.974	3.36E-01	2
38.998	-8.937	2.52E-01	0
38.996	-8.900	2.99E-01	2
38.994	-8.863	2.83E-01	0
38.992	-8.826	2.64E-01	3
38.990	-8.789	3.03E-01	0
38.988	-8.752	3.75E-01	3
38.986	-8.716	3.84E-01	0
38.985	-8.680	3.54E-01	3
38.983	-8.643	3.44E-01	0
38.981	-8.608	3.42E-01	3
38.979	-8.572	3.46E-01	0
38.977	-8.536	3.53E-01	3
38.975	-8.502	3.40E-01	0
38.973	-8.467	3.60E-01	3
38.971	-8.432	3.54E-01	0
38.970	-8.397	3.43E-01	3
38.968	-8.362	3.39E-01	0
38.966	-8.328	3.37E-01	3
38.964	-8.293	3.43E-01	0
38.962	-8.259	3.62E-01	3
39.064	-9.245	4.74E-01	0
39.062	-9.206	4.74E-01	2
39.060	-9.167	4.17E-01	0
39.058	-9.128	4.14E-01	2
39.056	-9.089	4.19E-01	0
39.053	-9.051	3.92E-01	2
39.051	-9.014	3.65E-01	0
39.049	-8.978	3.77E-01	2
39.047	-8.941	3.51E-01	0
39.045	-8.904	2.67E-01	2
39.043	-8.867	2.95E-01	0
39.041	-8.830	3.50E-01	2
39.038	-8.793	3.52E-01	0
39.036	-8.756	3.29E-01	2
39.034	-8.720	3.54E-01	0
39.032	-8.683	3.64E-01	2
39.030	-8.647	3.47E-01	0
39.027	-8.611	3.27E-01	2
39.025	-8.575	3.48E-01	0
39.023	-8.540	3.31E-01	2
39.021	-8.504	3.23E-01	0
39.019	-8.469	3.37E-01	2
39.017	-8.435	3.35E-01	0
39.014	-8.400	3.41E-01	2
39.012	-8.366	3.34E-01	0
39.010	-8.332	3.27E-01	2
39.008	-8.298	3.67E-01	0
39.006	-8.264	3.41E-01	2
39.049	-9.246	4.74E-01	0
39.047	-9.206	4.88E-01	3
39.044	-9.168	4.76E-01	0
39.042	-9.128	4.32E-01	3
39.040	-9.089	4.15E-01	0
39.038	-9.052	3.96E-01	3
39.036	-9.015	3.73E-01	0
39.034	-8.979	3.53E-01	3
39.032	-8.942	3.02E-01	0
39.030	-8.905	1.98E-01	3
39.027	-8.868	2.33E-01	0
39.025	-8.831	2.64E-01	3
39.023	-8.794	3.19E-01	0
39.021	-8.757	3.73E-01	3
39.019	-8.721	3.23E-01	0
39.017	-8.685	3.43E-01	3
39.015	-8.648	3.23E-01	0
39.012	-8.612	3.39E-01	3
39.010	-8.576	3.54E-01	0
39.008	-8.541	3.49E-01	3
39.006	-8.506	3.40E-01	0
39.004	-8.471	3.49E-01	3
39.002	-8.437	3.42E-01	0
39.000	-8.402	3.40E-01	3
38.997	-8.368	3.42E-01	0
38.995	-8.333	3.67E-01	3
38.993	-8.299	3.90E-01	0
38.991	-8.265	3.67E-01	3
39.033	-9.247	4.37E-01	0
39.031	-9.206	4.46E-01	2
39.029	-9.168	4.27E-01	0
39.027	-9.128	4.37E-01	2
39.025	-9.090	4.00E-01	0
39.022	-9.052	3.97E-01	2
39.020	-9.016	3.75E-01	0
39.018	-8.980	3.52E-01	2
39.016	-8.943	2.59E-01	0
39.014	-8.906	2.69E-01	2
39.012	-8.869	3.20E-01	0
39.010	-8.832	2.70E-01	2
39.008	-8.795	3.56E-01	0
39.006	-8.758	3.81E-01	2
39.004	-8.722	3.63E-01	0
39.002	-8.686	3.40E-01	2
38.999	-8.649	3.69E-01	0
38.997	-8.613	3.61E-01	2
38.995	-8.578	3.53E-01	0
38.993	-8.542	3.41E-01	2
38.991	-8.507	3.42E-01	0
38.989	-8.473	3.50E-01	2
38.987	-8.438	3.48E-01	0
38.985	-8.403	3.38E-01	2
38.983	-8.369	3.38E-01	0
38.980	-8.334	3.43E-01	2
38.978	-8.300	3.54E-01	0
38.976	-8.266	3.26E-01	2
39.017	-9.247	4.99E-01	0
39.015	-9.207	4.41E-01	3
39.013	-9.169	4.67E-01	0
39.011	-9.129	4.26E-01	3
39.009	-9.092	4.06E-01	0
39.007	-9.055	3.93E-01	3
39.005	-9.018	3.72E-01	0
39.003	-8.981	3.52E-01	3
39.001	-8.944	2.60E-01	0
38.999	-8.907	2.92E-01	3
38.997	-8.870	3.00E-01	0
38.995	-8.833	2.57E-01	3
38.993	-8.796	2.93E-01	0
38.991	-8.760	3.70E-01	3
38.989	-8.723	3.79E-01	0
38.987	-8.687	3.29E-01	3
38.984	-8.651	3.48E-01	0
38.982	-8.615	3.40E-01	3
38.980	-8.579	3.44E-01	0
38.978	-8.544	3.55E-01	3
38.976	-8.509	3.46E-01	0
38.974	-8.474	3.52E-01	3
38.972	-8.439	3.55E-01	0
38.970	-8.404	3.42E-01	3
38.968	-8.370	3.36E-01	0
38.966	-8.335	3.39E-01	3
38.964	-8.301	3.44E-01	0
38.962	-8.266	3.63E-01	3
39.002	-9.249	4.47E-01	0
39.000	-9.209	4.11E-01	2
38.998	-9.169	4.65E-01	0
38.996	-9.131	4.61E-01	2
38.994	-9.094	4.05E-01	0
38.992	-9.057	3.89E-01	2
38.990	-9.019	3.79E-01	0
38.988	-8.982	3.48E-01	2
38.986	-8.946	2.63E-01	0
38.984	-8.908	2.71E-01	2
38.982	-8.871	2.67E-01	0
38.980	-8.834	3.03E-01	2
38.978	-8.798	3.04E-01	0
38.976	-8.761	2.72E-01	2
38.973	-8.724	3.53E-01	0
38.971	-8.688	4.01E-01	2
38.969	-8.652	3.42E-01	0
38.967	-8.616	3.46E-01	2
38.965	-8.581	3.36E-01	0
38.963	-8.545	3.44E-01	2
38.961	-8.511	3.48E-01	0
38.959	-8.476	3.96E-01	2
38.957	-8.440	3.75E-01	0
38.955	-8.405	3.49E-01	2
38.953	-8.371	3.31E-01	0
38.951	-8.336	3.38E-01	2
38.949	-8.302	3.41E-01	0
38.947	-8.268	3.62E-01	2
38.984	-9.210	4.23E-01	3
38.982	-9.169	4.32E-01	0
38.980	-9.131	4.20E-01	3
38.978	-9.094	4.29E-01	0
38.976	-9.057	3.90E-01	3
38.974	-9.019	3.91E-01	0
38.972	-8.983	3.46E-01	3
38.970	-8.947	2.12E-01	0
38.968	-8.909	2.45E-01	3
38.966	-8.872	2.69E-01	0
38.964	-8.835	3.19E-01	3
38.962	-8.799	3.43E-01	0
38.960	-8.762	3.01E-01	3
38.958	-8.726	2.95E-01	0
38.956	-8.690	2.99E-01	3
38.954	-8.654	3.18E-01	0
38.952	-8.618	3.47E-01	3
38.950	-8.582	3.64E-01	0
38.948	-8.547	3.25E-01	3
38.946	-8.512	3.21E-01	0
38.944	-8.477	3.66E-01	3
38.942	-8.442	3.86E-01	0
38.940	-8.407	3.57E-01	3
38.938	-8.372	3.49E-01	0
38.936	-8.337	3.81E-01	3
38.934	-8.303	3.56E-01	0
38.932	-8.269	3.53E-01	3
38.968	-9.211	4.39E-01	2
38.966	-9.171	4.12E-01	0
38.965	-9.132	4.45E-01	2
38.963	-9.093	4.70E-01	0
38.961	-9.057	3.89E-01	2
38.959	-9.020	3.81E-01	0
38.957	-8.985	2.81E-01	2
38.955	-8.948	2.23E-01	0
38.953	-8.911	2.45E-01	2
38.951	-8.874	2.61E-01	0
38.949	-8.837	2.67E-01	3
38.947	-8.800	3.48E-01	0
38.945	-8.763	3.18E-01	2
38.943	-8.727	3.67E-01	0
38.941	-8.691	3.28E-01	2
38.939	-8.655	2.68E-01	0
38.937	-8.619	2.37E-01	2
38.935	-8.584	2.43E-01	0
38.933	-8.548	2.91E-01	2
38.931	-8.513	3.48E-01	0
38.929	-8.478	3.30E-01	2
38.927	-8.443	3.63E-01	0
38.925	-8.408	3.76E-01	2
38.923	-8.374	3.60E-01	0
38.921	-8.339	3.65E-01	2
38.919	-8.305	3.70E-01	0
38.917	-8.271	3.48E-01	2
38.953	-9.211	4.21E-01	3
38.951	-9.173	4.17E-01	0
38.949	-9.134	4.11E-01	3
38.947	-9.095	4.16E-01	0
38.945	-9.058	4.10E-01	2
38.943	-9.022	3.75E-01	0
38.942	-8.986	2.49E-01	3
38.940	-8.949	2.24E-01	0
38.938	-8.912	2.57E-01	3
38.936	-8.875	2.94E-01	0
38.934	-8.838	3.03E-01	3
38.932	-8.801	3.64E-01	0
38.930	-8.764	3.43E-01	3
38.928	-8.728	3.71E-01	0
38.926	-8.691	3.76E-01	3
38.924	-8.656	3.55E-01	0
38.922	-8.620	3.33E-01	3
38.920	-8.585	3.40E-01	0
38.918	-8.549	3.45E-01	3
38.916	-8.514	3.42E-01	0
38.914	-8.479	3.17E-01	3
38.912	-8.444	3.33E-01	0
38.911	-8.409	3.37E-01	3
38.909	-8.375	3.35E-01	0
38.907	-8.340	3.66E-01	3
38.905	-8.306	3.74E-01	0
38.903	-8.272	3.58E-01	3
38.937	-9.213	4.31E-01	3
38.935	-9.175	4.21E-01	0
38.934	-9.136	4.37E-01	3
38.932	-9.097	3.96E-01	0
38.930	-9.060	3.92E-01	3
38.928	-9.024	3.26E-01	0
38.926	-8.988	2.00E-01	3
38.924	-8.950	2.14E-01	0
38.922	-8.913	2.61E-01	3
38.921	-8.876	3.37E-01	0
38.919	-8.839	3.13E-01	3
38.917	-8.802	3.60E-01	0
38.915	-8.765	3.48E-01	3
38.913	-8.729	3.45E-01	0
38.911	-8.693	3.50E-01	2
38.909	-8.657	3.59E-01	0
38.907	-8.621	3.46E-01	2
38.905	-8.585	3.38E-01	0
38.903	-8.550	3.35E-01	2
38.901	-8.515	3.25E-01	0
38.900	-8.480	2.94E-01	2
38.898	-8.445	3.24E-01	0
38.896	-8.410	3.46E-01	2
38.894	-8.376	3.27E-01	0
38.892	-8.341	3.50E-01	2
38.890	-8.307	3.55E-01	0
38.888	-8.273	3.66E-01	2
38.922	-9.214	4.84E-01	3
38.920	-9.176	4.61E-01	0
38.918	-9.138	3.88E-01	3
38.916	-9.099	4.08E-01	0
38.914	-9.061	3.66E-01	2
38.913	-9.026	3.00E-01	0
38.911	-8.989	2.01E-01	3
38.909	-8.952	1.83E-01	0
38.907	-8.914	2.19E-01	3
38.905	-8.877	3.56E-01	0
38.903	-8.840	3.53E-01	3
38.902	-8.804	3.09E-01	0
38.900	-8.767	3.38E-01	3
38.898	-8.730	3.38E-01	0
38.896	-8.694	3.56E-01	3
38.894	-8.658	3.57E-01	0
38.892	-8.622	3.30E-01	3
38.890	-8.586	3.29E-01	0
38.888	-8.551	3.42E-01	3
38.886	-8.516	3.40E-01	0
38.885	-8.481	3.46E-01	3
38.883	-8.446	3.46E-01	0
38.881	-8.411	3.49E-01	3
38.879	-8.377	3.41E-01	0
38.877	-8.342	3.34E-01	3
38.875	-8.309	3.54E-01	0
38.873	-8.275	3.53E-01	3
38.973	-9.217	4.55E-01	2
38.971	-9.176	4.22E-01	0
38.969	-9.138	4.46E-01	2
38.967	-9.099	4.74E-01	0
38.964	-9.063	3.99E-01	2
38.962	-9.026	3.92E-01	0
38.960	-8.990	3.25E-01	2
38.958	-8.954	2.26E-01	0
38.956	-8.916	2.33E-01	2
38.954	-8.879	2.67E-01	0
38.952	-8.842	2.64E-01	2
38.949	-8.805	3.49E-01	0
38.947	-8.769	3.09E-01	2
38.945	-8.732	3.63E-01	0
38.943	-8.696	3.36E-01	2
38.941	-8.661	2.68E-01	0
38.939	-8.625	2.28E-01	2
38.936	-8.590	2.54E-01	0
38.934	-8.554	2.78E-01	2
38.932	-8.519	3.46E-01	0
38.930	-8.484	3.34E-01	2
38.928	-8.448	3.57E-01	0
38.925	-8.414	3.83E-01	2
38.923	-8.379	3.62E-01	0
38.921	-8.345	3.70E-01	2
38.919	-8.311	3.68E-01	0
38.917	-8.277	3.55E-01	2
38.958	-9.217	4.24E-01	2
38.955	-9.178	4.16E-01	0
38.953	-9.139	4.05E-01	2
38.951	-9.100	4.39E-01	0
38.949	-9.064	4.11E-01	2
38.947	-9.027	3.81E-01	0
38.945	-8.991	2.75E-01	2
38.943	-8.955	2.19E-01	0
38.941	-8.917	2.43E-01	3
38.938	-8.880	2.72E-01	0
38.936	-8.843	2.88E-01	3
38.934	-8.807	3.57E-01	0
38.932	-8.770	3.46E-01	3
38.930	-8.734	3.65E-01	0
38.928	-8.697	3.76E-01	3
38.926	-8.661	3.59E-01	0
38.923	-8.626	3.37E-01	3
38.921	-8.590	3.32E-01	0
38.919	-8.555	3.41E-01	3
38.917	-8.520	3.46E-01	0
38.915	-8.485	3.24E-01	3
38.913	-8.450	3.30E-01	0
38.911	-8.415	3.39E-01	3
38.908	-8.380	3.35E-01	0
38.906	-8.346	3.60E-01	3
38.904	-8.312	3.75E-01	0
38.902	-8.278	3.63E-01	3
38.942	-9.218	4.11E-01	2
38.940	-9.180	4.26E-01	0
38.938	-9.141	4.36E-01	2
38.936	-9.102	3.97E-01	0
38.934	-9.065	3.97E-01	2
38.932	-9.028	3.45E-01	0
38.930	-8.993	2.18E-01	2
38.927	-8.956	2.28E-01	0
38.925	-8.919	2.58E-01	2
38.923	-8.881	3.25E-01	0
38.921	-8.845	3.18E-01	2
38.919	-8.808	3.63E-01	0
38.917	-8.771	3.52E-01	2
38.915	-8.735	3.51E-01	0
38.913	-8.698	3.50E-01	2
38.910	-8.662	3.57E-01	0
38.908	-8.627	3.45E-01	2
38.906	-8.591	3.39E-01	0
38.904	-8.556	3.38E-01	2
38.902	-8.521	3.26E-01	0
38.900	-8.486	2.99E-01	2
38.898	-8.451	3.16E-01	0
38.896	-8.416	3.44E-01	2
38.894	-8.381	3.30E-01	0
38.891	-8.347	3.44E-01	2
38.889	-8.313	3.56E-01	0
38.887	-8.279	3.59E-01	2
38.926	-9.219	4.72E-01	3
38.924	-9.181	4.23E-01	0
38.922	-9.143	4.17E-01	3
38.920	-9.105	4.21E-01	0
38.918	-9.066	3.65E-01	2
38.916	-9.031	3.27E-01	0
38.914	-8.994	2.01E-01	2
38.912	-8.957	1.87E-01	0
38.910	-8.920	2.04E-01	2
38.908	-8.883	3.49E-01	0
38.906	-8.846	3.51E-01	3
38.904	-8.809	3.10E-01	0
38.902	-8.772	3.29E-01	3
38.900	-8.736	3.43E-01	0
38.898	-8.700	3.55E-01	3
38.895	-8.664	3.62E-01	0
38.893	-8.628	3.33E-01	3
38.891	-8.592	3.27E-01	0
38.889	-8.557	3.39E-01	3
38.887	-8.522	3.37E-01	0
38.885	-8.487	3.42E-01	3
38.883	-8.452	3.54E-01	0
38.881	-8.417	3.42E-01	3
38.879	-8.382	3.45E-01	0
38.877	-8.348	3.33E-01	3
38.875	-8.314	3.52E-01	0
38.873	-8.280	3.50E-01	3
38.911	-9.220	4.73E-01	2
38.909	-9.182	4.52E-01	0
38.907	-9.145	4.21E-01	2
38.905	-9.107	3.87E-01	0
38.903	-9.068	3.69E-01	2
38.901	-9.033	3.11E-01	0
38.899	-8.996	2.12E-01	2
38.897	-8.958	1.95E-01	0
38.895	-8.921	2.17E-01	2
38.893	-8.884	3.29E-01	0
38.891	-8.847	3.29E-01	2
38.889	-8.810	3.25E-01	0
38.887	-8.774	3.34E-01	2
38.884	-8.737	3.51E-01	0
38.882	-8.701	3.58E-01	2
38.880	-8.665	3.47E-01	0
38.878	-8.629	3.46E-01	2
38.876	-8.593	3.37E-01	0
38.874	-8.558	3.40E-01	2
38.872	-8.523	3.45E-01	0
38.870	-8.488	3.54E-01	2
38.868	-8.453	3.47E-01	0
38.866	-8.418	3.50E-01	2
38.864	-8.383	3.23E-01	0
38.862	-8.349	3.40E-01	2
38.860	-8.316	3.55E-01	0
38.858	-8.282	3.63E-01	2
38.895	-9.221	4.62E-01	3
38.893	-9.182	4.75E-01	0
38.891	-9.144	4.48E-01	3
38.889	-9.106	4.07E-01	0
38.887	-9.070	3.34E-01	2
38.885	-9.034	2.51E-01	0
38.883	-8.997	1.72E-01	2
38.881	-8.959	2.53E-01	0
38.879	-8.922	2.55E-01	3
38.877	-8.885	2.96E-01	0
38.875	-8.848	3.21E-01	3
38.873	-8.811	3.36E-01	0
38.871	-8.775	3.18E-01	3
38.869	-8.738	3.32E-01	0
38.867	-8.702	3.42E-01	3
38.865	-8.666	3.34E-01	0
38.863	-8.630	3.26E-01	3
38.861	-8.595	3.41E-01	0
38.859	-8.559	3.42E-01	3
38.857	-8.524	3.44E-01	0
38.855	-8.489	3.27E-01	3
38.853	-8.454	3.66E-01	0
38.851	-8.419	3.67E-01	3
38.849	-8.385	3.22E-01	0
38.847	-8.350	3.29E-01	3
38.845	-8.317	3.54E-01	0
38.843	-8.283	3.82E-01	3
38.880	-9.222	4.76E-01	2
38.878	-9.184	4.72E-01	0
38.876	-9.147	4.66E-01	2
38.874	-9.110	3.95E-01	0
38.872	-9.072	3.40E-01	2
38.870	-9.036	2.45E-01	0
38.868	-8.998	2.59E-01	2
38.866	-8.961	3.01E-01	0
38.864	-8.923	2.98E-01	2
38.862	-8.886	3.38E-01	0
38.860	-8.849	3.37E-01	2
38.858	-8.812	3.54E-01	0
38.856	-8.776	3.29E-01	2
38.854	-8.740	3.24E-01	0
38.852	-8.704	3.33E-01	2
38.850	-8.667	3.33E-01	0
38.848	-8.631	3.30E-01	2
38.846	-8.596	3.65E-01	0
38.844	-8.560	3.47E-01	2
38.842	-8.525	3.36E-01	0
38.840	-8.490	3.43E-01	2
38.838	-8.455	3.36E-01	0
38.836	-8.421	3.51E-01	2
38.834	-8.386	3.19E-01	0
38.832	-8.351	3.49E-01	2
38.830	-8.318	3.56E-01	0
38.828	-8.284	3.67E-01	2
38.826	-8.250	3.68E-01	0
38.864	-9.224	4.34E-01	3
38.862	-9.187	4.60E-01	0
38.860	-9.150	5.37E-01	2
38.858	-9.112	4.49E-01	0
38.856	-9.074	2.93E-01	2
38.855	-9.037	1.28E-01	0
38.853	-8.999	1.30E-01	3
38.851	-8.962	2.90E-01	0
38.849	-8.924	3.21E-01	3
38.847	-8.887	3.41E-01	0
38.845	-8.850	3.21E-01	3
38.843	-8.814	3.35E-01	0
38.841	-8.777	2.80E-01	3
38.839	-8.741	3.20E-01	0
38.837	-8.705	3.50E-01	3
38.835	-8.669	3.26E-01	0
38.833	-8.632	3.44E-01	3
38.831	-8.597	3.48E-01	0
38.829	-8.561	3.59E-01	3
38.827	-8.526	3.50E-01	0
38.825	-8.491	3.36E-01	3
38.823	-8.456	3.50E-01	0
38.821	-8.421	3.14E-01	3
38.820	-8.387	3.40E-01	0
38.818	-8.352	3.51E-01	3
38.816	-8.319	3.61E-01	0
38.814	-8.285	3.85E-01	3
38.812	-8.251	3.78E-01	0
38.848	-9.226	4.17E-01	2
38.847	-9.189	3.87E-01	0
38.845	-9.152	4.33E-01	2
38.843	-9.113	4.25E-01	0
38.841	-9.075	2.66E-01	2
38.839	-9.038	9.30E-02	0
38.837	-9.000	4.70E-02	2
38.835	-8.963	1.98E-01	0
38.833	-8.926	3.18E-01	3
38.832	-8.889	3.67E-01	0
38.830	-8.852	3.25E-01	2
38.828	-8.815	3.62E-01	0
38.826	-8.778	3.20E-01	2
38.824	-8.742	3.32E-01	0
38.822	-8.706	3.38E-01	2
38.820	-8.670	3.57E-01	0
38.818	-8.634	3.33E-01	2
38.816	-8.598	3.33E-01	0
38.814	-8.563	3.48E-01	2
38.812	-8.528	3.59E-01	0
38.811	-8.493	3.57E-01	2
38.809	-8.458	3.43E-01	0
38.807	-8.423	3.45E-01	2
38.805	-8.388	3.49E-01	0
38.803	-8.354	3.75E-01	2
38.801	-8.319	3.71E-01	0
38.799	-8.286	3.63E-01	2
38.797	-8.252	3.71E-01	0
38.833	-9.226	4.35E-01	2
38.831	-9.190	4.24E-01	0
38.829	-9.153	4.18E-01	2
38.827	-9.114	3.78E-01	0
38.826	-9.077	2.13E-01	2
38.824	-9.039	4.30E-02	0
38.822	-9.002	2.80E-02	2
38.820	-8.964	1.15E-01	0
38.818	-8.927	3.01E-01	3
38.816	-8.890	3.67E-01	0
38.814	-8.853	3.71E-01	3
38.813	-8.816	3.44E-01	0
38.811	-8.779	3.24E-01	3
38.809	-8.743	3.21E-01	0
38.807	-8.707	3.40E-01	3
38.805	-8.671	3.58E-01	0
38.803	-8.636	3.72E-01	3
38.801	-8.600	3.57E-01	0
38.799	-8.565	3.48E-01	3
38.798	-8.529	3.57E-01	0
38.796	-8.494	3.43E-01	3
38.794	-8.459	3.32E-01	0
38.792	-8.424	3.39E-01	3
38.790	-8.390	3.38E-01	0
38.788	-8.355	3.70E-01	3
38.786	-8.321	3.54E-01	0
38.784	-8.287	3.81E-01	3
38.782	-8.253	3.82E-01	0
38.885	-9.230	4.72E-01	3
38.882	-9.191	4.69E-01	0
38.880	-9.153	4.86E-01	3
38.878	-9.116	4.01E-01	0
38.876	-9.079	3.40E-01	2
38.874	-9.043	2.74E-01	0
38.872	-9.005	2.27E-01	2
38.870	-8.968	2.98E-01	0
38.867	-8.931	2.96E-01	2
38.865	-8.894	3.21E-01	0
38.863	-8.857	3.44E-01	2
38.861	-8.820	3.58E-01	0
38.859	-8.783	3.46E-01	2
38.856	-8.747	3.16E-01	0
38.854	-8.711	3.40E-01	2
38.852	-8.675	3.33E-01	0
38.850	-8.639	3.31E-01	2
38.848	-8.603	3.55E-01	0
38.845	-8.568	3.57E-01	2
38.843	-8.532	3.37E-01	0
38.841	-8.497	3.43E-01	2
38.839	-8.463	3.37E-01	0
38.837	-8.428	3.53E-01	2
38.834	-8.393	3.27E-01	0
38.832	-8.359	3.44E-01	2
38.830	-8.325	3.60E-01	0
38.828	-8.291	3.70E-01	2
38.826	-8.258	3.73E-01	0
38.869	-9.231	4.33E-01	2
38.867	-9.193	4.82E-01	0
38.865	-9.156	5.21E-01	2
38.863	-9.119	4.78E-01	0
38.861	-9.081	3.40E-01	3
38.858	-9.044	1.95E-01	0
38.856	-9.006	1.63E-01	2
38.854	-8.969	2.91E-01	0
38.852	-8.932	3.20E-01	2
38.850	-8.895	3.49E-01	0
38.848	-8.858	3.35E-01	2
38.846	-8.821	3.35E-01	0
38.843	-8.784	2.94E-01	3
38.841	-8.748	3.19E-01	0
38.839	-8.712	3.51E-01	3
38.837	-8.676	3.30E-01	0
38.835	-8.640	3.35E-01	3
38.833	-8.604	3.60E-01	0
38.830	-8.569	3.60E-01	3
38.828	-8.534	3.52E-01	0
38.826	-8.499	3.42E-01	3
38.824	-8.464	3.51E-01	0
38.822	-8.429	3.25E-01	3
38.820	-8.394	3.31E-01	0
38.818	-8.360	3.53E-01	3
38.815	-8.326	3.69E-01	0
38.813	-8.292	3.75E-01	3
38.811	-8.258	3.84E-01	0
38.853	-9.233	4.34E-01	3
38.851	-9.196	4.16E-01	0
38.849	-9.159	4.57E-01	3
38.847	-9.120	4.65E-01	0
38.845	-9.082	3.02E-01	2
38.843	-9.045	1.19E-01	0
38.841	-9.008	4.00E-02	2
38.839	-8.970	1.93E-01	0
38.837	-8.933	2.91E-01	2
38.835	-8.896	3.67E-01	0
38.832	-8.859	3.09E-01	2
38.830	-8.822	3.55E-01	0
38.828	-8.785	3.30E-01	2
38.826	-8.749	3.23E-01	0
38.824	-8.713	3.35E-01	2
38.822	-8.677	3.58E-01	0
38.820	-8.641	3.40E-01	2
38.818	-8.606	3.29E-01	0
38.815	-8.570	3.47E-01	2
38.813	-8.535	3.60E-01	0
38.811	-8.500	3.52E-01	2
38.809	-8.465	3.49E-01	0
38.807	-8.430	3.42E-01	2
38.805	-8.396	3.55E-01	0
38.803	-8.361	3.72E-01	2
38.801	-8.327	3.84E-01	0
38.799	-8.293	3.65E-01	2
38.796	-8.259	3.71E-01	0
38.838	-9.234	4.33E-01	2
38.836	-9.197	3.93E-01	0
38.834	-9.160	3.84E-01	3
38.832	-9.122	3.76E-01	0
38.830	-9.084	2.76E-01	3
38.828	-9.046	7.90E-02	0
38.826	-9.009	2.80E-02	2
38.823	-8.971	1.04E-01	0
38.821	-8.934	2.87E-01	2
38.819	-8.897	3.64E-01	0
38.817	-8.860	3.71E-01	2
38.815	-8.823	3.50E-01	0
38.813	-8.787	3.27E-01	2
38.811	-8.750	3.15E-01	0
38.809	-8.714	3.48E-01	3
38.807	-8.679	3.48E-01	0
38.805	-8.643	3.71E-01	3
38.803	-8.607	3.61E-01	0
38.801	-8.572	3.49E-01	3
38.798	-8.537	3.58E-01	0
38.796	-8.502	3.43E-01	3
38.794	-8.467	3.39E-01	0
38.792	-8.432	3.36E-01	3
38.790	-8.397	3.33E-01	0
38.788	-8.363	3.68E-01	3
38.786	-8.329	3.49E-01	0
38.784	-8.295	3.78E-01	3
38.782	-8.261	3.83E-01	0
38.822	-9.234	4.31E-01	2
38.820	-9.196	4.19E-01	0
38.818	-9.160	4.27E-01	2
38.816	-9.122	3.75E-01	0
38.814	-9.085	1.79E-01	2
38.812	-9.048	3.30E-02	0
38.810	-9.010	2.50E-02	2
38.808	-8.973	5.00E-02	0
38.806	-8.935	2.34E-01	2
38.804	-8.898	3.38E-01	0
38.802	-8.861	3.52E-01	2
38.800	-8.824	3.45E-01	0
38.798	-8.788	3.35E-01	2
38.796	-8.752	3.39E-01	0
38.794	-8.715	3.38E-01	2
38.792	-8.679	3.60E-01	0
38.790	-8.644	3.86E-01	2
38.788	-8.608	3.44E-01	0
38.786	-8.573	3.41E-01	2
38.784	-8.538	3.50E-01	0
38.781	-8.503	3.62E-01	2
38.779	-8.468	3.82E-01	0
38.777	-8.433	3.58E-01	2
38.775	-8.399	3.62E-01	0
38.773	-8.364	3.71E-01	2
38.771	-8.330	3.64E-01	0
38.769	-8.296	3.70E-01	2
38.767	-8.262	3.57E-01	0
38.807	-9.235	3.94E-01	3
38.805	-9.198	4.09E-01	0
38.803	-9.161	4.44E-01	3
38.801	-9.123	3.65E-01	0
38.799	-9.086	1.41E-01	3
38.797	-9.049	2.50E-02	0
38.795	-9.011	2.10E-02	3
38.793	-8.974	3.80E-02	0
38.791	-8.936	1.86E-01	2
38.789	-8.899	3.14E-01	0
38.787	-8.862	3.37E-01	2
38.785	-8.825	3.68E-01	0
38.783	-8.789	3.26E-01	2
38.781	-8.753	3.16E-01	0
38.779	-8.717	3.27E-01	3
38.777	-8.681	3.63E-01	0
38.775	-8.645	3.73E-01	3
38.773	-8.609	3.72E-01	0
38.771	-8.574	3.87E-01	3
38.769	-8.538	3.49E-01	0
38.767	-8.503	3.57E-01	3
38.765	-8.469	3.56E-01	0
38.763	-8.434	3.63E-01	3
38.760	-8.400	3.72E-01	0
38.758	-8.365	3.59E-01	3
38.756	-8.331	3.36E-01	0
38.754	-8.297	3.42E-01	3
38.752	-8.263	3.53E-01	0
38.791	-9.237	3.61E-01	2
38.789	-9.200	3.82E-01	0
38.787	-9.163	4.41E-01	2
38.785	-9.124	3.59E-01	0
38.783	-9.088	1.54E-01	2
38.781	-9.050	2.30E-02	0
38.779	-9.012	2.20E-02	2
38.777	-8.975	3.80E-02	0
38.775	-8.938	1.90E-01	2
38.773	-8.900	3.21E-01	0
38.772	-8.863	3.31E-01	2
38.770	-8.827	3.35E-01	0
38.768	-8.790	3.31E-01	2
38.766	-8.754	3.29E-01	0
38.764	-8.718	3.37E-01	2
38.762	-8.682	3.63E-01	0
38.760	-8.646	3.75E-01	2
38.758	-8.611	3.87E-01	0
38.756	-8.576	3.61E-01	2
38.754	-8.540	3.78E-01	0
38.752	-8.505	3.62E-01	2
38.750	-8.470	3.53E-01	0
38.748	-8.435	3.62E-01	2
38.746	-8.401	3.57E-01	0
38.744	-8.367	3.71E-01	2
38.742	-8.332	3.73E-01	0
38.740	-8.298	3.59E-01	2
38.738	-8.264	3.68E-01	0
38.775	-9.239	3.60E-01	3
38.774	-9.202	3.83E-01	0
38.772	-9.163	3.97E-01	3
38.770	-9.125	3.29E-01	0
38.768	-9.089	1.49E-01	3
38.766	-9.051	2.30E-02	0
38.764	-9.013	2.30E-02	2
38.762	-8.976	5.40E-02	0
38.760	-8.939	1.99E-01	2
38.758	-8.902	3.17E-01	0
38.756	-8.865	3.29E-01	2
38.754	-8.828	3.39E-01	0
38.752	-8.792	3.58E-01	2
38.750	-8.755	3.23E-01	0
38.748	-8.719	3.09E-01	3
38.747	-8.683	3.72E-01	0
38.745	-8.647	3.77E-01	3
38.743	-8.612	3.81E-01	0
38.741	-8.576	3.57E-01	3
38.739	-8.542	4.07E-01	0
38.737	-8.507	3.88E-01	3
38.735	-8.472	3.75E-01	0
38.733	-8.437	3.47E-01	3
38.731	-8.402	3.52E-01	0
38.729	-8.368	3.71E-01	3
38.727	-8.333	3.90E-01	0
38.725	-8.299	3.86E-01	3
38.723	-8.265	3.89E-01	0
38.760	-9.241	3.40E-01	2
38.758	-9.203	3.38E-01	0
38.756	-9.164	3.43E-01	2
38.754	-9.127	3.31E-01	0
38.752	-9.090	1.27E-01	2
38.751	-9.052	2.30E-02	0
38.749	-9.015	3.00E-02	2
38.747	-8.977	1.71E-01	0
38.745	-8.940	3.06E-01	2
38.743	-8.903	2.58E-01	0
38.741	-8.866	3.26E-01	2
38.739	-8.829	3.45E-01	0
38.737	-8.793	3.71E-01	2
38.735	-8.756	3.71E-01	0
38.733	-8.720	3.64E-01	2
38.731	-8.684	3.52E-01	0
38.730	-8.648	3.66E-01	2
38.728	-8.613	3.88E-01	0
38.726	-8.578	3.69E-01	2
38.724	-8.543	3.64E-01	0
38.722	-8.508	3.88E-01	2
38.720	-8.473	3.58E-01	0
38.718	-8.438	3.80E-01	2
38.716	-8.404	3.69E-01	0
38.714	-8.369	3.66E-01	2
38.712	-8.335	3.77E-01	0
38.710	-8.300	4.02E-01	2
38.708	-8.266	3.92E-01	0
38.744	-9.242	3.62E-01	2
38.742	-9.204	3.81E-01	0
38.741	-9.166	3.68E-01	2
38.739	-9.128	3.08E-01	0
38.737	-9.091	1.09E-01	2
38.735	-9.053	2.20E-02	0
38.733	-9.016	9.50E-02	2
38.731	-8.978	3.00E-01	0
38.730	-8.941	3.64E-01	2
38.728	-8.904	3.40E-01	0
38.726	-8.867	3.51E-01	2
38.724	-8.830	3.54E-01	0
38.722	-8.794	3.72E-01	2
38.720	-8.758	3.68E-01	0
38.718	-8.721	3.76E-01	3
38.716	-8.685	3.61E-01	0
38.714	-8.650	3.61E-01	3
38.713	-8.614	3.82E-01	0
38.711	-8.579	3.92E-01	3
38.709	-8.544	3.68E-01	0
38.707	-8.509	4.14E-01	3
38.705	-8.474	3.30E-01	0
38.703	-8.439	3.65E-01	3
38.701	-8.405	3.80E-01	0
38.699	-8.371	3.93E-01	3
38.697	-8.336	3.84E-01	0
38.696	-8.302	3.61E-01	3
38.694	-8.268	3.93E-01	0
38.796	-9.243	3.72E-01	3
38.794	-9.205	3.74E-01	0
38.791	-9.168	4.17E-01	3
38.789	-9.130	3.86E-01	0
38.787	-9.093	1.85E-01	2
38.785	-9.056	2.70E-02	0
38.783	-9.018	2.10E-02	2
38.781	-8.981	3.20E-02	0
38.778	-8.944	1.58E-01	2
38.776	-8.906	3.15E-01	0
38.774	-8.869	3.27E-01	2
38.772	-8.833	3.44E-01	0
38.770	-8.796	3.37E-01	2
38.767	-8.760	3.27E-01	0
38.765	-8.724	3.44E-01	2
38.763	-8.688	3.54E-01	0
38.761	-8.652	3.80E-01	2
38.759	-8.617	3.87E-01	0
38.756	-8.582	3.67E-01	2
38.754	-8.546	3.77E-01	0
38.752	-8.511	3.66E-01	2
38.750	-8.476	3.60E-01	0
38.748	-8.441	3.65E-01	2
38.746	-8.407	3.61E-01	0
38.743	-8.373	3.72E-01	2
38.741	-8.338	3.84E-01	0
38.739	-8.304	3.62E-01	2
38.737	-8.270	3.62E-01	0
38.780	-9.244	3.69E-01	2
38.778	-9.208	3.98E-01	0
38.776	-9.169	4.19E-01	2
38.774	-9.131	3.67E-01	0
38.772	-9.094	1.84E-01	2
38.770	-9.057	2.60E-02	0
38.767	-9.019	2.10E-02	2
38.765	-8.982	3.50E-02	0
38.763	-8.945	1.54E-01	3
38.761	-8.908	3.09E-01	0
38.759	-8.871	3.29E-01	3
38.757	-8.834	3.35E-01	0
38.754	-8.798	3.57E-01	3
38.752	-8.761	3.26E-01	0
38.750	-8.725	3.04E-01	3
38.748	-8.689	3.79E-01	0
38.746	-8.653	3.73E-01	3
38.744	-8.618	3.80E-01	0
38.741	-8.583	3.54E-01	3
38.739	-8.548	4.01E-01	0
38.737	-8.513	3.95E-01	3
38.735	-8.478	3.76E-01	0
38.733	-8.443	3.51E-01	3
38.731	-8.408	3.50E-01	0
38.729	-8.374	3.65E-01	3
38.726	-8.340	3.82E-01	0
38.724	-8.305	3.85E-01	3
38.722	-8.271	3.94E-01	0
38.765	-9.246	3.52E-01	3
38.762	-9.208	3.30E-01	0
38.760	-9.170	3.49E-01	3
38.758	-9.132	3.52E-01	0
38.756	-9.095	1.65E-01	2
38.754	-9.058	2.50E-02	0
38.752	-9.020	2.50E-02	2
38.750	-8.983	1.10E-01	0
38.748	-8.946	2.95E-01	2
38.746	-8.909	2.51E-01	0
38.744	-8.872	3.14E-01	2
38.741	-8.835	3.40E-01	0
38.739	-8.799	3.69E-01	2
38.737	-8.762	3.71E-01	0
38.735	-8.726	3.60E-01	2
38.733	-8.690	3.43E-01	0
38.731	-8.654	3.64E-01	2
38.729	-8.619	3.90E-01	0
38.727	-8.584	3.69E-01	2
38.724	-8.549	3.64E-01	0
38.722	-8.514	3.87E-01	2
38.720	-8.479	3.51E-01	0
38.718	-8.444	3.70E-01	2
38.716	-8.410	3.83E-01	0
38.714	-8.376	3.66E-01	2
38.712	-8.341	3.74E-01	0
38.709	-8.307	4.03E-01	2
38.707	-8.273	3.92E-01	0
38.749	-9.248	3.30E-01	2
38.747	-9.209	3.52E-01	0
38.745	-9.171	3.66E-01	2
38.743	-9.134	3.24E-01	0
38.741	-9.097	1.50E-01	2
38.739	-9.059	2.40E-02	0
38.737	-9.022	5.30E-02	3
38.735	-8.984	2.49E-01	0
38.732	-8.947	3.61E-01	3
38.730	-8.910	3.29E-01	0
38.728	-8.873	3.50E-01	3
38.726	-8.836	3.47E-01	0
38.724	-8.800	3.72E-01	3
38.722	-8.764	3.64E-01	0
38.720	-8.727	3.72E-01	3
38.718	-8.691	3.65E-01	0
38.716	-8.656	3.55E-01	3
38.714	-8.620	3.68E-01	0
38.712	-8.585	3.91E-01	3
38.709	-8.550	3.57E-01	0
38.707	-8.515	4.22E-01	3
38.705	-8.480	3.35E-01	0
38.703	-8.445	3.63E-01	3
38.701	-8.411	3.75E-01	0
38.699	-8.377	3.99E-01	3
38.697	-8.343	3.71E-01	0
38.695	-8.308	3.58E-01	3
38.693	-8.274	3.78E-01	0
38.733	-9.249	3.85E-01	2
38.731	-9.210	4.32E-01	0
38.729	-9.172	4.19E-01	2
38.727	-9.135	2.97E-01	0
38.725	-9.098	9.70E-02	2
38.723	-9.060	4.70E-02	0
38.721	-9.023	2.40E-01	2
38.719	-8.985	3.46E-01	0
38.717	-8.948	3.38E-01	2
38.715	-8.911	3.54E-01	0
38.713	-8.874	3.50E-01	2
38.711	-8.838	3.52E-01	0
38.709	-8.801	3.73E-01	2
38.707	-8.765	3.68E-01	0
38.705	-8.729	3.77E-01	2
38.703	-8.693	3.67E-01	0
38.701	-8.657	3.50E-01	2
38.699	-8.621	3.69E-01	0
38.697	-8.586	3.76E-01	2
38.695	-8.551	3.48E-01	0
38.692	-8.516	3.26E-01	2
38.690	-8.481	3.69E-01	0
38.688	-8.446	4.24E-01	2
38.686	-8.412	3.97E-01	0
38.684	-8.378	3.84E-01	2
38.682	-8.344	3.77E-01	0
38.680	-8.310	3.49E-01	2
38.678	-8.276	3.73E-01	0
38.716	-9.212	3.76E-01	0
38.714	-9.174	3.75E-01	2
38.712	-9.137	2.35E-01	0
38.710	-9.099	4.10E-02	2
38.708	-9.061	6.80E-02	0
38.706	-9.024	2.57E-01	3
38.704	-8.987	2.46E-01	0
38.702	-8.949	3.40E-01	3
38.700	-8.912	3.60E-01	0
38.698	-8.876	3.69E-01	3
38.696	-8.839	3.40E-01	0
38.694	-8.802	3.62E-01	3
38.692	-8.766	3.79E-01	0
38.690	-8.730	3.71E-01	3
38.688	-8.694	3.77E-01	0
38.686	-8.658	3.69E-01	3
38.684	-8.623	3.53E-01	0
38.682	-8.587	3.65E-01	3
38.680	-8.552	3.40E-01	0
38.678	-8.517	3.54E-01	3
38.676	-8.482	3.76E-01	0
38.673	-8.447	3.80E-01	3
38.671	-8.413	3.92E-01	0
38.669	-8.379	3.76E-01	3
38.667	-8.345	3.81E-01	0
38.665	-8.311	3.65E-01	3
38.663	-8.277	3.59E-01	0
38.700	-9.214	3.51E-01	0
38.698	-9.176	1.56E-01	2
38.696	-9.138	0.00E+00	0
38.694	-9.100	0.00E+00	2
38.692	-9.063	3.90E-02	0
38.690	-9.025	6.00E-02	2
38.689	-8.988	1.81E-01	0
38.687	-8.950	3.50E-01	2
38.685	-8.913	3.96E-01	0
38.683	-8.877	3.67E-01	2
38.681	-8.840	3.43E-01	0
38.679	-8.804	3.39E-01	2
38.677	-8.767	3.93E-01	0
38.675	-8.731	3.89E-01	2
38.673	-8.695	3.49E-01	0
38.671	-8.659	3.74E-01	2
38.669	-8.624	3.64E-01	0
38.667	-8.588	3.64E-01	2
38.665	-8.553	3.37E-01	0
38.663	-8.518	3.32E-01	2
38.661	-8.483	3.76E-01	0
38.659	-8.449	3.71E-01	2
38.657	-8.414	3.79E-01	0
38.655	-8.380	3.94E-01	2
38.653	-8.346	3.84E-01	0
38.651	-8.311	3.67E-01	2
38.649	-8.278	3.71E-01	0
38.685	-9.216	1.22E-01	0
38.683	-9.177	1.25E-01	3
38.681	-9.139	8.30E-02	0
38.679	-9.102	0.00E+00	3
38.677	-9.064	8.60E-02	0
38.675	-9.026	1.05E-01	3
38.673	-8.989	2.98E-01	0
38.671	-8.952	3.71E-01	2
38.669	-8.914	3.74E-01	0
38.667	-8.878	3.92E-01	2
38.665	-8.841	3.75E-01	0
38.663	-8.805	3.79E-01	3
38.661	-8.769	3.69E-01	0
38.660	-8.733	3.87E-01	3
38.658	-8.697	3.84E-01	0
38.656	-8.661	3.43E-01	3
38.654	-8.625	3.43E-01	0
38.652	-8.590	3.67E-01	3
38.650	-8.555	3.45E-01	0
38.648	-8.520	3.69E-01	3
38.646	-8.485	3.91E-01	0
38.644	-8.450	4.06E-01	3
38.642	-8.415	4.48E-01	0
38.640	-8.381	3.85E-01	3
38.638	-8.346	3.98E-01	0
38.636	-8.312	3.80E-01	3
38.634	-8.279	3.74E-01	0
38.669	-9.216	3.15E-01	0
38.667	-9.178	3.25E-01	2
38.665	-9.141	1.48E-01	0
38.664	-9.103	5.60E-02	2
38.662	-9.065	2.44E-01	0
38.660	-9.027	2.72E-01	2
38.658	-8.990	3.03E-01	0
38.656	-8.953	3.69E-01	2
38.654	-8.916	3.88E-01	0
38.652	-8.879	3.64E-01	2
38.650	-8.842	3.76E-01	0
38.648	-8.806	3.84E-01	2
38.646	-8.770	3.88E-01	0
38.644	-8.734	3.64E-01	2
38.643	-8.698	4.11E-01	0
38.641	-8.662	3.71E-01	2
38.639	-8.627	3.44E-01	0
38.637	-8.591	3.44E-01	2
38.635	-8.556	3.32E-01	0
38.633	-8.521	3.44E-01	2
38.631	-8.486	3.69E-01	0
38.629	-8.452	3.91E-01	2
38.627	-8.417	3.82E-01	0
38.625	-8.382	4.03E-01	2
38.623	-8.348	3.91E-01	0
38.621	-8.314	3.83E-01	2
38.619	-8.280	3.80E-01	0
38.654	-9.217	3.43E-01	0
38.652	-9.179	3.32E-01	2
38.650	-9.142	2.59E-01	0
38.648	-9.104	2.03E-01	2
38.646	-9.066	2.52E-01	0
38.644	-9.028	3.52E-01	3
38.642	-8.991	3.46E-01	0
38.641	-8.954	3.49E-01	2
38.639	-8.917	3.65E-01	0
38.637	-8.880	3.74E-01	2
38.635	-8.844	3.69E-01	0
38.633	-8.807	3.83E-01	3
38.631	-8.771	4.14E-01	0
38.629	-8.735	3.82E-01	3
38.627	-8.699	4.14E-01	0
38.626	-8.663	3.61E-01	3
38.624	-8.628	3.48E-01	0
38.622	-8.593	3.44E-01	3
38.620	-8.558	3.58E-01	0
38.618	-8.523	3.77E-01	3
38.616	-8.488	3.83E-01	0
38.614	-8.453	4.15E-01	3
38.612	-8.418	3.69E-01	0
38.610	-8.384	4.12E-01	3
38.608	-8.349	4.02E-01	0
38.606	-8.315	3.84E-01	3
38.605	-8.280	3.74E-01	0
38.705	-9.221	3.92E-01	0
38.703	-9.183	2.56E-01	2
38.701	-9.146	1.05E-01	0
38.699	-9.108	0.00E+00	2
38.697	-9.070	3.80E-02	0
38.694	-9.033	7.70E-02	2
38.692	-8.995	1.05E-01	0
38.690	-8.958	3.16E-01	2
38.688	-8.921	3.88E-01	0
38.686	-8.884	3.79E-01	2
38.683	-8.848	3.52E-01	0
38.681	-8.811	3.29E-01	2
38.679	-8.775	3.81E-01	0
38.677	-8.739	3.99E-01	2
38.675	-8.703	3.45E-01	0
38.672	-8.667	3.79E-01	2
38.670	-8.631	3.71E-01	0
38.668	-8.596	3.67E-01	2
38.666	-8.561	3.47E-01	0
38.664	-8.526	3.29E-01	2
38.661	-8.491	3.76E-01	0
38.659	-8.457	3.66E-01	2
38.657	-8.422	3.81E-01	0
38.655	-8.387	3.93E-01	2
38.653	-8.353	3.97E-01	0
38.650	-8.319	3.73E-01	2
38.648	-8.286	3.74E-01	0
38.646	-8.252	3.72E-01	2
38.690	-9.223	2.14E-01	0
38.688	-9.185	7.40E-02	2
38.685	-9.147	7.50E-02	0
38.683	-9.109	0.00E+00	2
38.681	-9.071	4.80E-02	0
38.679	-9.034	8.30E-02	2
38.677	-8.996	2.68E-01	0
38.675	-8.959	3.62E-01	2
38.672	-8.922	3.73E-01	0
38.670	-8.885	3.94E-01	2
38.668	-8.849	3.88E-01	0
38.666	-8.812	3.77E-01	3
38.664	-8.776	3.70E-01	0
38.662	-8.740	3.88E-01	3
38.659	-8.704	3.82E-01	0
38.657	-8.668	3.57E-01	3
38.655	-8.633	3.33E-01	0
38.653	-8.597	3.68E-01	3
38.651	-8.562	3.47E-01	0
38.649	-8.527	3.64E-01	3
38.646	-8.492	3.88E-01	0
38.644	-8.458	4.18E-01	3
38.642	-8.423	4.61E-01	0
38.640	-8.389	3.95E-01	3
38.638	-8.354	3.99E-01	0
38.636	-8.320	3.89E-01	3
38.633	-8.286	3.77E-01	0
38.631	-8.253	3.83E-01	3
38.674	-9.224	2.23E-01	0
38.672	-9.185	2.99E-01	2
38.670	-9.148	1.66E-01	0
38.668	-9.110	3.20E-02	2
38.666	-9.072	1.79E-01	0
38.664	-9.035	2.24E-01	2
38.661	-8.997	2.69E-01	0
38.659	-8.960	3.65E-01	2
38.657	-8.923	3.90E-01	0
38.655	-8.886	3.61E-01	2
38.653	-8.850	3.76E-01	0
38.651	-8.814	3.81E-01	2
38.649	-8.777	3.92E-01	0
38.647	-8.741	3.61E-01	2
38.644	-8.705	4.04E-01	0
38.642	-8.670	3.91E-01	2
38.640	-8.634	3.45E-01	0
38.638	-8.599	3.43E-01	2
38.636	-8.564	3.31E-01	0
38.634	-8.529	3.43E-01	2
38.632	-8.494	3.56E-01	0
38.630	-8.459	3.97E-01	2
38.627	-8.425	3.85E-01	0
38.625	-8.390	3.97E-01	2
38.623	-8.355	4.04E-01	0
38.621	-8.321	3.78E-01	2
38.619	-8.287	3.84E-01	0
38.617	-8.253	3.78E-01	2
38.659	-9.225	3.32E-01	0
38.656	-9.186	3.38E-01	2
38.654	-9.149	2.72E-01	0
38.652	-9.111	1.67E-01	2
38.650	-9.073	2.19E-01	0
38.648	-9.036	3.45E-01	2
38.646	-8.999	3.37E-01	0
38.644	-8.961	3.45E-01	2
38.642	-8.924	3.64E-01	0
38.640	-8.888	3.77E-01	3
38.638	-8.851	3.66E-01	0
38.636	-8.815	3.74E-01	2
38.634	-8.778	4.18E-01	0
38.631	-8.742	3.88E-01	3
38.629	-8.707	4.09E-01	0
38.627	-8.671	3.77E-01	3
38.625	-8.635	3.48E-01	0
38.623	-8.600	3.41E-01	3
38.621	-8.565	3.56E-01	0
38.619	-8.530	3.80E-01	3
38.617	-8.495	3.71E-01	0
38.615	-8.461	4.19E-01	3
38.613	-8.426	3.81E-01	0
38.610	-8.391	3.98E-01	3
38.608	-8.357	4.09E-01	0
38.606	-8.322	3.92E-01	3
38.604	-8.288	3.70E-01	0
38.602	-8.254	3.78E-01	3
38.643	-9.226	2.91E-01	0
38.641	-9.187	3.36E-01	2
38.639	-9.150	2.89E-01	0
38.637	-9.112	2.62E-01	2
38.635	-9.075	4.32E-01	0
38.633	-9.037	3.48E-01	2
38.631	-9.000	3.52E-01	0
38.629	-8.962	3.70E-01	2
38.627	-8.925	3.69E-01	0
38.625	-8.889	3.80E-01	2
38.623	-8.852	3.96E-01	0
38.620	-8.816	3.90E-01	2
38.618	-8.780	4.08E-01	0
38.616	-8.744	3.71E-01	2
38.614	-8.708	4.30E-01	0
38.612	-8.672	3.77E-01	2
38.610	-8.637	3.57E-01	0
38.608	-8.601	3.80E-01	2
38.606	-8.566	3.63E-01	0
38.604	-8.531	3.51E-01	2
38.602	-8.497	3.49E-01	0
38.600	-8.462	4.01E-01	2
38.598	-8.427	3.73E-01	0
38.596	-8.392	3.94E-01	2
38.594	-8.358	3.81E-01	0
38.591	-8.324	3.95E-01	2
38.589	-8.290	3.84E-01	0
38.587	-8.256	3.73E-01	3
38.627	-9.228	1.93E-01	0
38.625	-9.189	3.24E-01	2
38.623	-9.151	3.09E-01	0
38.621	-9.113	3.11E-01	2
38.619	-9.076	4.04E-01	0
38.617	-9.038	4.37E-01	2
38.615	-9.000	3.54E-01	0
38.613	-8.963	3.45E-01	3
38.611	-8.926	3.63E-01	0
38.609	-8.890	3.72E-01	3
38.607	-8.853	3.91E-01	0
38.605	-8.817	4.05E-01	2
38.603	-8.781	3.98E-01	0
38.601	-8.745	4.06E-01	3
38.599	-8.709	4.05E-01	0
38.597	-8.674	3.70E-01	3
38.595	-8.638	3.28E-01	0
38.593	-8.603	3.13E-01	3
38.591	-8.568	3.53E-01	0
38.589	-8.533	3.50E-01	2
38.587	-8.498	3.77E-01	0
38.585	-8.464	3.82E-01	2
38.583	-8.428	3.87E-01	0
38.581	-8.393	4.16E-01	3
38.579	-8.359	4.15E-01	0
38.577	-8.325	4.15E-01	3
38.575	-8.291	4.05E-01	0
38.573	-8.258	3.71E-01	3
38.612	-9.229	9.30E-02	0
38.610	-9.190	3.09E-01	2
38.608	-9.152	3.15E-01	0
38.606	-9.114	2.99E-01	2
38.604	-9.077	3.51E-01	0
38.602	-9.039	4.53E-01	2
38.600	-9.002	3.79E-01	0
38.598	-8.964	3.60E-01	2
38.596	-8.927	3.99E-01	0
38.594	-8.891	3.71E-01	2
38.592	-8.855	3.84E-01	0
38.590	-8.818	3.89E-01	2
38.588	-8.782	4.09E-01	0
38.586	-8.746	3.96E-01	2
38.584	-8.711	4.07E-01	0
38.582	-8.675	3.24E-01	2
38.580	-8.640	3.77E-01	0
38.578	-8.604	3.62E-01	2
38.576	-8.569	3.33E-01	0
38.574	-8.534	3.69E-01	2
38.572	-8.499	3.70E-01	0
38.570	-8.464	4.04E-01	2
38.568	-8.430	4.04E-01	0
38.566	-8.395	3.66E-01	2
38.564	-8.360	4.07E-01	0
38.562	-8.327	4.15E-01	2
38.560	-8.293	4.00E-01	0
38.558	-8.259	3.82E-01	2
38.596	-9.230	4.50E-02	0
38.594	-9.191	2.42E-01	2
38.592	-9.153	2.75E-01	0
38.590	-9.115	2.76E-01	2
38.589	-9.078	3.48E-01	0
38.587	-9.040	4.35E-01	2
38.585	-9.003	4.04E-01	0
38.583	-8.965	3.59E-01	3
38.581	-8.928	3.54E-01	0
38.579	-8.891	3.95E-01	3
38.577	-8.856	3.73E-01	0
38.575	-8.820	3.82E-01	2
38.573	-8.784	3.77E-01	0
38.571	-8.748	3.05E-01	3
38.569	-8.712	3.23E-01	0
38.567	-8.676	3.62E-01	2
38.565	-8.640	3.48E-01	0
38.563	-8.605	3.40E-01	2
38.561	-8.570	3.56E-01	0
38.559	-8.535	3.61E-01	2
38.557	-8.500	3.52E-01	0
38.555	-8.466	4.01E-01	2
38.553	-8.431	3.92E-01	0
38.551	-8.396	3.95E-01	2
38.549	-8.362	3.86E-01	0
38.547	-8.328	4.06E-01	3
38.545	-8.294	3.86E-01	0
38.543	-8.261	3.86E-01	3
38.581	-9.231	0.00E+00	0
38.579	-9.192	1.87E-01	2
38.577	-9.154	2.71E-01	0
38.575	-9.116	3.06E-01	2
38.573	-9.079	3.32E-01	0
38.571	-9.041	3.67E-01	2
38.569	-9.004	4.60E-01	0
38.567	-8.966	3.70E-01	2
38.565	-8.929	3.82E-01	0
38.564	-8.893	3.63E-01	2
38.562	-8.857	3.66E-01	0
38.560	-8.821	4.11E-01	2
38.558	-8.785	3.67E-01	0
38.556	-8.749	2.92E-01	2
38.554	-8.713	3.90E-01	0
38.552	-8.677	3.68E-01	2
38.550	-8.642	3.33E-01	0
38.548	-8.606	3.42E-01	2
38.546	-8.571	3.23E-01	0
38.544	-8.536	3.53E-01	2
38.542	-8.502	3.82E-01	0
38.541	-8.468	4.18E-01	2
38.539	-8.433	4.13E-01	0
38.537	-8.398	3.95E-01	2
38.535	-8.363	3.85E-01	0
38.533	-8.329	3.69E-01	2
38.531	-8.296	3.81E-01	0
38.529	-8.263	3.92E-01	2
38.565	-9.233	0.00E+00	0
38.563	-9.194	1.23E-01	2
38.561	-9.155	2.41E-01	0
38.560	-9.117	2.75E-01	2
38.558	-9.079	3.30E-01	0
38.556	-9.042	3.40E-01	2
38.554	-9.005	4.06E-01	0
38.552	-8.966	4.39E-01	3
38.550	-8.929	3.85E-01	0
38.548	-8.894	3.49E-01	2
38.546	-8.858	3.52E-01	0
38.545	-8.822	3.70E-01	2
38.543	-8.786	2.34E-01	0
38.541	-8.750	2.01E-01	2
38.539	-8.714	3.34E-01	0
38.537	-8.679	3.32E-01	2
38.535	-8.643	3.45E-01	0
38.533	-8.607	3.39E-01	2
38.531	-8.573	3.26E-01	0
38.529	-8.538	3.46E-01	2
38.528	-8.504	3.87E-01	0
38.526	-8.469	3.79E-01	2
38.524	-8.434	3.89E-01	0
38.522	-8.399	3.66E-01	2
38.520	-8.365	3.49E-01	0
38.518	-8.331	3.95E-01	2
38.516	-8.297	4.05E-01	0
38.514	-8.264	4.08E-01	2
38.616	-9.235	8.70E-02	0
38.614	-9.195	3.05E-01	2
38.612	-9.157	3.17E-01	0
38.610	-9.120	3.08E-01	2
38.607	-9.082	3.50E-01	0
38.605	-9.045	4.62E-01	2
38.603	-9.007	3.79E-01	0
38.601	-8.970	3.57E-01	2
38.599	-8.933	4.08E-01	0
38.596	-8.896	3.69E-01	2
38.594	-8.860	3.92E-01	0
38.592	-8.824	3.90E-01	2
38.590	-8.788	4.13E-01	0
38.588	-8.752	3.94E-01	2
38.585	-8.716	4.27E-01	0
38.583	-8.681	3.25E-01	2
38.581	-8.645	3.73E-01	0
38.579	-8.610	3.66E-01	2
38.577	-8.575	3.43E-01	0
38.574	-8.540	3.65E-01	2
38.572	-8.505	3.70E-01	0
38.570	-8.470	4.03E-01	2
38.568	-8.436	4.14E-01	0
38.566	-8.401	3.65E-01	2
38.563	-8.366	3.93E-01	0
38.561	-8.332	4.12E-01	2
38.559	-8.299	4.11E-01	0
38.557	-8.265	3.85E-01	2
38.601	-9.236	3.70E-02	0
38.598	-9.196	2.35E-01	2
38.596	-9.158	2.91E-01	0
38.594	-9.121	2.75E-01	2
38.592	-9.083	3.35E-01	0
38.590	-9.046	4.38E-01	2
38.588	-9.008	4.05E-01	0
38.585	-8.971	3.49E-01	2
38.583	-8.934	3.58E-01	0
38.581	-8.897	3.94E-01	3
38.579	-8.861	3.64E-01	0
38.577	-8.825	3.80E-01	3
38.575	-8.789	3.84E-01	0
38.573	-8.753	3.23E-01	2
38.570	-8.718	3.17E-01	0
38.568	-8.682	3.58E-01	2
38.566	-8.646	3.57E-01	0
38.564	-8.611	3.38E-01	2
38.562	-8.575	3.47E-01	0
38.559	-8.541	3.57E-01	2
38.557	-8.506	3.55E-01	0
38.555	-8.472	4.06E-01	3
38.553	-8.437	3.83E-01	0
38.551	-8.402	4.03E-01	3
38.549	-8.368	3.83E-01	0
38.546	-8.334	4.07E-01	3
38.544	-8.300	3.88E-01	0
38.542	-8.267	3.83E-01	3
38.585	-9.237	0.00E+00	0
38.583	-9.198	1.68E-01	2
38.581	-9.159	2.77E-01	0
38.579	-9.121	2.87E-01	2
38.577	-9.084	3.30E-01	0
38.574	-9.047	3.66E-01	2
38.572	-9.009	4.74E-01	0
38.570	-8.972	3.77E-01	2
38.568	-8.934	3.83E-01	0
38.566	-8.897	3.69E-01	2
38.564	-8.862	3.58E-01	0
38.562	-8.827	4.00E-01	2
38.560	-8.790	3.83E-01	0
38.557	-8.755	3.02E-01	2
38.555	-8.719	3.70E-01	0
38.553	-8.683	3.82E-01	2
38.551	-8.647	3.34E-01	0
38.549	-8.612	3.42E-01	2
38.547	-8.577	3.26E-01	0
38.545	-8.542	3.45E-01	2
38.542	-8.507	3.71E-01	0
38.540	-8.473	4.26E-01	2
38.538	-8.438	4.04E-01	0
38.536	-8.404	4.12E-01	2
38.534	-8.369	3.79E-01	0
38.532	-8.335	3.76E-01	2
38.530	-8.302	3.79E-01	0
38.528	-8.269	3.94E-01	2
38.570	-9.238	0.00E+00	0
38.567	-9.199	1.08E-01	2
38.565	-9.160	2.48E-01	0
38.563	-9.122	2.71E-01	2
38.561	-9.085	3.28E-01	0
38.559	-9.048	3.33E-01	2
38.557	-9.010	3.94E-01	0
38.555	-8.972	4.55E-01	2
38.553	-8.935	3.85E-01	0
38.551	-8.899	3.57E-01	3
38.549	-8.864	3.48E-01	0
38.547	-8.828	3.92E-01	2
38.544	-8.792	2.56E-01	0
38.542	-8.756	2.07E-01	2
38.540	-8.720	3.33E-01	0
38.538	-8.684	3.29E-01	2
38.536	-8.648	3.44E-01	0
38.534	-8.613	3.44E-01	2
38.532	-8.578	3.24E-01	0
38.530	-8.544	3.36E-01	3
38.528	-8.509	3.86E-01	0
38.526	-8.475	3.78E-01	3
38.523	-8.440	3.80E-01	0
38.521	-8.405	3.78E-01	3
38.519	-8.371	3.46E-01	0
38.517	-8.336	3.92E-01	3
38.515	-8.303	3.97E-01	0
38.513	-8.270	4.16E-01	3
38.554	-9.239	0.00E+00	0
38.552	-9.200	6.10E-02	2
38.550	-9.162	2.25E-01	0
38.548	-9.124	2.56E-01	2
38.546	-9.086	2.98E-01	0
38.544	-9.049	3.47E-01	2
38.542	-9.011	4.18E-01	0
38.539	-8.973	3.94E-01	3
38.537	-8.935	3.57E-01	0
38.535	-8.901	3.44E-01	2
38.533	-8.865	3.27E-01	0
38.531	-8.829	3.21E-01	2
38.529	-8.793	1.78E-01	0
38.527	-8.757	9.90E-02	2
38.525	-8.721	2.33E-01	0
38.523	-8.686	3.18E-01	2
38.521	-8.650	3.33E-01	0
38.519	-8.614	3.48E-01	2
38.517	-8.579	3.16E-01	0
38.515	-8.545	3.53E-01	2
38.513	-8.511	3.86E-01	0
38.511	-8.476	3.78E-01	2
38.509	-8.441	3.71E-01	0
38.507	-8.407	3.86E-01	2
38.504	-8.373	3.53E-01	0
38.502	-8.338	3.62E-01	2
38.500	-8.305	3.83E-01	0
38.498	-8.271	3.74E-01	2
38.538	-9.240	0.00E+00	0
38.536	-9.202	3.90E-02	2
38.534	-9.163	2.15E-01	0
38.532	-9.125	2.67E-01	2
38.530	-9.087	2.83E-01	0
38.528	-9.050	3.30E-01	2
38.526	-9.012	3.71E-01	0
38.524	-8.975	4.04E-01	2
38.522	-8.938	3.33E-01	0
38.520	-8.902	2.47E-01	2
38.518	-8.866	2.51E-01	0
38.516	-8.830	2.61E-01	2
38.514	-8.794	1.60E-01	0
38.512	-8.758	6.50E-02	2
38.510	-8.723	1.77E-01	0
38.508	-8.687	3.15E-01	2
38.506	-8.651	3.53E-01	0
38.504	-8.615	3.39E-01	2
38.502	-8.581	3.61E-01	0
38.500	-8.546	3.38E-01	3
38.498	-8.511	4.12E-01	0
38.496	-8.477	3.81E-01	3
38.494	-8.442	3.73E-01	0
38.492	-8.408	3.74E-01	3
38.490	-8.374	3.54E-01	0
38.488	-8.340	3.71E-01	3
38.486	-8.306	4.19E-01	0
38.484	-8.273	3.99E-01	3
38.523	-9.241	0.00E+00	0
38.521	-9.203	3.50E-02	2
38.519	-9.165	2.01E-01	0
38.517	-9.126	2.63E-01	2
38.515	-9.088	2.92E-01	0
38.513	-9.051	3.38E-01	2
38.511	-9.012	3.66E-01	0
38.509	-8.976	3.51E-01	2
38.507	-8.940	2.72E-01	0
38.505	-8.904	5.80E-02	2
38.503	-8.868	0.00E+00	0
38.501	-8.831	2.23E-01	2
38.499	-8.795	2.80E-01	0
38.497	-8.760	1.33E-01	2
38.495	-8.724	1.76E-01	0
38.493	-8.688	3.30E-01	2
38.491	-8.652	3.36E-01	0
38.489	-8.617	3.52E-01	2
38.487	-8.583	3.69E-01	0
38.485	-8.547	3.54E-01	2
38.483	-8.512	3.63E-01	0
38.481	-8.478	3.66E-01	2
38.479	-8.443	3.64E-01	0
38.477	-8.409	3.46E-01	2
38.475	-8.375	3.36E-01	0
38.473	-8.342	3.55E-01	2
38.471	-8.307	3.88E-01	0
38.469	-8.274	3.77E-01	2
38.507	-9.243	0.00E+00	0
38.505	-9.204	1.25E-01	2
38.503	-9.166	2.84E-01	0
38.501	-9.127	2.81E-01	2
38.499	-9.089	2.90E-01	0
38.497	-9.051	3.41E-01	2
38.495	-9.014	3.53E-01	0
38.493	-8.975	3.51E-01	2
38.492	-8.940	2.36E-01	0
38.490	-8.906	1.22E-01	2
38.488	-8.869	3.80E-02	0
38.486	-8.833	5.70E-02	2
38.484	-8.797	1.39E-01	0
38.482	-8.761	7.50E-02	2
38.480	-8.725	1.43E-01	0
38.478	-8.689	3.35E-01	3
38.476	-8.654	3.44E-01	0
38.474	-8.619	3.64E-01	3
38.472	-8.584	3.32E-01	0
38.470	-8.548	3.55E-01	3
38.468	-8.514	3.56E-01	0
38.466	-8.479	3.68E-01	3
38.464	-8.445	3.64E-01	0
38.462	-8.411	3.78E-01	3
38.460	-8.377	3.46E-01	0
38.458	-8.343	3.38E-01	3
38.456	-8.309	3.99E-01	0
38.454	-8.275	3.81E-01	3
38.492	-9.244	3.00E-02	0
38.490	-9.205	1.44E-01	2
38.488	-9.167	2.94E-01	0
38.486	-9.128	3.16E-01	2
38.484	-9.090	3.21E-01	0
38.482	-9.052	3.37E-01	2
38.480	-9.013	4.02E-01	0
38.478	-8.978	2.19E-01	2
38.476	-8.943	5.10E-02	0
38.475	-8.907	9.10E-02	2
38.473	-8.870	1.22E-01	0
38.471	-8.834	0.00E+00	2
38.469	-8.798	4.30E-02	0
38.467	-8.762	3.20E-02	2
38.465	-8.726	1.34E-01	0
38.463	-8.690	2.97E-01	2
38.461	-8.655	3.16E-01	0
38.459	-8.620	3.47E-01	2
38.457	-8.585	3.81E-01	0
38.455	-8.550	3.63E-01	2
38.453	-8.515	3.58E-01	0
38.451	-8.481	3.64E-01	2
38.449	-8.447	3.69E-01	0
38.448	-8.413	3.80E-01	2
38.446	-8.379	2.95E-01	0
38.444	-8.345	3.21E-01	2
38.442	-8.311	3.66E-01	0
38.440	-8.277	3.71E-01	2
38.476	-9.245	0.00E+00	0
38.474	-9.207	2.01E-01	2
38.472	-9.168	3.29E-01	0
38.470	-9.129	3.51E-01	2
38.469	-9.091	3.54E-01	0
38.467	-9.053	3.72E-01	3
38.465	-9.014	3.37E-01	0
38.463	-8.981	1.24E-01	2
38.461	-8.945	0.00E+00	0
38.459	-8.908	0.00E+00	2
38.457	-8.872	1.11E-01	0
38.456	-8.835	6.60E-02	3
38.454	-8.799	0.00E+00	0
38.452	-8.763	0.00E+00	3
38.450	-8.728	1.12E-01	0
38.448	-8.692	2.57E-01	3
38.446	-8.656	3.07E-01	0
38.444	-8.622	3.17E-01	3
38.442	-8.586	3.61E-01	0
38.440	-8.551	3.73E-01	3
38.438	-8.517	3.75E-01	0
38.437	-8.482	3.53E-01	3
38.435	-8.448	3.51E-01	0
38.433	-8.414	3.52E-01	3
38.431	-8.380	2.83E-01	0
38.429	-8.346	3.39E-01	3
38.427	-8.313	2.99E-01	0
38.425	-8.279	3.32E-01	3
