 8.580000E-01 - Wavelength
 9.9050E-02 Slambda
 
 
 
 
   1     0.000000E+00     1.000000E-01     3.851987E-02     3.532005E-02     3.210593E-03     1.970948E-03     
   2     1.000000E-01     5.000000E-01     3.428050E-02     3.143295E-02     3.139500E-03     1.948958E-03     
   3     5.000000E-01     1.000000E+00     2.781193E-02     2.550159E-02     2.872242E-03     1.857440E-03     
   4     1.000000E+00     2.000000E+00     1.972230E-02     1.808415E-02     2.571582E-03     1.746382E-03     
   5     2.000000E+00     3.000000E+00     1.175296E-02     1.088582E-02     2.077279E-03     1.551418E-03     
   6     3.000000E+00     4.000000E+00     6.772923E-03     6.394416E-03     1.677982E-03     1.380706E-03     
   7     4.000000E+00     5.000000E+00     5.423460E-03     5.120461E-03     1.407011E-03     1.232799E-03     
   8     5.000000E+00     6.000000E+00     4.742362E-03     4.477499E-03     1.198301E-03     1.103666E-03     
   9     6.000000E+00     7.000000E+00     3.880976E-03     3.664218E-03     1.051315E-03     9.906861E-04     
  10     7.000000E+00     8.000000E+00     2.601516E-03     2.456210E-03     9.292735E-04     8.892723E-04     
  11     8.000000E+00     9.000000E+00     1.406186E-03     1.327714E-03     8.253973E-04     7.991404E-04     
  12     9.000000E+00     1.000000E+01     8.124420E-04     7.670667E-04     7.343980E-04     7.153623E-04     
  13     1.000000E+01     1.100000E+01     5.271363E-04     5.093389E-04     6.470398E-04     6.322988E-04     
  14     1.100000E+01     1.200000E+01     3.743389E-04     3.743389E-04     5.646054E-04     5.515181E-04     
  15     1.200000E+01     1.300000E+01     3.010947E-04     3.010945E-04     4.853833E-04     4.725937E-04     
  16     1.300000E+01     1.400000E+01     2.498013E-04     2.498013E-04     4.205047E-04     4.063689E-04     
  17     1.400000E+01     1.500000E+01     2.182360E-04     2.182342E-04     3.681850E-04     3.505267E-04     
  18     1.500000E+01     1.600000E+01     2.027894E-04     2.027894E-04     3.194473E-04     3.023651E-04     
  19     1.600000E+01     1.700000E+01     2.106402E-04     2.106323E-04     2.804823E-04     2.630019E-04     
  20     1.700000E+01     1.800000E+01     2.466574E-04     2.466574E-04     2.463880E-04     2.289496E-04     
  21     1.800000E+01     1.900000E+01     2.873715E-04     2.873715E-04     2.200965E-04     1.989531E-04     
  22     1.900000E+01     2.000000E+01     3.053801E-04     3.053801E-04     2.007326E-04     1.726980E-04     
  23     2.000000E+01     2.100000E+01     2.841574E-04     2.841574E-04     1.813956E-04     1.495971E-04     
  24     2.100000E+01     2.300000E+01     2.048239E-04     2.048239E-04     1.605964E-04     1.292883E-04     
  25     2.300000E+01     2.500000E+01     1.064704E-04     1.064702E-04     1.288637E-04     9.652587E-05     
  26     2.500000E+01     3.000000E+01     3.719332E-05     3.719314E-05     1.050595E-04     7.178001E-05     
  27     3.000000E+01     3.500000E+01     1.595457E-05     1.585153E-05     5.623922E-05     3.389251E-05     
  28     3.500000E+01     4.000000E+01     1.039626E-05     1.024937E-05     2.810329E-05     1.477778E-05     
  29     4.000000E+01     4.500000E+01     5.131757E-06     5.059243E-06     1.260456E-05     7.187024E-06     
  30     4.500000E+01     5.000000E+01     2.624716E-06     2.587600E-06     5.313464E-06     3.624031E-06     
  31     5.000000E+01     7.000000E+01     6.698214E-07     6.603494E-07     2.473436E-06     1.917016E-06     
  32     7.000000E+01     1.000000E+02     2.747372E-08     2.708522E-08     1.776998E-07     1.707266E-07     

1.000000E+00  9.994000E-01  9.976000E-01  9.945000E-01  9.903000E-01  9.848000E-01  9.781000E-01  9.613000E-01  9.397000E-01  9.135000E-01  8.829000E-01  8.480000E-01  8.090000E-01  7.660000E-01  6.428000E-01  5.000000E-01  3.420000E-01  1.736000E-01  0.000000E+00  -1.736000E-01  -3.420000E-01  -5.000000E-01  -5.736000E-01  -6.428000E-01  -7.071000E-01  -7.660000E-01  -8.192000E-01  -8.660000E-01  -9.063000E-01  -9.397000E-01  -9.659000E-01  -9.848000E-01  -9.962000E-01  -1.000000E+00  
1     1.187420E+02     2.130469E+01     1.046520E+01     7.247266E+00     5.762774E+00     4.884858E+00     4.273167E+00     3.408634E+00     2.774809E+00     2.271803E+00     1.862824E+00     1.529050E+00     1.256317E+00     1.033782E+00     6.416422E-01     4.077699E-01     2.676364E-01     1.837199E-01     1.331573E-01     1.031342E-01     8.656462E-02     7.900900E-02     7.778411E-02     7.804456E-02     7.977098E-02     8.290058E-02     8.747163E-02     9.344431E-02     1.003400E-01     1.067441E-01     1.109669E-01     1.158395E-01     1.268819E-01     1.338153E-01     
2     1.054041E+02     2.082339E+01     1.014036E+01     6.973709E+00     5.545676E+00     4.716269E+00     4.143691E+00     3.334718E+00     2.736682E+00     2.256528E+00     1.862146E+00     1.537027E+00     1.269177E+00     1.049000E+00     6.569256E-01     4.202323E-01     2.770676E-01     1.906676E-01     1.384014E-01     1.073321E-01     9.009122E-02     8.220033E-02     8.087648E-02     8.105461E-02     8.274990E-02     8.582370E-02     9.032539E-02     9.625466E-02     1.032541E-01     1.104401E-01     1.155618E-01     1.219495E-01     1.344047E-01     1.419021E-01     
3     9.032397E+01     2.027877E+01     9.773918E+00     6.664419E+00     5.300123E+00     4.525652E+00     3.997320E+00     3.251144E+00     2.693450E+00     2.239371E+00     1.861309E+00     1.546079E+00     1.283779E+00     1.066268E+00     6.742003E-01     4.343272E-01     2.877235E-01     1.985198E-01     1.443427E-01     1.120846E-01     9.407932E-02     8.580839E-02     8.437261E-02     8.445855E-02     8.611860E-02     8.912976E-02     9.355190E-02     9.943204E-02     1.065466E-01     1.146198E-01     1.207660E-01     1.288628E-01     1.429109E-01     1.510473E-01     
4     8.624500E+01     2.013200E+01     9.674699E+00     6.580800E+00     5.233698E+00     4.474099E+00     3.957799E+00     3.228600E+00     2.681800E+00     2.234700E+00     1.861100E+00     1.548499E+00     1.287700E+00     1.070900E+00     6.788799E-01     4.381399E-01     2.906100E-01     2.006400E-01     1.459500E-01     1.133700E-01     9.515800E-02     8.678500E-02     8.531800E-02     8.537899E-02     8.702900E-02     9.002399E-02     9.442400E-02     1.002900E-01     1.074400E-01     1.157500E-01     1.221700E-01     1.307300E-01     1.452100E-01     1.535200E-01     
5     4.596200E+01     1.258300E+01     7.242900E+00     5.589399E+00     4.799200E+00     4.294999E+00     3.908199E+00     3.285699E+00     2.768100E+00     2.323600E+00     1.942899E+00     1.620099E+00     1.348800E+00     1.122400E+00     7.118399E-01     4.592899E-01     3.046300E-01     2.104100E-01     1.533600E-01     1.196300E-01     1.009500E-01     9.237600E-02     9.089600E-02     9.089600E-02     9.234498E-02     9.496601E-02     9.869698E-02     1.033200E-01     1.085900E-01     1.143300E-01     1.193600E-01     1.265400E-01     1.377900E-01     1.441800E-01     
6     4.947200E+00     4.898099E+00     4.766900E+00     4.579900E+00     4.356900E+00     4.112700E+00     3.857699E+00     3.343799E+00     2.855899E+00     2.414100E+00     2.026300E+00     1.693100E+00     1.411000E+00     1.174800E+00     7.454100E-01     4.808199E-01     3.189099E-01     2.203400E-01     1.609200E-01     1.260100E-01     1.068400E-01     9.806899E-02     9.657498E-02     9.651300E-02     9.775800E-02     9.999800E-02     1.030500E-01     1.064100E-01     1.097700E-01     1.128800E-01     1.164900E-01     1.222700E-01     1.302400E-01     1.346600E-01     
7     4.947200E+00     4.898099E+00     4.766900E+00     4.579900E+00     4.356900E+00     4.112700E+00     3.857699E+00     3.343799E+00     2.855899E+00     2.414100E+00     2.026300E+00     1.693100E+00     1.411000E+00     1.174800E+00     7.454100E-01     4.808199E-01     3.189099E-01     2.203400E-01     1.609200E-01     1.260100E-01     1.068400E-01     9.806899E-02     9.657498E-02     9.651300E-02     9.775800E-02     9.999800E-02     1.030500E-01     1.064100E-01     1.097700E-01     1.128800E-01     1.164900E-01     1.222700E-01     1.302400E-01     1.346600E-01     
8     4.947200E+00     4.898099E+00     4.766900E+00     4.579900E+00     4.356900E+00     4.112700E+00     3.857699E+00     3.343799E+00     2.855899E+00     2.414100E+00     2.026300E+00     1.693100E+00     1.411000E+00     1.174800E+00     7.454100E-01     4.808199E-01     3.189099E-01     2.203400E-01     1.609200E-01     1.260100E-01     1.068400E-01     9.806899E-02     9.657498E-02     9.651300E-02     9.775800E-02     9.999800E-02     1.030500E-01     1.064100E-01     1.097700E-01     1.128800E-01     1.164900E-01     1.222700E-01     1.302400E-01     1.346600E-01     
9     4.947200E+00     4.898099E+00     4.766900E+00     4.579900E+00     4.356900E+00     4.112700E+00     3.857699E+00     3.343799E+00     2.855899E+00     2.414100E+00     2.026300E+00     1.693100E+00     1.411000E+00     1.174800E+00     7.454100E-01     4.808199E-01     3.189099E-01     2.203400E-01     1.609200E-01     1.260100E-01     1.068400E-01     9.806899E-02     9.657498E-02     9.651300E-02     9.775800E-02     9.999800E-02     1.030500E-01     1.064100E-01     1.097700E-01     1.128800E-01     1.164900E-01     1.222700E-01     1.302400E-01     1.346600E-01     
10     4.947200E+00     4.898099E+00     4.766900E+00     4.579900E+00     4.356900E+00     4.112700E+00     3.857699E+00     3.343799E+00     2.855899E+00     2.414100E+00     2.026300E+00     1.693100E+00     1.411000E+00     1.174800E+00     7.454100E-01     4.808199E-01     3.189099E-01     2.203400E-01     1.609200E-01     1.260100E-01     1.068400E-01     9.806899E-02     9.657498E-02     9.651300E-02     9.775800E-02     9.999800E-02     1.030500E-01     1.064100E-01     1.097700E-01     1.128800E-01     1.164900E-01     1.222700E-01     1.302400E-01     1.346600E-01     
11     4.947200E+00     4.898099E+00     4.766900E+00     4.579900E+00     4.356900E+00     4.112700E+00     3.857699E+00     3.343799E+00     2.855899E+00     2.414100E+00     2.026300E+00     1.693100E+00     1.411000E+00     1.174800E+00     7.454100E-01     4.808199E-01     3.189099E-01     2.203400E-01     1.609200E-01     1.260100E-01     1.068400E-01     9.806899E-02     9.657498E-02     9.651300E-02     9.775800E-02     9.999800E-02     1.030500E-01     1.064100E-01     1.097700E-01     1.128800E-01     1.164900E-01     1.222700E-01     1.302400E-01     1.346600E-01     
12     4.947200E+00     4.898099E+00     4.766900E+00     4.579900E+00     4.356900E+00     4.112700E+00     3.857699E+00     3.343799E+00     2.855899E+00     2.414100E+00     2.026300E+00     1.693100E+00     1.411000E+00     1.174800E+00     7.454100E-01     4.808199E-01     3.189099E-01     2.203400E-01     1.609200E-01     1.260100E-01     1.068400E-01     9.806899E-02     9.657498E-02     9.651300E-02     9.775800E-02     9.999800E-02     1.030500E-01     1.064100E-01     1.097700E-01     1.128800E-01     1.164900E-01     1.222700E-01     1.302400E-01     1.346600E-01     
13     5.005675E+00     4.953806E+00     4.818810E+00     4.629217E+00     4.405278E+00     4.160420E+00     3.904915E+00     3.389349E+00     2.897739E+00     2.450359E+00     2.056167E+00     1.716315E+00     1.428051E+00     1.186209E+00     7.468191E-01     4.769803E-01     3.131544E-01     2.143985E-01     1.554497E-01     1.210844E-01     1.022573E-01     9.355446E-02     9.196959E-02     9.180138E-02     9.290899E-02     9.498269E-02     9.784815E-02     1.011258E-01     1.044134E-01     1.073034E-01     1.100651E-01     1.139621E-01     1.197740E-01     1.232598E-01     
14     5.065082E+00     5.010300E+00     4.871619E+00     4.679224E+00     4.454340E+00     4.208948E+00     3.952925E+00     3.435617E+00     2.940183E+00     2.487210E+00     2.086400E+00     1.739851E+00     1.445258E+00     1.197757E+00     7.482466E-01     4.730800E-01     3.073136E-01     2.083631E-01     1.498998E-01     1.160798E-01     9.760515E-02     8.896883E-02     8.729178E-02     8.701600E-02     8.798485E-02     8.988825E-02     9.256770E-02     9.576730E-02     9.897245E-02     1.016324E-01     1.035378E-01     1.055197E-01     1.091357E-01     1.116934E-01     
15     5.065082E+00     5.010300E+00     4.871619E+00     4.679224E+00     4.454340E+00     4.208948E+00     3.952925E+00     3.435617E+00     2.940183E+00     2.487210E+00     2.086400E+00     1.739851E+00     1.445258E+00     1.197757E+00     7.482466E-01     4.730800E-01     3.073136E-01     2.083631E-01     1.498998E-01     1.160798E-01     9.760515E-02     8.896883E-02     8.729178E-02     8.701600E-02     8.798485E-02     8.988825E-02     9.256770E-02     9.576730E-02     9.897245E-02     1.016324E-01     1.035378E-01     1.055197E-01     1.091357E-01     1.116934E-01     
16     5.065082E+00     5.010300E+00     4.871619E+00     4.679224E+00     4.454340E+00     4.208948E+00     3.952925E+00     3.435617E+00     2.940183E+00     2.487210E+00     2.086400E+00     1.739851E+00     1.445258E+00     1.197757E+00     7.482466E-01     4.730800E-01     3.073136E-01     2.083631E-01     1.498998E-01     1.160798E-01     9.760515E-02     8.896883E-02     8.729178E-02     8.701600E-02     8.798485E-02     8.988825E-02     9.256770E-02     9.576730E-02     9.897245E-02     1.016324E-01     1.035378E-01     1.055197E-01     1.091357E-01     1.116934E-01     
17     5.065082E+00     5.010300E+00     4.871619E+00     4.679224E+00     4.454340E+00     4.208948E+00     3.952925E+00     3.435617E+00     2.940183E+00     2.487210E+00     2.086400E+00     1.739851E+00     1.445258E+00     1.197757E+00     7.482466E-01     4.730800E-01     3.073136E-01     2.083631E-01     1.498998E-01     1.160798E-01     9.760515E-02     8.896883E-02     8.729178E-02     8.701600E-02     8.798485E-02     8.988825E-02     9.256770E-02     9.576730E-02     9.897245E-02     1.016324E-01     1.035378E-01     1.055197E-01     1.091357E-01     1.116934E-01     
18     5.065082E+00     5.010300E+00     4.871619E+00     4.679224E+00     4.454340E+00     4.208948E+00     3.952925E+00     3.435617E+00     2.940183E+00     2.487210E+00     2.086400E+00     1.739851E+00     1.445258E+00     1.197757E+00     7.482466E-01     4.730800E-01     3.073136E-01     2.083631E-01     1.498998E-01     1.160798E-01     9.760515E-02     8.896883E-02     8.729178E-02     8.701600E-02     8.798485E-02     8.988825E-02     9.256770E-02     9.576730E-02     9.897245E-02     1.016324E-01     1.035378E-01     1.055197E-01     1.091357E-01     1.116934E-01     
19     5.065082E+00     5.010300E+00     4.871619E+00     4.679224E+00     4.454340E+00     4.208948E+00     3.952925E+00     3.435617E+00     2.940183E+00     2.487210E+00     2.086400E+00     1.739851E+00     1.445258E+00     1.197757E+00     7.482466E-01     4.730800E-01     3.073136E-01     2.083631E-01     1.498998E-01     1.160798E-01     9.760515E-02     8.896883E-02     8.729178E-02     8.701600E-02     8.798485E-02     8.988825E-02     9.256770E-02     9.576730E-02     9.897245E-02     1.016324E-01     1.035378E-01     1.055197E-01     1.091357E-01     1.116934E-01     
20     5.065082E+00     5.010300E+00     4.871619E+00     4.679224E+00     4.454340E+00     4.208948E+00     3.952925E+00     3.435617E+00     2.940183E+00     2.487210E+00     2.086400E+00     1.739851E+00     1.445258E+00     1.197757E+00     7.482466E-01     4.730800E-01     3.073136E-01     2.083631E-01     1.498998E-01     1.160798E-01     9.760515E-02     8.896883E-02     8.729178E-02     8.701600E-02     8.798485E-02     8.988825E-02     9.256770E-02     9.576730E-02     9.897245E-02     1.016324E-01     1.035378E-01     1.055197E-01     1.091357E-01     1.116934E-01     
21     5.065082E+00     5.010300E+00     4.871619E+00     4.679224E+00     4.454340E+00     4.208948E+00     3.952925E+00     3.435617E+00     2.940183E+00     2.487210E+00     2.086400E+00     1.739851E+00     1.445258E+00     1.197757E+00     7.482466E-01     4.730800E-01     3.073136E-01     2.083631E-01     1.498998E-01     1.160798E-01     9.760515E-02     8.896883E-02     8.729178E-02     8.701600E-02     8.798485E-02     8.988825E-02     9.256770E-02     9.576730E-02     9.897245E-02     1.016324E-01     1.035378E-01     1.055197E-01     1.091357E-01     1.116934E-01     
22     5.065082E+00     5.010300E+00     4.871619E+00     4.679224E+00     4.454340E+00     4.208948E+00     3.952925E+00     3.435617E+00     2.940183E+00     2.487210E+00     2.086400E+00     1.739851E+00     1.445258E+00     1.197757E+00     7.482466E-01     4.730800E-01     3.073136E-01     2.083631E-01     1.498998E-01     1.160798E-01     9.760515E-02     8.896883E-02     8.729178E-02     8.701600E-02     8.798485E-02     8.988825E-02     9.256770E-02     9.576730E-02     9.897245E-02     1.016324E-01     1.035378E-01     1.055197E-01     1.091357E-01     1.116934E-01     
23     5.065082E+00     5.010300E+00     4.871619E+00     4.679224E+00     4.454340E+00     4.208948E+00     3.952925E+00     3.435617E+00     2.940183E+00     2.487210E+00     2.086400E+00     1.739851E+00     1.445258E+00     1.197757E+00     7.482466E-01     4.730800E-01     3.073136E-01     2.083631E-01     1.498998E-01     1.160798E-01     9.760515E-02     8.896883E-02     8.729178E-02     8.701600E-02     8.798485E-02     8.988825E-02     9.256770E-02     9.576730E-02     9.897245E-02     1.016324E-01     1.035378E-01     1.055197E-01     1.091357E-01     1.116934E-01     
24     5.065082E+00     5.010300E+00     4.871619E+00     4.679224E+00     4.454340E+00     4.208948E+00     3.952925E+00     3.435617E+00     2.940183E+00     2.487210E+00     2.086400E+00     1.739851E+00     1.445258E+00     1.197757E+00     7.482466E-01     4.730800E-01     3.073136E-01     2.083631E-01     1.498998E-01     1.160798E-01     9.760515E-02     8.896883E-02     8.729178E-02     8.701600E-02     8.798485E-02     8.988825E-02     9.256770E-02     9.576730E-02     9.897245E-02     1.016324E-01     1.035378E-01     1.055197E-01     1.091357E-01     1.116934E-01     
25     5.065082E+00     5.010300E+00     4.871619E+00     4.679224E+00     4.454340E+00     4.208948E+00     3.952925E+00     3.435617E+00     2.940183E+00     2.487210E+00     2.086400E+00     1.739851E+00     1.445258E+00     1.197757E+00     7.482466E-01     4.730800E-01     3.073136E-01     2.083631E-01     1.498998E-01     1.160798E-01     9.760515E-02     8.896883E-02     8.729178E-02     8.701600E-02     8.798485E-02     8.988825E-02     9.256770E-02     9.576730E-02     9.897245E-02     1.016324E-01     1.035378E-01     1.055197E-01     1.091357E-01     1.116934E-01     
26     5.065082E+00     5.010300E+00     4.871619E+00     4.679224E+00     4.454340E+00     4.208948E+00     3.952925E+00     3.435617E+00     2.940183E+00     2.487210E+00     2.086400E+00     1.739851E+00     1.445258E+00     1.197757E+00     7.482466E-01     4.730800E-01     3.073136E-01     2.083631E-01     1.498998E-01     1.160798E-01     9.760515E-02     8.896883E-02     8.729178E-02     8.701600E-02     8.798485E-02     8.988825E-02     9.256770E-02     9.576730E-02     9.897245E-02     1.016324E-01     1.035378E-01     1.055197E-01     1.091357E-01     1.116934E-01     
27     2.687133E+01     1.586007E+01     1.081280E+01     8.214907E+00     6.631674E+00     5.558876E+00     4.777854E+00     3.687247E+00     2.932226E+00     2.363762E+00     1.920096E+00     1.566331E+00     1.279974E+00     1.047844E+00     6.424351E-01     4.037789E-01     2.618730E-01     1.780530E-01     1.280865E-01     9.887620E-02     8.243104E-02     7.526219E-02     7.447647E-02     7.552126E-02     7.845628E-02     8.399026E-02     9.241355E-02     1.053072E-01     1.219478E-01     1.412088E-01     1.486589E-01     1.510050E-01     1.710526E-01     1.905610E-01     
28     4.822732E+01     2.648620E+01     1.663215E+01     1.167818E+01     8.764228E+00     6.881114E+00     5.585859E+00     3.933647E+00     2.924413E+00     2.242889E+00     1.757154E+00     1.396326E+00     1.117974E+00     9.010483E-01     5.387949E-01     3.358956E-01     2.173657E-01     1.483674E-01     1.067243E-01     8.202240E-02     6.756765E-02     6.183769E-02     6.192436E-02     6.426257E-02     6.912340E-02     7.821357E-02     9.226191E-02     1.146481E-01     1.444471E-01     1.799696E-01     1.928477E-01     1.955453E-01     2.316916E-01     2.678008E-01     
29     4.822732E+01     2.648620E+01     1.663215E+01     1.167818E+01     8.764228E+00     6.881114E+00     5.585859E+00     3.933647E+00     2.924413E+00     2.242889E+00     1.757154E+00     1.396326E+00     1.117974E+00     9.010483E-01     5.387949E-01     3.358956E-01     2.173657E-01     1.483674E-01     1.067243E-01     8.202240E-02     6.756765E-02     6.183769E-02     6.192436E-02     6.426257E-02     6.912340E-02     7.821357E-02     9.226191E-02     1.146481E-01     1.444471E-01     1.799696E-01     1.928477E-01     1.955453E-01     2.316916E-01     2.678008E-01     
30     4.822732E+01     2.648620E+01     1.663215E+01     1.167818E+01     8.764228E+00     6.881114E+00     5.585859E+00     3.933647E+00     2.924413E+00     2.242889E+00     1.757154E+00     1.396326E+00     1.117974E+00     9.010483E-01     5.387949E-01     3.358956E-01     2.173657E-01     1.483674E-01     1.067243E-01     8.202240E-02     6.756765E-02     6.183769E-02     6.192436E-02     6.426257E-02     6.912340E-02     7.821357E-02     9.226191E-02     1.146481E-01     1.444471E-01     1.799696E-01     1.928477E-01     1.955453E-01     2.316916E-01     2.678008E-01     
31     4.822732E+01     2.648620E+01     1.663215E+01     1.167818E+01     8.764228E+00     6.881114E+00     5.585859E+00     3.933647E+00     2.924413E+00     2.242889E+00     1.757154E+00     1.396326E+00     1.117974E+00     9.010483E-01     5.387949E-01     3.358956E-01     2.173657E-01     1.483674E-01     1.067243E-01     8.202240E-02     6.756765E-02     6.183769E-02     6.192436E-02     6.426257E-02     6.912340E-02     7.821357E-02     9.226191E-02     1.146481E-01     1.444471E-01     1.799696E-01     1.928477E-01     1.955453E-01     2.316916E-01     2.678008E-01     
32     4.822732E+01     2.648620E+01     1.663215E+01     1.167818E+01     8.764228E+00     6.881114E+00     5.585859E+00     3.933647E+00     2.924413E+00     2.242889E+00     1.757154E+00     1.396326E+00     1.117974E+00     9.010483E-01     5.387949E-01     3.358956E-01     2.173657E-01     1.483674E-01     1.067243E-01     8.202240E-02     6.756765E-02     6.183769E-02     6.192436E-02     6.426257E-02     6.912340E-02     7.821357E-02     9.226191E-02     1.146481E-01     1.444471E-01     1.799696E-01     1.928477E-01     1.955453E-01     2.316916E-01     2.678008E-01     

1     0.000000E+00     4.265403E-02     7.167202E-02     9.861437E-02     1.262838E-01     1.553575E-01     1.858540E-01     2.507055E-01     3.173951E-01     3.833703E-01     4.466311E-01     5.058145E-01     5.601733E-01     6.093752E-01     7.126276E-01     7.875518E-01     8.408962E-01     8.788983E-01     9.064091E-01     9.269207E-01     9.428952E-01     9.559717E-01     9.617357E-01     9.671344E-01     9.722033E-01     9.770049E-01     9.815252E-01     9.857681E-01     9.896702E-01     9.931285E-01     9.959769E-01     9.981230E-01     9.995015E-01     9.999999E-01     
2     0.000000E+00     3.844588E-02     6.672803E-02     9.275984E-02     1.193896E-01     1.474053E-01     1.769079E-01     2.400459E-01     3.055286E-01     3.708034E-01     4.338154E-01     4.931309E-01     5.478987E-01     5.977052E-01     7.028407E-01     7.797373E-01     8.348224E-01     8.741953E-01     9.027650E-01     9.241025E-01     9.407219E-01     9.543342E-01     9.603358E-01     9.659396E-01     9.712000E-01     9.761687E-01     9.808516E-01     9.852248E-01     9.892369E-01     9.928048E-01     9.957731E-01     9.980134E-01     9.994717E-01     9.999999E-01     
3     0.000000E+00     3.368765E-02     6.113667E-02     8.614115E-02     1.115902E-01     1.384134E-01     1.667933E-01     2.279993E-01     2.921075E-01     3.565986E-01     4.193347E-01     4.787898E-01     5.340164E-01     5.845079E-01     6.917697E-01     7.709164E-01     8.279472E-01     8.688824E-01     8.986542E-01     9.209146E-01     9.382730E-01     9.524797E-01     9.587430E-01     9.645847E-01     9.700686E-01     9.752380E-01     9.800818E-01     9.846095E-01     9.887598E-01     9.924497E-01     9.955398E-01     9.978917E-01     9.994401E-01     9.999999E-01     
4     0.000000E+00     3.240000E-02     5.962499E-02     8.435100E-02     1.094800E-01     1.359800E-01     1.640600E-01     2.247399E-01     2.884800E-01     3.527500E-01     4.154100E-01     4.749099E-01     5.302600E-01     5.809399E-01     6.887800E-01     7.685298E-01     8.260899E-01     8.674499E-01     8.975399E-01     9.200500E-01     9.376101E-01     9.519799E-01     9.583098E-01     9.642200E-01     9.697599E-01     9.749798E-01     9.798797E-01     9.844397E-01     9.886298E-01     9.923500E-01     9.954699E-01     9.978599E-01     9.994299E-01     9.999999E-01     
5     0.000000E+00     1.783200E-02     3.594100E-02     5.545998E-02     7.755500E-02     1.023800E-01     1.297000E-01     1.904400E-01     2.557300E-01     3.222899E-01     3.875699E-01     4.497400E-01     5.076799E-01     5.607800E-01     6.738200E-01     7.574300E-01     8.177700E-01     8.611298E-01     8.927199E-01     9.164199E-01     9.349898E-01     9.502598E-01     9.569998E-01     9.632900E-01     9.691901E-01     9.747099E-01     9.798496E-01     9.845799E-01     9.888500E-01     9.925701E-01     9.956400E-01     9.979599E-01     9.994598E-01     9.999999E-01     
6     0.000000E+00     2.998699E-03     1.182600E-02     2.604399E-02     4.505200E-02     6.817500E-02     9.471700E-02     1.555200E-01     2.223800E-01     2.912800E-01     3.592100E-01     4.241100E-01     4.846901E-01     5.402499E-01     6.585900E-01     7.461298E-01     8.093097E-01     8.546999E-01     8.878099E-01     9.127198E-01     9.323199E-01     9.485100E-01     9.556701E-01     9.623499E-01     9.685998E-01     9.744198E-01     9.798200E-01     9.847199E-01     9.890799E-01     9.927996E-01     9.957998E-01     9.980597E-01     9.995000E-01     9.999999E-01     
7     0.000000E+00     2.998699E-03     1.182600E-02     2.604399E-02     4.505200E-02     6.817500E-02     9.471700E-02     1.555200E-01     2.223800E-01     2.912800E-01     3.592100E-01     4.241100E-01     4.846901E-01     5.402499E-01     6.585900E-01     7.461298E-01     8.093097E-01     8.546999E-01     8.878099E-01     9.127198E-01     9.323199E-01     9.485100E-01     9.556701E-01     9.623499E-01     9.685998E-01     9.744198E-01     9.798200E-01     9.847199E-01     9.890799E-01     9.927996E-01     9.957998E-01     9.980597E-01     9.995000E-01     9.999999E-01     
8     0.000000E+00     2.998699E-03     1.182600E-02     2.604399E-02     4.505200E-02     6.817500E-02     9.471700E-02     1.555200E-01     2.223800E-01     2.912800E-01     3.592100E-01     4.241100E-01     4.846901E-01     5.402499E-01     6.585900E-01     7.461298E-01     8.093097E-01     8.546999E-01     8.878099E-01     9.127198E-01     9.323199E-01     9.485100E-01     9.556701E-01     9.623499E-01     9.685998E-01     9.744198E-01     9.798200E-01     9.847199E-01     9.890799E-01     9.927996E-01     9.957998E-01     9.980597E-01     9.995000E-01     9.999999E-01     
9     0.000000E+00     2.998699E-03     1.182600E-02     2.604399E-02     4.505200E-02     6.817500E-02     9.471700E-02     1.555200E-01     2.223800E-01     2.912800E-01     3.592100E-01     4.241100E-01     4.846901E-01     5.402499E-01     6.585900E-01     7.461298E-01     8.093097E-01     8.546999E-01     8.878099E-01     9.127198E-01     9.323199E-01     9.485100E-01     9.556701E-01     9.623499E-01     9.685998E-01     9.744198E-01     9.798200E-01     9.847199E-01     9.890799E-01     9.927996E-01     9.957998E-01     9.980597E-01     9.995000E-01     9.999999E-01     
10     0.000000E+00     2.998699E-03     1.182600E-02     2.604399E-02     4.505200E-02     6.817500E-02     9.471700E-02     1.555200E-01     2.223800E-01     2.912800E-01     3.592100E-01     4.241100E-01     4.846901E-01     5.402499E-01     6.585900E-01     7.461298E-01     8.093097E-01     8.546999E-01     8.878099E-01     9.127198E-01     9.323199E-01     9.485100E-01     9.556701E-01     9.623499E-01     9.685998E-01     9.744198E-01     9.798200E-01     9.847199E-01     9.890799E-01     9.927996E-01     9.957998E-01     9.980597E-01     9.995000E-01     9.999999E-01     
11     0.000000E+00     2.998699E-03     1.182600E-02     2.604399E-02     4.505200E-02     6.817500E-02     9.471700E-02     1.555200E-01     2.223800E-01     2.912800E-01     3.592100E-01     4.241100E-01     4.846901E-01     5.402499E-01     6.585900E-01     7.461298E-01     8.093097E-01     8.546999E-01     8.878099E-01     9.127198E-01     9.323199E-01     9.485100E-01     9.556701E-01     9.623499E-01     9.685998E-01     9.744198E-01     9.798200E-01     9.847199E-01     9.890799E-01     9.927996E-01     9.957998E-01     9.980597E-01     9.995000E-01     9.999999E-01     
12     0.000000E+00     2.998699E-03     1.182600E-02     2.604399E-02     4.505200E-02     6.817500E-02     9.471700E-02     1.555200E-01     2.223800E-01     2.912800E-01     3.592100E-01     4.241100E-01     4.846901E-01     5.402499E-01     6.585900E-01     7.461298E-01     8.093097E-01     8.546999E-01     8.878099E-01     9.127198E-01     9.323199E-01     9.485100E-01     9.556701E-01     9.623499E-01     9.685998E-01     9.744198E-01     9.798200E-01     9.847199E-01     9.890799E-01     9.927996E-01     9.957998E-01     9.980597E-01     9.995000E-01     9.999999E-01     
13     0.000000E+00     3.033462E-03     1.195991E-02     2.633093E-02     4.554676E-02     6.893208E-02     9.579054E-02     1.573755E-01     2.251763E-01     2.950964E-01     3.640470E-01     4.298699E-01     4.912333E-01     5.474080E-01     6.665343E-01     7.539002E-01     8.163188E-01     8.607253E-01     8.928389E-01     9.168548E-01     9.356555E-01     9.511172E-01     9.579431E-01     9.643053E-01     9.702443E-01     9.757798E-01     9.809019E-01     9.855691E-01     9.897040E-01     9.932381E-01     9.960881E-01     9.982048E-01     9.995382E-01     9.999999E-01     
14     0.000000E+00     3.068773E-03     1.209508E-02     2.662221E-02     4.604844E-02     6.970087E-02     9.688083E-02     1.592616E-01     2.280198E-01     2.989746E-01     3.689482E-01     4.357178E-01     4.978785E-01     5.546700E-01     6.745979E-01     7.617910E-01     8.234368E-01     8.668496E-01     8.979585E-01     9.210523E-01     9.390354E-01     9.537808E-01     9.602624E-01     9.662972E-01     9.719251E-01     9.771662E-01     9.820105E-01     9.864179E-01     9.903485E-01     9.936941E-01     9.963844E-01     9.983580E-01     9.995784E-01     9.999999E-01     
15     0.000000E+00     3.068773E-03     1.209508E-02     2.662221E-02     4.604844E-02     6.970087E-02     9.688083E-02     1.592616E-01     2.280198E-01     2.989746E-01     3.689482E-01     4.357178E-01     4.978785E-01     5.546700E-01     6.745979E-01     7.617910E-01     8.234368E-01     8.668496E-01     8.979585E-01     9.210523E-01     9.390354E-01     9.537808E-01     9.602624E-01     9.662972E-01     9.719251E-01     9.771662E-01     9.820105E-01     9.864179E-01     9.903485E-01     9.936941E-01     9.963844E-01     9.983580E-01     9.995784E-01     9.999999E-01     
16     0.000000E+00     3.068773E-03     1.209508E-02     2.662221E-02     4.604844E-02     6.970087E-02     9.688083E-02     1.592616E-01     2.280198E-01     2.989746E-01     3.689482E-01     4.357178E-01     4.978785E-01     5.546700E-01     6.745979E-01     7.617910E-01     8.234368E-01     8.668496E-01     8.979585E-01     9.210523E-01     9.390354E-01     9.537808E-01     9.602624E-01     9.662972E-01     9.719251E-01     9.771662E-01     9.820105E-01     9.864179E-01     9.903485E-01     9.936941E-01     9.963844E-01     9.983580E-01     9.995784E-01     9.999999E-01     
17     0.000000E+00     3.068773E-03     1.209508E-02     2.662221E-02     4.604844E-02     6.970087E-02     9.688083E-02     1.592616E-01     2.280198E-01     2.989746E-01     3.689482E-01     4.357178E-01     4.978785E-01     5.546700E-01     6.745979E-01     7.617910E-01     8.234368E-01     8.668496E-01     8.979585E-01     9.210523E-01     9.390354E-01     9.537808E-01     9.602624E-01     9.662972E-01     9.719251E-01     9.771662E-01     9.820105E-01     9.864179E-01     9.903485E-01     9.936941E-01     9.963844E-01     9.983580E-01     9.995784E-01     9.999999E-01     
18     0.000000E+00     3.068773E-03     1.209508E-02     2.662221E-02     4.604844E-02     6.970087E-02     9.688083E-02     1.592616E-01     2.280198E-01     2.989746E-01     3.689482E-01     4.357178E-01     4.978785E-01     5.546700E-01     6.745979E-01     7.617910E-01     8.234368E-01     8.668496E-01     8.979585E-01     9.210523E-01     9.390354E-01     9.537808E-01     9.602624E-01     9.662972E-01     9.719251E-01     9.771662E-01     9.820105E-01     9.864179E-01     9.903485E-01     9.936941E-01     9.963844E-01     9.983580E-01     9.995784E-01     9.999999E-01     
19     0.000000E+00     3.068773E-03     1.209508E-02     2.662221E-02     4.604844E-02     6.970087E-02     9.688083E-02     1.592616E-01     2.280198E-01     2.989746E-01     3.689482E-01     4.357178E-01     4.978785E-01     5.546700E-01     6.745979E-01     7.617910E-01     8.234368E-01     8.668496E-01     8.979585E-01     9.210523E-01     9.390354E-01     9.537808E-01     9.602624E-01     9.662972E-01     9.719251E-01     9.771662E-01     9.820105E-01     9.864179E-01     9.903485E-01     9.936941E-01     9.963844E-01     9.983580E-01     9.995784E-01     9.999999E-01     
20     0.000000E+00     3.068773E-03     1.209508E-02     2.662221E-02     4.604844E-02     6.970087E-02     9.688083E-02     1.592616E-01     2.280198E-01     2.989746E-01     3.689482E-01     4.357178E-01     4.978785E-01     5.546700E-01     6.745979E-01     7.617910E-01     8.234368E-01     8.668496E-01     8.979585E-01     9.210523E-01     9.390354E-01     9.537808E-01     9.602624E-01     9.662972E-01     9.719251E-01     9.771662E-01     9.820105E-01     9.864179E-01     9.903485E-01     9.936941E-01     9.963844E-01     9.983580E-01     9.995784E-01     9.999999E-01     
21     0.000000E+00     3.068773E-03     1.209508E-02     2.662221E-02     4.604844E-02     6.970087E-02     9.688083E-02     1.592616E-01     2.280198E-01     2.989746E-01     3.689482E-01     4.357178E-01     4.978785E-01     5.546700E-01     6.745979E-01     7.617910E-01     8.234368E-01     8.668496E-01     8.979585E-01     9.210523E-01     9.390354E-01     9.537808E-01     9.602624E-01     9.662972E-01     9.719251E-01     9.771662E-01     9.820105E-01     9.864179E-01     9.903485E-01     9.936941E-01     9.963844E-01     9.983580E-01     9.995784E-01     9.999999E-01     
22     0.000000E+00     3.068773E-03     1.209508E-02     2.662221E-02     4.604844E-02     6.970087E-02     9.688083E-02     1.592616E-01     2.280198E-01     2.989746E-01     3.689482E-01     4.357178E-01     4.978785E-01     5.546700E-01     6.745979E-01     7.617910E-01     8.234368E-01     8.668496E-01     8.979585E-01     9.210523E-01     9.390354E-01     9.537808E-01     9.602624E-01     9.662972E-01     9.719251E-01     9.771662E-01     9.820105E-01     9.864179E-01     9.903485E-01     9.936941E-01     9.963844E-01     9.983580E-01     9.995784E-01     9.999999E-01     
23     0.000000E+00     3.068773E-03     1.209508E-02     2.662221E-02     4.604844E-02     6.970087E-02     9.688083E-02     1.592616E-01     2.280198E-01     2.989746E-01     3.689482E-01     4.357178E-01     4.978785E-01     5.546700E-01     6.745979E-01     7.617910E-01     8.234368E-01     8.668496E-01     8.979585E-01     9.210523E-01     9.390354E-01     9.537808E-01     9.602624E-01     9.662972E-01     9.719251E-01     9.771662E-01     9.820105E-01     9.864179E-01     9.903485E-01     9.936941E-01     9.963844E-01     9.983580E-01     9.995784E-01     9.999999E-01     
24     0.000000E+00     3.068773E-03     1.209508E-02     2.662221E-02     4.604844E-02     6.970087E-02     9.688083E-02     1.592616E-01     2.280198E-01     2.989746E-01     3.689482E-01     4.357178E-01     4.978785E-01     5.546700E-01     6.745979E-01     7.617910E-01     8.234368E-01     8.668496E-01     8.979585E-01     9.210523E-01     9.390354E-01     9.537808E-01     9.602624E-01     9.662972E-01     9.719251E-01     9.771662E-01     9.820105E-01     9.864179E-01     9.903485E-01     9.936941E-01     9.963844E-01     9.983580E-01     9.995784E-01     9.999999E-01     
25     0.000000E+00     3.068773E-03     1.209508E-02     2.662221E-02     4.604844E-02     6.970087E-02     9.688083E-02     1.592616E-01     2.280198E-01     2.989746E-01     3.689482E-01     4.357178E-01     4.978785E-01     5.546700E-01     6.745979E-01     7.617910E-01     8.234368E-01     8.668496E-01     8.979585E-01     9.210523E-01     9.390354E-01     9.537808E-01     9.602624E-01     9.662972E-01     9.719251E-01     9.771662E-01     9.820105E-01     9.864179E-01     9.903485E-01     9.936941E-01     9.963844E-01     9.983580E-01     9.995784E-01     9.999999E-01     
26     0.000000E+00     3.068773E-03     1.209508E-02     2.662221E-02     4.604844E-02     6.970087E-02     9.688083E-02     1.592616E-01     2.280198E-01     2.989746E-01     3.689482E-01     4.357178E-01     4.978785E-01     5.546700E-01     6.745979E-01     7.617910E-01     8.234368E-01     8.668496E-01     8.979585E-01     9.210523E-01     9.390354E-01     9.537808E-01     9.602624E-01     9.662972E-01     9.719251E-01     9.771662E-01     9.820105E-01     9.864179E-01     9.903485E-01     9.936941E-01     9.963844E-01     9.983580E-01     9.995784E-01     9.999999E-01     
27     0.000000E+00     1.301513E-02     3.737741E-02     6.632044E-02     9.789857E-02     1.311804E-01     1.656019E-01     2.370753E-01     3.084604E-01     3.777003E-01     4.432361E-01     5.040727E-01     5.596200E-01     6.096337E-01     7.138079E-01     7.884991E-01     8.410809E-01     8.781148E-01     9.046936E-01     9.244043E-01     9.396648E-01     9.521216E-01     9.576290E-01     9.628232E-01     9.677737E-01     9.725625E-01     9.772462E-01     9.818769E-01     9.864586E-01     9.908502E-01     9.946470E-01     9.974782E-01     9.993114E-01     9.999999E-01     
28     0.000000E+00     2.275606E-02     6.213951E-02     1.052006E-01     1.486799E-01     1.913953E-01     2.329121E-01     3.132844E-01     3.872443E-01     4.547983E-01     5.159971E-01     5.710252E-01     6.200894E-01     6.634710E-01     7.522066E-01     8.146536E-01     8.583602E-01     8.891508E-01     9.112948E-01     9.276876E-01     9.402773E-01     9.504955E-01     9.550508E-01     9.594156E-01     9.637105E-01     9.680475E-01     9.725806E-01     9.774222E-01     9.826451E-01     9.880583E-01     9.929495E-01     9.966185E-01     9.990487E-01     9.999999E-01     
29     0.000000E+00     2.275606E-02     6.213951E-02     1.052006E-01     1.486799E-01     1.913953E-01     2.329121E-01     3.132844E-01     3.872443E-01     4.547983E-01     5.159971E-01     5.710252E-01     6.200894E-01     6.634710E-01     7.522066E-01     8.146536E-01     8.583602E-01     8.891508E-01     9.112948E-01     9.276876E-01     9.402773E-01     9.504955E-01     9.550508E-01     9.594156E-01     9.637105E-01     9.680475E-01     9.725806E-01     9.774222E-01     9.826451E-01     9.880583E-01     9.929495E-01     9.966185E-01     9.990487E-01     9.999999E-01     
30     0.000000E+00     2.275606E-02     6.213951E-02     1.052006E-01     1.486799E-01     1.913953E-01     2.329121E-01     3.132844E-01     3.872443E-01     4.547983E-01     5.159971E-01     5.710252E-01     6.200894E-01     6.634710E-01     7.522066E-01     8.146536E-01     8.583602E-01     8.891508E-01     9.112948E-01     9.276876E-01     9.402773E-01     9.504955E-01     9.550508E-01     9.594156E-01     9.637105E-01     9.680475E-01     9.725806E-01     9.774222E-01     9.826451E-01     9.880583E-01     9.929495E-01     9.966185E-01     9.990487E-01     9.999999E-01     
31     0.000000E+00     2.275606E-02     6.213951E-02     1.052006E-01     1.486799E-01     1.913953E-01     2.329121E-01     3.132844E-01     3.872443E-01     4.547983E-01     5.159971E-01     5.710252E-01     6.200894E-01     6.634710E-01     7.522066E-01     8.146536E-01     8.583602E-01     8.891508E-01     9.112948E-01     9.276876E-01     9.402773E-01     9.504955E-01     9.550508E-01     9.594156E-01     9.637105E-01     9.680475E-01     9.725806E-01     9.774222E-01     9.826451E-01     9.880583E-01     9.929495E-01     9.966185E-01     9.990487E-01     9.999999E-01     
32     0.000000E+00     2.275606E-02     6.213951E-02     1.052006E-01     1.486799E-01     1.913953E-01     2.329121E-01     3.132844E-01     3.872443E-01     4.547983E-01     5.159971E-01     5.710252E-01     6.200894E-01     6.634710E-01     7.522066E-01     8.146536E-01     8.583602E-01     8.891508E-01     9.112948E-01     9.276876E-01     9.402773E-01     9.504955E-01     9.550508E-01     9.594156E-01     9.637105E-01     9.680475E-01     9.725806E-01     9.774222E-01     9.826451E-01     9.880583E-01     9.929495E-01     9.966185E-01     9.990487E-01     9.999999E-01     
