 6.450000E-01 - Wavelength
 1.5930E-01 Slambda
 
 
 
   1     0.000000E+00     1.000000E-01     7.199032E-02     6.772023E-02     9.530187E-03     6.086987E-03     
   2     1.000000E-01     5.000000E-01     6.407107E-02     6.027003E-02     9.340649E-03     6.019075E-03     
   3     5.000000E-01     1.000000E+00     5.198723E-02     4.890428E-02     8.614721E-03     5.736435E-03     
   4     1.000000E+00     2.000000E+00     3.686941E-02     3.468239E-02     7.803606E-03     5.393448E-03     
   5     2.000000E+00     3.000000E+00     2.237473E-02     2.120595E-02     6.439371E-03     4.791330E-03     
   6     3.000000E+00     4.000000E+00     1.267069E-02     1.217242E-02     5.346973E-03     4.264111E-03     
   7     4.000000E+00     5.000000E+00     8.743843E-03     8.400063E-03     4.570680E-03     3.807323E-03     
   8     5.000000E+00     6.000000E+00     6.953102E-03     6.679791E-03     3.979216E-03     3.408514E-03     
   9     6.000000E+00     7.000000E+00     5.690150E-03     5.466525E-03     3.534321E-03     3.059591E-03     
  10     7.000000E+00     8.000000E+00     3.814199E-03     3.664267E-03     3.168806E-03     2.746389E-03     
  11     8.000000E+00     9.000000E+00     2.061752E-03     1.980727E-03     2.851473E-03     2.468030E-03     
  12     9.000000E+00     1.000000E+01     1.191193E-03     1.144352E-03     2.580914E-03     2.209293E-03     
  13     1.000000E+01     1.100000E+01     7.882612E-04     7.698995E-04     2.339193E-03     1.952764E-03     
  14     1.100000E+01     1.200000E+01     5.764869E-04     5.764869E-04     2.121486E-03     1.703284E-03     
  15     1.200000E+01     1.300000E+01     4.636768E-04     4.636768E-04     1.907850E-03     1.459537E-03     
  16     1.300000E+01     1.400000E+01     3.846870E-04     3.846870E-04     1.752035E-03     1.255012E-03     
  17     1.400000E+01     1.500000E+01     3.360809E-04     3.360809E-04     1.657732E-03     1.082551E-03     
  18     1.500000E+01     1.600000E+01     3.122915E-04     3.122915E-04     1.482201E-03     9.338110E-04     
  19     1.600000E+01     1.700000E+01     3.243744E-04     3.243744E-04     1.365035E-03     8.122432E-04     
  20     1.700000E+01     1.800000E+01     3.798429E-04     3.798429E-04     1.252497E-03     7.070779E-04     
  21     1.800000E+01     1.900000E+01     4.425469E-04     4.425469E-04     1.268361E-03     6.144379E-04     
  22     1.900000E+01     2.000000E+01     4.702846E-04     4.702846E-04     1.347659E-03     5.333527E-04     
  23     2.000000E+01     2.100000E+01     4.376002E-04     4.375995E-04     1.375455E-03     4.620089E-04     
  24     2.100000E+01     2.300000E+01     3.154346E-04     3.154346E-04     1.328792E-03     3.992881E-04     
  25     2.300000E+01     2.500000E+01     1.639705E-04     1.639705E-04     1.250705E-03     2.981062E-04     
  26     2.500000E+01     3.000000E+01     5.727775E-05     5.727775E-05     1.197594E-03     2.216822E-04     
  27     3.000000E+01     3.500000E+01     2.127187E-05     2.121543E-05     7.552201E-04     1.046721E-04     
  28     3.500000E+01     4.000000E+01     1.130626E-05     1.122539E-05     4.332212E-04     4.563904E-05     
  29     4.000000E+01     4.500000E+01     5.581127E-06     5.541075E-06     1.830803E-04     2.219609E-05     
  30     4.500000E+01     5.000000E+01     2.854532E-06     2.834025E-06     6.019558E-05     1.119230E-05     
  31     5.000000E+01     7.000000E+01     7.284769E-07     7.232499E-07     2.221841E-05     5.920428E-06     
  32     7.000000E+01     1.000000E+02     2.987888E-08     2.966467E-08     7.658382E-07     5.272645E-07     

1.000000E+00  9.994000E-01  9.976000E-01  9.945000E-01  9.903000E-01  9.848000E-01  9.781000E-01  9.613000E-01  9.397000E-01  9.135000E-01  8.829000E-01  8.480000E-01  8.090000E-01  7.660000E-01  6.428000E-01  5.000000E-01  3.420000E-01  1.736000E-01  0.000000E+00  -1.736000E-01  -3.420000E-01  -5.000000E-01  -5.736000E-01  -6.428000E-01  -7.071000E-01  -7.660000E-01  -8.192000E-01  -8.660000E-01  -9.063000E-01  -9.397000E-01  -9.659000E-01  -9.848000E-01  -9.962000E-01  -1.000000E+00  
1     1.435923E+02     1.882859E+01     9.691434E+00     7.137617E+00     5.908874E+00     5.114659E+00     4.513819E+00     3.600037E+00     2.902695E+00     2.347620E+00     1.901024E+00     1.541979E+00     1.253013E+00     1.020641E+00     6.202452E-01     3.879789E-01     2.517586E-01     1.716090E-01     1.236621E-01     9.526541E-02     7.979085E-02     7.296313E-02     7.206743E-02     7.274254E-02     7.497852E-02     7.887786E-02     8.453351E-02     9.193821E-02     1.005307E-01     1.080479E-01     1.125772E-01     1.181851E-01     1.329555E-01     1.421793E-01     
2     1.201999E+02     1.936031E+01     9.684590E+00     6.910576E+00     5.633505E+00     4.853467E+00     4.287047E+00     3.448524E+00     2.812520E+00     2.301496E+00     1.884751E+00     1.544686E+00     1.267206E+00     1.041127E+00     6.441623E-01     4.084397E-01     2.676034E-01     1.834572E-01     1.327531E-01     1.026510E-01     8.605850E-02     7.860047E-02     7.747205E-02     7.789651E-02     7.989390E-02     8.342391E-02     8.856752E-02     9.534460E-02     1.033500E-01     1.111886E-01     1.164886E-01     1.232972E-01     1.379517E-01     1.468075E-01     
3     9.351019E+01     1.996669E+01     9.676827E+00     6.651340E+00     5.319250E+00     4.555323E+00     4.028223E+00     3.275637E+00     2.709758E+00     2.248979E+00     1.866186E+00     1.547693E+00     1.283307E+00     1.064600E+00     6.714476E-01     4.317862E-01     2.856847E-01     1.969641E-01     1.431227E-01     1.110727E-01     9.321105E-02     8.503383E-02     8.363970E-02     8.377857E-02     8.550251E-02     8.861221E-02     9.317102E-02     9.923351E-02     1.065700E-01     1.147793E-01     1.209593E-01     1.291393E-01     1.436579E-01     1.520872E-01     
4     8.624498E+01     2.013199E+01     9.674698E+00     6.580798E+00     5.233699E+00     4.474098E+00     3.957799E+00     3.228599E+00     2.681799E+00     2.234699E+00     1.861099E+00     1.548500E+00     1.287700E+00     1.070900E+00     6.788798E-01     4.381399E-01     2.906099E-01     2.006400E-01     1.459500E-01     1.133700E-01     9.515798E-02     8.678497E-02     8.531797E-02     8.537899E-02     8.702898E-02     9.002399E-02     9.442398E-02     1.002900E-01     1.074400E-01     1.157500E-01     1.221700E-01     1.307299E-01     1.452100E-01     1.535200E-01     
5     4.596198E+01     1.258299E+01     7.242896E+00     5.589399E+00     4.799199E+00     4.295000E+00     3.908199E+00     3.285699E+00     2.768099E+00     2.323600E+00     1.942899E+00     1.620100E+00     1.348800E+00     1.122400E+00     7.118397E-01     4.592898E-01     3.046300E-01     2.104099E-01     1.533599E-01     1.196300E-01     1.009500E-01     9.237598E-02     9.089597E-02     9.089597E-02     9.234498E-02     9.496596E-02     9.869697E-02     1.033200E-01     1.085900E-01     1.143300E-01     1.193600E-01     1.265400E-01     1.377900E-01     1.441800E-01     
6     4.947198E+00     4.898099E+00     4.766899E+00     4.579899E+00     4.356899E+00     4.112699E+00     3.857699E+00     3.343799E+00     2.855899E+00     2.414099E+00     2.026299E+00     1.693100E+00     1.411000E+00     1.174800E+00     7.454100E-01     4.808199E-01     3.189099E-01     2.203400E-01     1.609200E-01     1.260100E-01     1.068400E-01     9.806897E-02     9.657498E-02     9.651298E-02     9.775799E-02     9.999797E-02     1.030500E-01     1.064100E-01     1.097700E-01     1.128800E-01     1.164900E-01     1.222700E-01     1.302400E-01     1.346600E-01     
7     4.947198E+00     4.898099E+00     4.766899E+00     4.579899E+00     4.356899E+00     4.112699E+00     3.857699E+00     3.343799E+00     2.855899E+00     2.414099E+00     2.026299E+00     1.693100E+00     1.411000E+00     1.174800E+00     7.454100E-01     4.808199E-01     3.189099E-01     2.203400E-01     1.609200E-01     1.260100E-01     1.068400E-01     9.806897E-02     9.657498E-02     9.651298E-02     9.775799E-02     9.999797E-02     1.030500E-01     1.064100E-01     1.097700E-01     1.128800E-01     1.164900E-01     1.222700E-01     1.302400E-01     1.346600E-01     
8     4.947198E+00     4.898099E+00     4.766899E+00     4.579899E+00     4.356899E+00     4.112699E+00     3.857699E+00     3.343799E+00     2.855899E+00     2.414099E+00     2.026299E+00     1.693100E+00     1.411000E+00     1.174800E+00     7.454100E-01     4.808199E-01     3.189099E-01     2.203400E-01     1.609200E-01     1.260100E-01     1.068400E-01     9.806897E-02     9.657498E-02     9.651298E-02     9.775799E-02     9.999797E-02     1.030500E-01     1.064100E-01     1.097700E-01     1.128800E-01     1.164900E-01     1.222700E-01     1.302400E-01     1.346600E-01     
9     4.947198E+00     4.898099E+00     4.766899E+00     4.579899E+00     4.356899E+00     4.112699E+00     3.857699E+00     3.343799E+00     2.855899E+00     2.414099E+00     2.026299E+00     1.693100E+00     1.411000E+00     1.174800E+00     7.454100E-01     4.808199E-01     3.189099E-01     2.203400E-01     1.609200E-01     1.260100E-01     1.068400E-01     9.806897E-02     9.657498E-02     9.651298E-02     9.775799E-02     9.999797E-02     1.030500E-01     1.064100E-01     1.097700E-01     1.128800E-01     1.164900E-01     1.222700E-01     1.302400E-01     1.346600E-01     
10     4.947198E+00     4.898099E+00     4.766899E+00     4.579899E+00     4.356899E+00     4.112699E+00     3.857699E+00     3.343799E+00     2.855899E+00     2.414099E+00     2.026299E+00     1.693100E+00     1.411000E+00     1.174800E+00     7.454100E-01     4.808199E-01     3.189099E-01     2.203400E-01     1.609200E-01     1.260100E-01     1.068400E-01     9.806897E-02     9.657498E-02     9.651298E-02     9.775799E-02     9.999797E-02     1.030500E-01     1.064100E-01     1.097700E-01     1.128800E-01     1.164900E-01     1.222700E-01     1.302400E-01     1.346600E-01     
11     4.947198E+00     4.898099E+00     4.766899E+00     4.579899E+00     4.356899E+00     4.112699E+00     3.857699E+00     3.343799E+00     2.855899E+00     2.414099E+00     2.026299E+00     1.693100E+00     1.411000E+00     1.174800E+00     7.454100E-01     4.808199E-01     3.189099E-01     2.203400E-01     1.609200E-01     1.260100E-01     1.068400E-01     9.806897E-02     9.657498E-02     9.651298E-02     9.775799E-02     9.999797E-02     1.030500E-01     1.064100E-01     1.097700E-01     1.128800E-01     1.164900E-01     1.222700E-01     1.302400E-01     1.346600E-01     
12     4.947198E+00     4.898099E+00     4.766899E+00     4.579899E+00     4.356899E+00     4.112699E+00     3.857699E+00     3.343799E+00     2.855899E+00     2.414099E+00     2.026299E+00     1.693100E+00     1.411000E+00     1.174800E+00     7.454100E-01     4.808199E-01     3.189099E-01     2.203400E-01     1.609200E-01     1.260100E-01     1.068400E-01     9.806897E-02     9.657498E-02     9.651298E-02     9.775799E-02     9.999797E-02     1.030500E-01     1.064100E-01     1.097700E-01     1.128800E-01     1.164900E-01     1.222700E-01     1.302400E-01     1.346600E-01     
13     6.056571E+00     5.970681E+00     5.754830E+00     5.461941E+00     5.127965E+00     4.774590E+00     4.416874E+00     3.724970E+00     3.098530E+00     2.554572E+00     2.094637E+00     1.712941E+00     1.399796E+00     1.144810E+00     6.999585E-01     4.391017E-01     2.854162E-01     1.943969E-01     1.405545E-01     1.092776E-01     9.223932E-02     8.452904E-02     8.325434E-02     8.334687E-02     8.468252E-02     8.698217E-02     9.008977E-02     9.360234E-02     9.702026E-02     9.988051E-02     1.023986E-01     1.061593E-01     1.124986E-01     1.165372E-01     
14     7.163641E+00     7.041148E+00     6.740838E+00     6.342253E+00     5.897494E+00     5.435223E+00     4.974896E+00     4.105361E+00     3.340581E+00     2.694664E+00     2.162882E+00     1.732876E+00     1.388679E+00     1.114834E+00     6.546032E-01     3.974708E-01     2.519898E-01     1.684925E-01     1.202276E-01     9.257676E-02     7.766554E-02     7.101706E-02     6.995977E-02     7.020679E-02     7.163496E-02     7.399327E-02     7.715956E-02     8.082283E-02     8.429953E-02     8.690781E-02     8.833684E-02     9.007647E-02     9.479345E-02     9.845523E-02     
15     7.163641E+00     7.041148E+00     6.740838E+00     6.342253E+00     5.897494E+00     5.435223E+00     4.974896E+00     4.105361E+00     3.340581E+00     2.694664E+00     2.162882E+00     1.732876E+00     1.388679E+00     1.114834E+00     6.546032E-01     3.974708E-01     2.519898E-01     1.684925E-01     1.202276E-01     9.257676E-02     7.766554E-02     7.101706E-02     6.995977E-02     7.020679E-02     7.163496E-02     7.399327E-02     7.715956E-02     8.082283E-02     8.429953E-02     8.690781E-02     8.833684E-02     9.007647E-02     9.479345E-02     9.845523E-02     
16     7.163641E+00     7.041148E+00     6.740838E+00     6.342253E+00     5.897494E+00     5.435223E+00     4.974896E+00     4.105361E+00     3.340581E+00     2.694664E+00     2.162882E+00     1.732876E+00     1.388679E+00     1.114834E+00     6.546032E-01     3.974708E-01     2.519898E-01     1.684925E-01     1.202276E-01     9.257676E-02     7.766554E-02     7.101706E-02     6.995977E-02     7.020679E-02     7.163496E-02     7.399327E-02     7.715956E-02     8.082283E-02     8.429953E-02     8.690781E-02     8.833684E-02     9.007647E-02     9.479345E-02     9.845523E-02     
17     7.163641E+00     7.041148E+00     6.740838E+00     6.342253E+00     5.897494E+00     5.435223E+00     4.974896E+00     4.105361E+00     3.340581E+00     2.694664E+00     2.162882E+00     1.732876E+00     1.388679E+00     1.114834E+00     6.546032E-01     3.974708E-01     2.519898E-01     1.684925E-01     1.202276E-01     9.257676E-02     7.766554E-02     7.101706E-02     6.995977E-02     7.020679E-02     7.163496E-02     7.399327E-02     7.715956E-02     8.082283E-02     8.429953E-02     8.690781E-02     8.833684E-02     9.007647E-02     9.479345E-02     9.845523E-02     
18     7.163641E+00     7.041148E+00     6.740838E+00     6.342253E+00     5.897494E+00     5.435223E+00     4.974896E+00     4.105361E+00     3.340581E+00     2.694664E+00     2.162882E+00     1.732876E+00     1.388679E+00     1.114834E+00     6.546032E-01     3.974708E-01     2.519898E-01     1.684925E-01     1.202276E-01     9.257676E-02     7.766554E-02     7.101706E-02     6.995977E-02     7.020679E-02     7.163496E-02     7.399327E-02     7.715956E-02     8.082283E-02     8.429953E-02     8.690781E-02     8.833684E-02     9.007647E-02     9.479345E-02     9.845523E-02     
19     7.163641E+00     7.041148E+00     6.740838E+00     6.342253E+00     5.897494E+00     5.435223E+00     4.974896E+00     4.105361E+00     3.340581E+00     2.694664E+00     2.162882E+00     1.732876E+00     1.388679E+00     1.114834E+00     6.546032E-01     3.974708E-01     2.519898E-01     1.684925E-01     1.202276E-01     9.257676E-02     7.766554E-02     7.101706E-02     6.995977E-02     7.020679E-02     7.163496E-02     7.399327E-02     7.715956E-02     8.082283E-02     8.429953E-02     8.690781E-02     8.833684E-02     9.007647E-02     9.479345E-02     9.845523E-02     
20     7.163641E+00     7.041148E+00     6.740838E+00     6.342253E+00     5.897494E+00     5.435223E+00     4.974896E+00     4.105361E+00     3.340581E+00     2.694664E+00     2.162882E+00     1.732876E+00     1.388679E+00     1.114834E+00     6.546032E-01     3.974708E-01     2.519898E-01     1.684925E-01     1.202276E-01     9.257676E-02     7.766554E-02     7.101706E-02     6.995977E-02     7.020679E-02     7.163496E-02     7.399327E-02     7.715956E-02     8.082283E-02     8.429953E-02     8.690781E-02     8.833684E-02     9.007647E-02     9.479345E-02     9.845523E-02     
21     7.163641E+00     7.041148E+00     6.740838E+00     6.342253E+00     5.897494E+00     5.435223E+00     4.974896E+00     4.105361E+00     3.340581E+00     2.694664E+00     2.162882E+00     1.732876E+00     1.388679E+00     1.114834E+00     6.546032E-01     3.974708E-01     2.519898E-01     1.684925E-01     1.202276E-01     9.257676E-02     7.766554E-02     7.101706E-02     6.995977E-02     7.020679E-02     7.163496E-02     7.399327E-02     7.715956E-02     8.082283E-02     8.429953E-02     8.690781E-02     8.833684E-02     9.007647E-02     9.479345E-02     9.845523E-02     
22     7.163641E+00     7.041148E+00     6.740838E+00     6.342253E+00     5.897494E+00     5.435223E+00     4.974896E+00     4.105361E+00     3.340581E+00     2.694664E+00     2.162882E+00     1.732876E+00     1.388679E+00     1.114834E+00     6.546032E-01     3.974708E-01     2.519898E-01     1.684925E-01     1.202276E-01     9.257676E-02     7.766554E-02     7.101706E-02     6.995977E-02     7.020679E-02     7.163496E-02     7.399327E-02     7.715956E-02     8.082283E-02     8.429953E-02     8.690781E-02     8.833684E-02     9.007647E-02     9.479345E-02     9.845523E-02     
23     7.163641E+00     7.041148E+00     6.740838E+00     6.342253E+00     5.897494E+00     5.435223E+00     4.974896E+00     4.105361E+00     3.340581E+00     2.694664E+00     2.162882E+00     1.732876E+00     1.388679E+00     1.114834E+00     6.546032E-01     3.974708E-01     2.519898E-01     1.684925E-01     1.202276E-01     9.257676E-02     7.766554E-02     7.101706E-02     6.995977E-02     7.020679E-02     7.163496E-02     7.399327E-02     7.715956E-02     8.082283E-02     8.429953E-02     8.690781E-02     8.833684E-02     9.007647E-02     9.479345E-02     9.845523E-02     
24     7.163641E+00     7.041148E+00     6.740838E+00     6.342253E+00     5.897494E+00     5.435223E+00     4.974896E+00     4.105361E+00     3.340581E+00     2.694664E+00     2.162882E+00     1.732876E+00     1.388679E+00     1.114834E+00     6.546032E-01     3.974708E-01     2.519898E-01     1.684925E-01     1.202276E-01     9.257676E-02     7.766554E-02     7.101706E-02     6.995977E-02     7.020679E-02     7.163496E-02     7.399327E-02     7.715956E-02     8.082283E-02     8.429953E-02     8.690781E-02     8.833684E-02     9.007647E-02     9.479345E-02     9.845523E-02     
25     7.163641E+00     7.041148E+00     6.740838E+00     6.342253E+00     5.897494E+00     5.435223E+00     4.974896E+00     4.105361E+00     3.340581E+00     2.694664E+00     2.162882E+00     1.732876E+00     1.388679E+00     1.114834E+00     6.546032E-01     3.974708E-01     2.519898E-01     1.684925E-01     1.202276E-01     9.257676E-02     7.766554E-02     7.101706E-02     6.995977E-02     7.020679E-02     7.163496E-02     7.399327E-02     7.715956E-02     8.082283E-02     8.429953E-02     8.690781E-02     8.833684E-02     9.007647E-02     9.479345E-02     9.845523E-02     
26     7.163641E+00     7.041148E+00     6.740838E+00     6.342253E+00     5.897494E+00     5.435223E+00     4.974896E+00     4.105361E+00     3.340581E+00     2.694664E+00     2.162882E+00     1.732876E+00     1.388679E+00     1.114834E+00     6.546032E-01     3.974708E-01     2.519898E-01     1.684925E-01     1.202276E-01     9.257676E-02     7.766554E-02     7.101706E-02     6.995977E-02     7.020679E-02     7.163496E-02     7.399327E-02     7.715956E-02     8.082283E-02     8.429953E-02     8.690781E-02     8.833684E-02     9.007647E-02     9.479345E-02     9.845523E-02     
27     5.075821E+01     2.220259E+01     1.304733E+01     9.250625E+00     7.220713E+00     5.948012E+00     5.059788E+00     3.847326E+00     3.013340E+00     2.388386E+00     1.907082E+00     1.530731E+00     1.231852E+00     9.947118E-01     5.928190E-01     3.661531E-01     2.346662E-01     1.587062E-01     1.135152E-01     8.707988E-02     7.193769E-02     6.553498E-02     6.491964E-02     6.615035E-02     6.916541E-02     7.491922E-02     8.356606E-02     9.762679E-02     1.163351E-01     1.416407E-01     1.542769E-01     1.612744E-01     1.851454E-01     2.027224E-01     
28     9.358271E+01     3.709565E+01     1.924164E+01     1.210724E+01     8.520567E+00     6.451744E+00     5.143145E+00     3.593963E+00     2.691900E+00     2.087514E+00     1.655776E+00     1.332186E+00     1.077917E+00     8.766972E-01     5.321276E-01     3.353789E-01     2.176441E-01     1.490813E-01     1.069321E-01     8.168060E-02     6.631047E-02     6.015038E-02     5.996798E-02     6.216434E-02     6.674008E-02     7.582931E-02     8.985964E-02     1.141334E-01     1.477952E-01     1.954054E-01     2.190471E-01     2.312215E-01     2.739050E-01     3.051502E-01     
29     9.358271E+01     3.709565E+01     1.924164E+01     1.210724E+01     8.520567E+00     6.451744E+00     5.143145E+00     3.593963E+00     2.691900E+00     2.087514E+00     1.655776E+00     1.332186E+00     1.077917E+00     8.766972E-01     5.321276E-01     3.353789E-01     2.176441E-01     1.490813E-01     1.069321E-01     8.168060E-02     6.631047E-02     6.015038E-02     5.996798E-02     6.216434E-02     6.674008E-02     7.582931E-02     8.985964E-02     1.141334E-01     1.477952E-01     1.954054E-01     2.190471E-01     2.312215E-01     2.739050E-01     3.051502E-01     
30     9.358271E+01     3.709565E+01     1.924164E+01     1.210724E+01     8.520567E+00     6.451744E+00     5.143145E+00     3.593963E+00     2.691900E+00     2.087514E+00     1.655776E+00     1.332186E+00     1.077917E+00     8.766972E-01     5.321276E-01     3.353789E-01     2.176441E-01     1.490813E-01     1.069321E-01     8.168060E-02     6.631047E-02     6.015038E-02     5.996798E-02     6.216434E-02     6.674008E-02     7.582931E-02     8.985964E-02     1.141334E-01     1.477952E-01     1.954054E-01     2.190471E-01     2.312215E-01     2.739050E-01     3.051502E-01     
31     9.358271E+01     3.709565E+01     1.924164E+01     1.210724E+01     8.520567E+00     6.451744E+00     5.143145E+00     3.593963E+00     2.691900E+00     2.087514E+00     1.655776E+00     1.332186E+00     1.077917E+00     8.766972E-01     5.321276E-01     3.353789E-01     2.176441E-01     1.490813E-01     1.069321E-01     8.168060E-02     6.631047E-02     6.015038E-02     5.996798E-02     6.216434E-02     6.674008E-02     7.582931E-02     8.985964E-02     1.141334E-01     1.477952E-01     1.954054E-01     2.190471E-01     2.312215E-01     2.739050E-01     3.051502E-01     
32     9.358271E+01     3.709565E+01     1.924164E+01     1.210724E+01     8.520567E+00     6.451744E+00     5.143145E+00     3.593963E+00     2.691900E+00     2.087514E+00     1.655776E+00     1.332186E+00     1.077917E+00     8.766972E-01     5.321276E-01     3.353789E-01     2.176441E-01     1.490813E-01     1.069321E-01     8.168060E-02     6.631047E-02     6.015038E-02     5.996798E-02     6.216434E-02     6.674008E-02     7.582931E-02     8.985964E-02     1.141334E-01     1.477952E-01     1.954054E-01     2.190471E-01     2.312215E-01     2.739050E-01     3.051502E-01     

1     0.000000E+00     4.946908E-02     7.551884E-02     1.011210E-01     1.288710E-01     1.589589E-01     1.910248E-01     2.595265E-01     3.296582E-01     3.983012E-01     4.632978E-01     5.233763E-01     5.779257E-01     6.267771E-01     7.279033E-01     7.998899E-01     8.504173E-01     8.860624E-01     9.116974E-01     9.307101E-01     9.454435E-01     9.575063E-01     9.628471E-01     9.678576E-01     9.726083E-01     9.771391E-01     9.814799E-01     9.856198E-01     9.894905E-01     9.929703E-01     9.958699E-01     9.980496E-01     9.994796E-01     1.000000E+00     
2     0.000000E+00     4.250766E-02     6.903667E-02     9.427859E-02     1.209552E-01     1.495931E-01     1.800310E-01     2.453361E-01     3.128606E-01     3.797264E-01     4.437650E-01     5.036135E-01     5.584835E-01     6.080843E-01     7.119478E-01     7.870924E-01     8.404960E-01     8.784694E-01     9.059222E-01     9.263642E-01     9.422464E-01     9.552570E-01     9.609978E-01     9.663691E-01     9.714491E-01     9.762600E-01     9.808298E-01     9.851398E-01     9.891399E-01     9.927198E-01     9.957100E-01     9.979698E-01     9.994598E-01     1.000000E+00     
3     0.000000E+00     3.456258E-02     6.163841E-02     8.647481E-02     1.119386E-01     1.388979E-01     1.674779E-01     2.291465E-01     2.936959E-01     3.585251E-01     4.214844E-01     4.810537E-01     5.363037E-01     5.867442E-01     6.937349E-01     7.724964E-01     8.291763E-01     8.698071E-01     8.993286E-01     9.213992E-01     9.385991E-01     9.526790E-01     9.588888E-01     9.646799E-01     9.701199E-01     9.752498E-01     9.800798E-01     9.845896E-01     9.887397E-01     9.924297E-01     9.955196E-01     9.978800E-01     9.994397E-01     1.000000E+00     
4     0.000000E+00     3.239999E-02     5.962499E-02     8.435099E-02     1.094800E-01     1.359800E-01     1.640599E-01     2.247400E-01     2.884799E-01     3.527499E-01     4.154100E-01     4.749099E-01     5.302598E-01     5.809399E-01     6.887798E-01     7.685299E-01     8.260897E-01     8.674499E-01     8.975399E-01     9.200498E-01     9.376099E-01     9.519798E-01     9.583097E-01     9.642196E-01     9.697598E-01     9.749799E-01     9.798798E-01     9.844397E-01     9.886299E-01     9.923498E-01     9.954698E-01     9.978599E-01     9.994298E-01     1.000000E+00     
5     0.000000E+00     1.783199E-02     3.594098E-02     5.545998E-02     7.755497E-02     1.023800E-01     1.296999E-01     1.904399E-01     2.557299E-01     3.222899E-01     3.875699E-01     4.497399E-01     5.076799E-01     5.607799E-01     6.738199E-01     7.574298E-01     8.177698E-01     8.611300E-01     8.927200E-01     9.164198E-01     9.349897E-01     9.502596E-01     9.570000E-01     9.632899E-01     9.691898E-01     9.747097E-01     9.798496E-01     9.845798E-01     9.888499E-01     9.925696E-01     9.956399E-01     9.979598E-01     9.994598E-01     1.000000E+00     
6     0.000000E+00     2.998699E-03     1.182600E-02     2.604400E-02     4.505198E-02     6.817498E-02     9.471699E-02     1.555199E-01     2.223800E-01     2.912799E-01     3.592100E-01     4.241100E-01     4.846899E-01     5.402499E-01     6.585898E-01     7.461298E-01     8.093099E-01     8.546998E-01     8.878098E-01     9.127198E-01     9.323199E-01     9.485098E-01     9.556699E-01     9.623498E-01     9.685997E-01     9.744195E-01     9.798198E-01     9.847196E-01     9.890800E-01     9.927996E-01     9.957998E-01     9.980599E-01     9.994998E-01     1.000000E+00     
7     0.000000E+00     2.998699E-03     1.182600E-02     2.604400E-02     4.505198E-02     6.817498E-02     9.471699E-02     1.555199E-01     2.223800E-01     2.912799E-01     3.592100E-01     4.241100E-01     4.846899E-01     5.402499E-01     6.585898E-01     7.461298E-01     8.093099E-01     8.546998E-01     8.878098E-01     9.127198E-01     9.323199E-01     9.485098E-01     9.556699E-01     9.623498E-01     9.685997E-01     9.744195E-01     9.798198E-01     9.847196E-01     9.890800E-01     9.927996E-01     9.957998E-01     9.980599E-01     9.994998E-01     1.000000E+00     
8     0.000000E+00     2.998699E-03     1.182600E-02     2.604400E-02     4.505198E-02     6.817498E-02     9.471699E-02     1.555199E-01     2.223800E-01     2.912799E-01     3.592100E-01     4.241100E-01     4.846899E-01     5.402499E-01     6.585898E-01     7.461298E-01     8.093099E-01     8.546998E-01     8.878098E-01     9.127198E-01     9.323199E-01     9.485098E-01     9.556699E-01     9.623498E-01     9.685997E-01     9.744195E-01     9.798198E-01     9.847196E-01     9.890800E-01     9.927996E-01     9.957998E-01     9.980599E-01     9.994998E-01     1.000000E+00     
9     0.000000E+00     2.998699E-03     1.182600E-02     2.604400E-02     4.505198E-02     6.817498E-02     9.471699E-02     1.555199E-01     2.223800E-01     2.912799E-01     3.592100E-01     4.241100E-01     4.846899E-01     5.402499E-01     6.585898E-01     7.461298E-01     8.093099E-01     8.546998E-01     8.878098E-01     9.127198E-01     9.323199E-01     9.485098E-01     9.556699E-01     9.623498E-01     9.685997E-01     9.744195E-01     9.798198E-01     9.847196E-01     9.890800E-01     9.927996E-01     9.957998E-01     9.980599E-01     9.994998E-01     1.000000E+00     
10     0.000000E+00     2.998699E-03     1.182600E-02     2.604400E-02     4.505198E-02     6.817498E-02     9.471699E-02     1.555199E-01     2.223800E-01     2.912799E-01     3.592100E-01     4.241100E-01     4.846899E-01     5.402499E-01     6.585898E-01     7.461298E-01     8.093099E-01     8.546998E-01     8.878098E-01     9.127198E-01     9.323199E-01     9.485098E-01     9.556699E-01     9.623498E-01     9.685997E-01     9.744195E-01     9.798198E-01     9.847196E-01     9.890800E-01     9.927996E-01     9.957998E-01     9.980599E-01     9.994998E-01     1.000000E+00     
11     0.000000E+00     2.998699E-03     1.182600E-02     2.604400E-02     4.505198E-02     6.817498E-02     9.471699E-02     1.555199E-01     2.223800E-01     2.912799E-01     3.592100E-01     4.241100E-01     4.846899E-01     5.402499E-01     6.585898E-01     7.461298E-01     8.093099E-01     8.546998E-01     8.878098E-01     9.127198E-01     9.323199E-01     9.485098E-01     9.556699E-01     9.623498E-01     9.685997E-01     9.744195E-01     9.798198E-01     9.847196E-01     9.890800E-01     9.927996E-01     9.957998E-01     9.980599E-01     9.994998E-01     1.000000E+00     
12     0.000000E+00     2.998699E-03     1.182600E-02     2.604400E-02     4.505198E-02     6.817498E-02     9.471699E-02     1.555199E-01     2.223800E-01     2.912799E-01     3.592100E-01     4.241100E-01     4.846899E-01     5.402499E-01     6.585898E-01     7.461298E-01     8.093099E-01     8.546998E-01     8.878098E-01     9.127198E-01     9.323199E-01     9.485098E-01     9.556699E-01     9.623498E-01     9.685997E-01     9.744195E-01     9.798198E-01     9.847196E-01     9.890800E-01     9.927996E-01     9.957998E-01     9.980599E-01     9.994998E-01     1.000000E+00     
13     0.000000E+00     3.663252E-03     1.437330E-02     3.143497E-02     5.395908E-02     8.099439E-02     1.116072E-01     1.803399E-01     2.539354E-01     3.278364E-01     3.989622E-01     4.654115E-01     5.261543E-01     5.808285E-01     6.945222E-01     7.758380E-01     8.330703E-01     8.734602E-01     9.025470E-01     9.242325E-01     9.411967E-01     9.551601E-01     9.613322E-01     9.671027E-01     9.725042E-01     9.775655E-01     9.822661E-01     9.865677E-01     9.904084E-01     9.936985E-01     9.963490E-01     9.983199E-01     9.995598E-01     1.000000E+00     
14     0.000000E+00     4.326460E-03     1.691488E-02     3.681538E-02     6.284783E-02     9.378877E-02     1.284565E-01     2.051205E-01     2.854229E-01     3.643248E-01     4.386373E-01     5.066165E-01     5.675315E-01     6.213297E-01     7.303787E-01     8.054883E-01     8.567831E-01     8.921819E-01     9.172550E-01     9.357259E-01     9.500643E-01     9.618105E-01     9.669936E-01     9.718468E-01     9.764088E-01     9.807008E-01     9.847128E-01     9.884149E-01     9.917364E-01     9.945977E-01     9.968985E-01     9.985791E-01     9.996300E-01     1.000000E+00     
15     0.000000E+00     4.326460E-03     1.691488E-02     3.681538E-02     6.284783E-02     9.378877E-02     1.284565E-01     2.051205E-01     2.854229E-01     3.643248E-01     4.386373E-01     5.066165E-01     5.675315E-01     6.213297E-01     7.303787E-01     8.054883E-01     8.567831E-01     8.921819E-01     9.172550E-01     9.357259E-01     9.500643E-01     9.618105E-01     9.669936E-01     9.718468E-01     9.764088E-01     9.807008E-01     9.847128E-01     9.884149E-01     9.917364E-01     9.945977E-01     9.968985E-01     9.985791E-01     9.996300E-01     1.000000E+00     
16     0.000000E+00     4.326460E-03     1.691488E-02     3.681538E-02     6.284783E-02     9.378877E-02     1.284565E-01     2.051205E-01     2.854229E-01     3.643248E-01     4.386373E-01     5.066165E-01     5.675315E-01     6.213297E-01     7.303787E-01     8.054883E-01     8.567831E-01     8.921819E-01     9.172550E-01     9.357259E-01     9.500643E-01     9.618105E-01     9.669936E-01     9.718468E-01     9.764088E-01     9.807008E-01     9.847128E-01     9.884149E-01     9.917364E-01     9.945977E-01     9.968985E-01     9.985791E-01     9.996300E-01     1.000000E+00     
17     0.000000E+00     4.326460E-03     1.691488E-02     3.681538E-02     6.284783E-02     9.378877E-02     1.284565E-01     2.051205E-01     2.854229E-01     3.643248E-01     4.386373E-01     5.066165E-01     5.675315E-01     6.213297E-01     7.303787E-01     8.054883E-01     8.567831E-01     8.921819E-01     9.172550E-01     9.357259E-01     9.500643E-01     9.618105E-01     9.669936E-01     9.718468E-01     9.764088E-01     9.807008E-01     9.847128E-01     9.884149E-01     9.917364E-01     9.945977E-01     9.968985E-01     9.985791E-01     9.996300E-01     1.000000E+00     
18     0.000000E+00     4.326460E-03     1.691488E-02     3.681538E-02     6.284783E-02     9.378877E-02     1.284565E-01     2.051205E-01     2.854229E-01     3.643248E-01     4.386373E-01     5.066165E-01     5.675315E-01     6.213297E-01     7.303787E-01     8.054883E-01     8.567831E-01     8.921819E-01     9.172550E-01     9.357259E-01     9.500643E-01     9.618105E-01     9.669936E-01     9.718468E-01     9.764088E-01     9.807008E-01     9.847128E-01     9.884149E-01     9.917364E-01     9.945977E-01     9.968985E-01     9.985791E-01     9.996300E-01     1.000000E+00     
19     0.000000E+00     4.326460E-03     1.691488E-02     3.681538E-02     6.284783E-02     9.378877E-02     1.284565E-01     2.051205E-01     2.854229E-01     3.643248E-01     4.386373E-01     5.066165E-01     5.675315E-01     6.213297E-01     7.303787E-01     8.054883E-01     8.567831E-01     8.921819E-01     9.172550E-01     9.357259E-01     9.500643E-01     9.618105E-01     9.669936E-01     9.718468E-01     9.764088E-01     9.807008E-01     9.847128E-01     9.884149E-01     9.917364E-01     9.945977E-01     9.968985E-01     9.985791E-01     9.996300E-01     1.000000E+00     
20     0.000000E+00     4.326460E-03     1.691488E-02     3.681538E-02     6.284783E-02     9.378877E-02     1.284565E-01     2.051205E-01     2.854229E-01     3.643248E-01     4.386373E-01     5.066165E-01     5.675315E-01     6.213297E-01     7.303787E-01     8.054883E-01     8.567831E-01     8.921819E-01     9.172550E-01     9.357259E-01     9.500643E-01     9.618105E-01     9.669936E-01     9.718468E-01     9.764088E-01     9.807008E-01     9.847128E-01     9.884149E-01     9.917364E-01     9.945977E-01     9.968985E-01     9.985791E-01     9.996300E-01     1.000000E+00     
21     0.000000E+00     4.326460E-03     1.691488E-02     3.681538E-02     6.284783E-02     9.378877E-02     1.284565E-01     2.051205E-01     2.854229E-01     3.643248E-01     4.386373E-01     5.066165E-01     5.675315E-01     6.213297E-01     7.303787E-01     8.054883E-01     8.567831E-01     8.921819E-01     9.172550E-01     9.357259E-01     9.500643E-01     9.618105E-01     9.669936E-01     9.718468E-01     9.764088E-01     9.807008E-01     9.847128E-01     9.884149E-01     9.917364E-01     9.945977E-01     9.968985E-01     9.985791E-01     9.996300E-01     1.000000E+00     
22     0.000000E+00     4.326460E-03     1.691488E-02     3.681538E-02     6.284783E-02     9.378877E-02     1.284565E-01     2.051205E-01     2.854229E-01     3.643248E-01     4.386373E-01     5.066165E-01     5.675315E-01     6.213297E-01     7.303787E-01     8.054883E-01     8.567831E-01     8.921819E-01     9.172550E-01     9.357259E-01     9.500643E-01     9.618105E-01     9.669936E-01     9.718468E-01     9.764088E-01     9.807008E-01     9.847128E-01     9.884149E-01     9.917364E-01     9.945977E-01     9.968985E-01     9.985791E-01     9.996300E-01     1.000000E+00     
23     0.000000E+00     4.326460E-03     1.691488E-02     3.681538E-02     6.284783E-02     9.378877E-02     1.284565E-01     2.051205E-01     2.854229E-01     3.643248E-01     4.386373E-01     5.066165E-01     5.675315E-01     6.213297E-01     7.303787E-01     8.054883E-01     8.567831E-01     8.921819E-01     9.172550E-01     9.357259E-01     9.500643E-01     9.618105E-01     9.669936E-01     9.718468E-01     9.764088E-01     9.807008E-01     9.847128E-01     9.884149E-01     9.917364E-01     9.945977E-01     9.968985E-01     9.985791E-01     9.996300E-01     1.000000E+00     
24     0.000000E+00     4.326460E-03     1.691488E-02     3.681538E-02     6.284783E-02     9.378877E-02     1.284565E-01     2.051205E-01     2.854229E-01     3.643248E-01     4.386373E-01     5.066165E-01     5.675315E-01     6.213297E-01     7.303787E-01     8.054883E-01     8.567831E-01     8.921819E-01     9.172550E-01     9.357259E-01     9.500643E-01     9.618105E-01     9.669936E-01     9.718468E-01     9.764088E-01     9.807008E-01     9.847128E-01     9.884149E-01     9.917364E-01     9.945977E-01     9.968985E-01     9.985791E-01     9.996300E-01     1.000000E+00     
25     0.000000E+00     4.326460E-03     1.691488E-02     3.681538E-02     6.284783E-02     9.378877E-02     1.284565E-01     2.051205E-01     2.854229E-01     3.643248E-01     4.386373E-01     5.066165E-01     5.675315E-01     6.213297E-01     7.303787E-01     8.054883E-01     8.567831E-01     8.921819E-01     9.172550E-01     9.357259E-01     9.500643E-01     9.618105E-01     9.669936E-01     9.718468E-01     9.764088E-01     9.807008E-01     9.847128E-01     9.884149E-01     9.917364E-01     9.945977E-01     9.968985E-01     9.985791E-01     9.996300E-01     1.000000E+00     
26     0.000000E+00     4.326460E-03     1.691488E-02     3.681538E-02     6.284783E-02     9.378877E-02     1.284565E-01     2.051205E-01     2.854229E-01     3.643248E-01     4.386373E-01     5.066165E-01     5.675315E-01     6.213297E-01     7.303787E-01     8.054883E-01     8.567831E-01     8.921819E-01     9.172550E-01     9.357259E-01     9.500643E-01     9.618105E-01     9.669936E-01     9.718468E-01     9.764088E-01     9.807008E-01     9.847128E-01     9.884149E-01     9.917364E-01     9.945977E-01     9.968985E-01     9.985791E-01     9.996300E-01     1.000000E+00     
27     0.000000E+00     2.222234E-02     5.441820E-02     8.833471E-02     1.233688E-01     1.593219E-01     1.959764E-01     2.711774E-01     3.451711E-01     4.157898E-01     4.815105E-01     5.414939E-01     5.954094E-01     6.432556E-01     7.410928E-01     8.095495E-01     8.570119E-01     8.901308E-01     9.137583E-01     9.311834E-01     9.445683E-01     9.554221E-01     9.602238E-01     9.647642E-01     9.691166E-01     9.733576E-01     9.775683E-01     9.818098E-01     9.861203E-01     9.904305E-01     9.943103E-01     9.972904E-01     9.992600E-01     1.000000E+00     
28     0.000000E+00     3.980220E-02     9.125862E-02     1.389426E-01     1.828226E-01     2.236974E-01     2.623057E-01     3.360723E-01     4.038681E-01     4.663512E-01     5.236215E-01     5.757598E-01     6.227953E-01     6.647895E-01     7.516156E-01     8.135486E-01     8.572296E-01     8.881006E-01     9.103304E-01     9.267105E-01     9.391710E-01     9.491618E-01     9.535732E-01     9.578031E-01     9.619439E-01     9.661537E-01     9.705538E-01     9.753348E-01     9.806045E-01     9.863341E-01     9.917726E-01     9.960213E-01     9.988996E-01     1.000000E+00     
29     0.000000E+00     3.980220E-02     9.125862E-02     1.389426E-01     1.828226E-01     2.236974E-01     2.623057E-01     3.360723E-01     4.038681E-01     4.663512E-01     5.236215E-01     5.757598E-01     6.227953E-01     6.647895E-01     7.516156E-01     8.135486E-01     8.572296E-01     8.881006E-01     9.103304E-01     9.267105E-01     9.391710E-01     9.491618E-01     9.535732E-01     9.578031E-01     9.619439E-01     9.661537E-01     9.705538E-01     9.753348E-01     9.806045E-01     9.863341E-01     9.917726E-01     9.960213E-01     9.988996E-01     1.000000E+00     
30     0.000000E+00     3.980220E-02     9.125862E-02     1.389426E-01     1.828226E-01     2.236974E-01     2.623057E-01     3.360723E-01     4.038681E-01     4.663512E-01     5.236215E-01     5.757598E-01     6.227953E-01     6.647895E-01     7.516156E-01     8.135486E-01     8.572296E-01     8.881006E-01     9.103304E-01     9.267105E-01     9.391710E-01     9.491618E-01     9.535732E-01     9.578031E-01     9.619439E-01     9.661537E-01     9.705538E-01     9.753348E-01     9.806045E-01     9.863341E-01     9.917726E-01     9.960213E-01     9.988996E-01     1.000000E+00     
31     0.000000E+00     3.980220E-02     9.125862E-02     1.389426E-01     1.828226E-01     2.236974E-01     2.623057E-01     3.360723E-01     4.038681E-01     4.663512E-01     5.236215E-01     5.757598E-01     6.227953E-01     6.647895E-01     7.516156E-01     8.135486E-01     8.572296E-01     8.881006E-01     9.103304E-01     9.267105E-01     9.391710E-01     9.491618E-01     9.535732E-01     9.578031E-01     9.619439E-01     9.661537E-01     9.705538E-01     9.753348E-01     9.806045E-01     9.863341E-01     9.917726E-01     9.960213E-01     9.988996E-01     1.000000E+00     
32     0.000000E+00     3.980220E-02     9.125862E-02     1.389426E-01     1.828226E-01     2.236974E-01     2.623057E-01     3.360723E-01     4.038681E-01     4.663512E-01     5.236215E-01     5.757598E-01     6.227953E-01     6.647895E-01     7.516156E-01     8.135486E-01     8.572296E-01     8.881006E-01     9.103304E-01     9.267105E-01     9.391710E-01     9.491618E-01     9.535732E-01     9.578031E-01     9.619439E-01     9.661537E-01     9.705538E-01     9.753348E-01     9.806045E-01     9.863341E-01     9.917726E-01     9.960213E-01     9.988996E-01     1.000000E+00     
