39.349	-8.415	6.40E-02	3
39.347	-8.371	5.90E-02	0
39.345	-8.326	5.30E-02	3
39.343	-8.282	5.50E-02	0
39.349	-8.879	5.90E-02	3
39.347	-8.832	7.20E-02	3
39.346	-8.784	8.90E-02	3
39.344	-8.737	9.70E-02	3
39.342	-8.691	1.04E-01	3
39.341	-8.645	1.04E-01	3
39.339	-8.600	1.01E-01	3
39.337	-8.555	1.35E-01	3
39.336	-8.509	1.35E-01	3
39.334	-8.463	8.20E-02	3
39.332	-8.417	5.60E-02	3
39.330	-8.373	6.50E-02	3
39.329	-8.328	6.40E-02	3
39.327	-8.284	6.20E-02	3
39.349	-8.562	1.22E-01	3
39.347	-8.516	1.36E-01	3
39.345	-8.470	9.30E-02	3
39.343	-8.423	6.00E-02	3
39.341	-8.379	6.00E-02	2
39.339	-8.335	5.80E-02	3
39.337	-8.291	5.40E-02	3
39.349	-8.982	7.60E-02	3
39.347	-8.934	8.00E-02	1
39.345	-8.887	5.90E-02	3
39.343	-8.840	7.10E-02	1
39.342	-8.792	9.00E-02	3
39.340	-8.744	9.50E-02	1
39.338	-8.699	1.05E-01	3
39.336	-8.653	1.09E-01	0
39.334	-8.608	1.03E-01	3
39.332	-8.563	1.36E-01	2
39.330	-8.517	1.34E-01	3
39.328	-8.472	9.40E-02	0
39.326	-8.426	6.20E-02	3
39.324	-8.381	6.80E-02	0
39.322	-8.336	6.30E-02	3
39.320	-8.292	6.80E-02	0
39.341	-9.230	9.40E-02	3
39.339	-9.180	9.60E-02	3
39.337	-9.130	8.60E-02	3
39.336	-9.081	8.00E-02	3
39.334	-9.031	7.20E-02	3
39.332	-8.983	6.60E-02	3
39.330	-8.936	9.20E-02	3
39.328	-8.888	7.10E-02	3
39.327	-8.841	7.20E-02	3
39.325	-8.793	1.02E-01	3
39.323	-8.746	1.01E-01	3
39.321	-8.700	1.00E-01	3
39.319	-8.654	1.11E-01	3
39.317	-8.609	1.17E-01	3
39.315	-8.564	1.34E-01	3
39.314	-8.518	1.25E-01	3
39.312	-8.472	7.50E-02	3
39.310	-8.427	8.10E-02	3
39.308	-8.382	8.10E-02	2
39.306	-8.337	7.10E-02	3
39.304	-8.292	6.50E-02	3
39.324	-9.231	1.05E-01	0
39.322	-9.181	1.02E-01	3
39.320	-9.130	9.00E-02	1
39.318	-9.082	8.80E-02	3
39.317	-9.033	8.80E-02	0
39.315	-8.983	7.20E-02	3
39.313	-8.936	8.20E-02	0
39.311	-8.889	8.50E-02	3
39.310	-8.841	8.30E-02	0
39.308	-8.794	9.30E-02	3
39.306	-8.747	1.02E-01	0
39.304	-8.701	1.02E-01	3
39.302	-8.655	1.09E-01	1
39.301	-8.610	1.13E-01	3
39.299	-8.565	1.28E-01	2
39.297	-8.519	1.10E-01	3
39.295	-8.472	6.20E-02	2
39.293	-8.427	5.80E-02	3
39.291	-8.382	7.30E-02	0
39.289	-8.338	6.90E-02	3
39.288	-8.293	6.80E-02	0
39.306	-9.230	8.40E-02	3
39.305	-9.182	9.50E-02	3
39.303	-9.131	9.90E-02	3
39.301	-9.082	9.80E-02	3
39.300	-9.033	8.80E-02	3
39.298	-8.984	6.90E-02	3
39.296	-8.938	7.60E-02	3
39.294	-8.890	8.50E-02	3
39.293	-8.842	9.20E-02	3
39.291	-8.795	9.50E-02	3
39.289	-8.749	1.11E-01	3
39.287	-8.702	1.02E-01	3
39.286	-8.657	1.07E-01	3
39.284	-8.611	1.22E-01	3
39.282	-8.565	1.23E-01	3
39.280	-8.519	8.80E-02	3
39.278	-8.473	6.30E-02	3
39.277	-8.427	6.50E-02	3
39.275	-8.383	6.20E-02	3
39.273	-8.339	6.90E-02	3
39.271	-8.295	7.50E-02	3
39.269	-8.251	6.40E-02	3
39.289	-9.231	9.50E-02	1
39.288	-9.182	1.02E-01	3
39.286	-9.133	1.00E-01	0
39.284	-9.083	1.01E-01	3
39.283	-9.034	9.00E-02	1
39.281	-8.985	6.50E-02	3
39.279	-8.938	5.90E-02	0
39.278	-8.891	7.50E-02	3
39.276	-8.844	9.10E-02	1
39.274	-8.797	9.70E-02	3
39.272	-8.750	1.04E-01	2
39.271	-8.703	1.01E-01	3
39.269	-8.658	1.12E-01	1
39.267	-8.612	1.29E-01	3
39.266	-8.566	1.24E-01	2
39.264	-8.520	8.00E-02	3
39.262	-8.474	7.00E-02	2
39.260	-8.428	7.60E-02	3
39.258	-8.384	6.90E-02	0
39.257	-8.340	7.30E-02	3
39.255	-8.296	7.10E-02	0
39.253	-8.252	6.90E-02	3
39.272	-9.231	1.11E-01	3
39.270	-9.183	1.07E-01	3
39.269	-9.134	1.02E-01	3
39.267	-9.085	9.80E-02	3
39.265	-9.035	7.90E-02	3
39.264	-8.987	5.50E-02	3
39.262	-8.939	6.30E-02	3
39.261	-8.892	8.30E-02	3
39.259	-8.844	9.50E-02	3
39.257	-8.798	9.10E-02	3
39.256	-8.751	9.60E-02	3
39.254	-8.704	1.19E-01	3
39.252	-8.659	1.23E-01	3
39.251	-8.613	1.27E-01	3
39.249	-8.567	1.18E-01	3
39.247	-8.520	8.30E-02	3
39.245	-8.475	6.90E-02	3
39.244	-8.430	7.40E-02	3
39.242	-8.385	7.30E-02	3
39.240	-8.341	7.10E-02	3
39.238	-8.297	6.30E-02	3
39.237	-8.254	6.80E-02	3
39.339	-9.236	9.90E-02	0
39.337	-9.187	9.80E-02	3
39.335	-9.135	8.90E-02	0
39.333	-9.087	8.20E-02	3
39.331	-9.037	7.70E-02	0
39.329	-8.989	7.10E-02	3
39.327	-8.942	8.90E-02	0
39.324	-8.894	7.90E-02	3
39.322	-8.847	7.30E-02	0
39.320	-8.799	9.90E-02	3
39.318	-8.752	1.04E-01	0
39.316	-8.706	1.00E-01	3
39.314	-8.661	1.11E-01	0
39.312	-8.615	1.17E-01	3
39.310	-8.570	1.34E-01	0
39.308	-8.524	1.28E-01	3
39.306	-8.478	7.20E-02	0
39.303	-8.432	7.00E-02	3
39.301	-8.388	8.40E-02	0
39.299	-8.343	7.90E-02	3
39.297	-8.299	7.00E-02	0
39.295	-8.255	6.60E-02	3
39.322	-9.236	1.01E-01	3
39.320	-9.187	1.05E-01	3
39.318	-9.135	9.40E-02	3
39.316	-9.087	9.00E-02	3
39.314	-9.039	9.10E-02	3
39.312	-8.990	7.20E-02	3
39.310	-8.942	7.90E-02	3
39.308	-8.895	8.30E-02	3
39.305	-8.847	8.40E-02	3
39.303	-8.800	9.40E-02	3
39.301	-8.753	1.07E-01	3
39.299	-8.707	1.04E-01	3
39.297	-8.661	1.08E-01	3
39.295	-8.616	1.14E-01	3
39.293	-8.571	1.28E-01	3
39.291	-8.525	1.06E-01	3
39.289	-8.478	6.40E-02	3
39.287	-8.433	5.60E-02	3
39.285	-8.388	6.20E-02	3
39.283	-8.344	6.50E-02	3
39.281	-8.300	6.70E-02	3
39.279	-8.256	6.40E-02	3
39.304	-9.236	8.00E-02	0
39.302	-9.188	9.30E-02	3
39.300	-9.137	9.90E-02	0
39.298	-9.088	1.01E-01	3
39.296	-9.039	8.90E-02	0
39.294	-8.990	6.90E-02	3
39.293	-8.943	7.20E-02	0
39.291	-8.896	9.00E-02	3
39.289	-8.849	9.40E-02	0
39.287	-8.801	9.80E-02	3
39.285	-8.755	1.08E-01	0
39.283	-8.708	1.07E-01	3
39.281	-8.663	1.10E-01	1
39.279	-8.617	1.23E-01	3
39.277	-8.571	1.29E-01	2
39.275	-8.526	8.90E-02	3
39.272	-8.480	6.90E-02	0
39.270	-8.434	7.40E-02	3
39.268	-8.389	6.80E-02	0
39.266	-8.345	7.10E-02	3
39.264	-8.301	8.00E-02	0
39.262	-8.257	6.70E-02	3
39.287	-9.236	1.00E-01	3
39.285	-9.188	1.05E-01	3
39.283	-9.139	1.00E-01	3
39.281	-9.089	1.00E-01	3
39.279	-9.040	9.10E-02	3
39.277	-8.991	6.70E-02	3
39.276	-8.944	6.00E-02	3
39.274	-8.897	6.90E-02	3
39.272	-8.850	8.80E-02	3
39.270	-8.803	9.40E-02	3
39.268	-8.756	1.04E-01	3
39.266	-8.709	1.13E-01	3
39.264	-8.664	1.14E-01	3
39.262	-8.618	1.33E-01	3
39.260	-8.572	1.27E-01	3
39.258	-8.526	8.80E-02	3
39.256	-8.480	6.80E-02	3
39.254	-8.435	7.30E-02	3
39.252	-8.390	6.90E-02	3
39.250	-8.347	7.20E-02	3
39.248	-8.302	6.80E-02	3
39.246	-8.259	6.90E-02	3
39.270	-9.237	1.09E-01	0
39.268	-9.189	1.07E-01	3
39.266	-9.140	1.04E-01	1
39.264	-9.090	9.80E-02	3
39.262	-9.041	8.20E-02	2
39.260	-8.992	5.70E-02	3
39.259	-8.945	6.20E-02	1
39.257	-8.898	8.20E-02	3
39.255	-8.850	9.70E-02	0
39.253	-8.803	9.30E-02	3
39.251	-8.757	8.70E-02	1
39.249	-8.710	1.13E-01	3
39.247	-8.665	1.16E-01	0
39.245	-8.619	1.24E-01	3
39.243	-8.573	1.11E-01	2
39.241	-8.526	7.80E-02	3
39.239	-8.481	6.90E-02	1
39.237	-8.436	7.60E-02	3
39.235	-8.391	7.30E-02	0
39.234	-8.347	7.20E-02	3
39.232	-8.303	6.30E-02	0
39.230	-8.260	6.80E-02	3
39.252	-9.239	1.09E-01	3
39.251	-9.190	1.08E-01	3
39.249	-9.141	1.01E-01	3
39.247	-9.091	9.40E-02	3
39.245	-9.041	7.70E-02	3
39.243	-8.993	6.70E-02	3
39.242	-8.946	7.90E-02	3
39.240	-8.898	8.60E-02	3
39.238	-8.851	1.01E-01	3
39.236	-8.804	8.80E-02	3
39.234	-8.758	8.20E-02	3
39.232	-8.711	1.02E-01	3
39.230	-8.665	1.18E-01	3
39.229	-8.620	1.26E-01	3
39.227	-8.574	1.01E-01	3
39.225	-8.528	8.00E-02	3
39.223	-8.482	7.10E-02	3
39.221	-8.437	7.60E-02	3
39.219	-8.393	7.70E-02	3
39.217	-8.348	7.00E-02	3
39.215	-8.305	7.70E-02	3
39.213	-8.261	7.10E-02	3
39.235	-9.240	1.00E-01	0
39.233	-9.190	8.10E-02	3
39.232	-9.141	7.80E-02	2
39.230	-9.092	9.10E-02	3
39.228	-9.042	8.00E-02	0
39.226	-8.994	8.30E-02	3
39.225	-8.947	7.50E-02	0
39.223	-8.900	8.30E-02	3
39.221	-8.852	8.70E-02	0
39.219	-8.805	8.40E-02	3
39.217	-8.758	8.80E-02	0
39.216	-8.713	9.80E-02	3
39.214	-8.667	1.23E-01	0
39.212	-8.621	1.42E-01	3
39.210	-8.575	1.21E-01	2
39.208	-8.528	8.40E-02	3
39.206	-8.483	6.90E-02	2
39.204	-8.438	7.60E-02	3
39.203	-8.394	7.00E-02	0
39.201	-8.350	7.00E-02	3
39.199	-8.306	7.00E-02	0
39.197	-8.261	6.50E-02	3
39.218	-9.242	9.30E-02	3
39.216	-9.191	7.00E-02	3
39.214	-9.142	6.70E-02	3
39.213	-9.093	8.70E-02	3
39.211	-9.041	7.20E-02	3
39.209	-8.994	7.70E-02	3
39.208	-8.948	1.12E-01	3
39.206	-8.900	9.80E-02	3
39.204	-8.853	8.70E-02	3
39.202	-8.806	7.40E-02	3
39.201	-8.759	9.30E-02	3
39.199	-8.714	1.13E-01	3
39.197	-8.668	1.25E-01	3
39.195	-8.621	1.37E-01	3
39.193	-8.575	1.33E-01	3
39.192	-8.529	1.09E-01	3
39.190	-8.484	7.70E-02	3
39.188	-8.440	8.10E-02	3
39.186	-8.395	7.60E-02	3
39.184	-8.351	7.40E-02	3
39.182	-8.307	6.80E-02	3
39.181	-8.262	7.30E-02	3
39.201	-9.242	9.80E-02	2
39.199	-9.192	8.00E-02	3
39.197	-9.142	6.40E-02	1
39.196	-9.092	8.80E-02	3
39.194	-9.040	6.30E-02	2
39.192	-8.995	6.60E-02	3
39.191	-8.949	9.10E-02	0
39.189	-8.901	8.10E-02	3
39.187	-8.853	8.90E-02	0
39.185	-8.806	9.30E-02	3
39.184	-8.760	1.00E-01	2
39.182	-8.715	1.22E-01	3
39.180	-8.669	1.30E-01	2
39.179	-8.622	1.26E-01	3
39.177	-8.576	1.28E-01	2
39.175	-8.530	9.80E-02	3
39.173	-8.486	8.80E-02	2
39.171	-8.440	7.00E-02	3
39.170	-8.396	7.10E-02	0
39.168	-8.351	7.10E-02	3
39.166	-8.307	6.90E-02	0
39.164	-8.263	7.80E-02	3
39.183	-9.243	8.20E-02	3
39.182	-9.193	7.40E-02	3
39.180	-9.143	7.10E-02	3
39.178	-9.090	8.60E-02	3
39.177	-9.039	7.10E-02	3
39.175	-8.997	6.80E-02	3
39.174	-8.950	7.50E-02	3
39.172	-8.902	8.50E-02	3
39.170	-8.854	1.03E-01	2
39.169	-8.808	1.06E-01	3
39.167	-8.762	1.12E-01	2
39.165	-8.716	1.38E-01	3
39.164	-8.670	1.34E-01	3
39.162	-8.623	1.22E-01	3
39.160	-8.576	9.80E-02	2
39.158	-8.532	1.18E-01	3
39.157	-8.486	7.90E-02	2
39.155	-8.441	6.40E-02	3
39.153	-8.396	7.40E-02	2
39.151	-8.352	7.20E-02	3
39.150	-8.308	7.10E-02	3
39.148	-8.265	7.80E-02	3
39.251	-9.247	1.08E-01	2
39.248	-9.197	1.06E-01	3
39.246	-9.149	9.90E-02	0
39.244	-9.099	9.70E-02	3
39.242	-9.050	8.30E-02	0
39.240	-9.001	7.10E-02	3
39.238	-8.954	8.30E-02	0
39.236	-8.906	8.20E-02	3
39.234	-8.859	9.90E-02	2
39.232	-8.812	8.80E-02	3
39.230	-8.766	8.70E-02	2
39.228	-8.720	9.70E-02	3
39.226	-8.674	1.18E-01	1
39.224	-8.628	1.34E-01	3
39.221	-8.582	1.12E-01	0
39.219	-8.536	8.70E-02	3
39.217	-8.491	7.20E-02	0
39.215	-8.446	7.70E-02	3
39.213	-8.401	7.80E-02	2
39.211	-8.357	7.00E-02	3
39.209	-8.313	7.60E-02	3
39.206	-8.269	6.80E-02	3
39.233	-9.249	1.03E-01	3
39.231	-9.198	8.30E-02	3
39.229	-9.149	7.50E-02	3
39.227	-9.100	8.60E-02	3
39.225	-9.050	8.40E-02	3
39.223	-9.001	7.70E-02	3
39.221	-8.955	8.00E-02	3
39.219	-8.908	8.10E-02	3
39.217	-8.860	8.80E-02	3
39.215	-8.813	7.70E-02	3
39.213	-8.766	8.50E-02	3
39.211	-8.721	9.60E-02	3
39.209	-8.675	1.20E-01	3
39.207	-8.629	1.43E-01	3
39.205	-8.583	1.32E-01	2
39.203	-8.536	1.03E-01	3
39.201	-8.491	7.20E-02	3
39.198	-8.447	7.70E-02	3
39.196	-8.402	7.30E-02	3
39.194	-8.358	7.20E-02	3
39.192	-8.314	7.00E-02	3
39.190	-8.270	6.50E-02	3
39.216	-9.250	9.40E-02	0
39.214	-9.199	6.90E-02	3
39.212	-9.150	6.20E-02	0
39.210	-9.101	8.60E-02	3
39.208	-9.049	7.30E-02	0
39.206	-9.002	6.80E-02	3
39.204	-8.956	1.13E-01	0
39.202	-8.908	1.08E-01	3
39.200	-8.861	8.70E-02	2
39.198	-8.813	7.70E-02	3
39.196	-8.767	9.80E-02	1
39.194	-8.722	1.16E-01	3
39.192	-8.676	1.29E-01	0
39.190	-8.630	1.30E-01	3
39.188	-8.583	1.32E-01	1
39.186	-8.537	1.12E-01	3
39.184	-8.493	8.20E-02	0
39.182	-8.448	8.30E-02	3
39.180	-8.404	7.60E-02	0
39.178	-8.359	7.60E-02	3
39.176	-8.315	6.90E-02	2
39.174	-8.271	7.70E-02	3
39.199	-9.250	1.00E-01	3
39.197	-9.200	9.10E-02	3
39.195	-9.150	6.60E-02	3
39.193	-9.100	8.60E-02	3
39.191	-9.046	6.80E-02	2
39.189	-9.002	6.20E-02	3
39.187	-8.957	8.50E-02	2
39.185	-8.909	7.20E-02	3
39.183	-8.861	9.40E-02	2
39.181	-8.814	9.70E-02	3
39.179	-8.768	1.00E-01	3
39.177	-8.723	1.17E-01	3
39.176	-8.677	1.32E-01	3
39.174	-8.630	1.24E-01	3
39.171	-8.584	1.23E-01	3
39.169	-8.538	1.09E-01	3
39.168	-8.494	9.30E-02	3
39.165	-8.448	6.70E-02	3
39.163	-8.403	6.90E-02	3
39.161	-8.359	7.00E-02	3
39.159	-8.315	7.00E-02	3
39.157	-8.272	7.90E-02	3
39.180	-9.201	6.90E-02	3
39.178	-9.151	6.80E-02	0
39.176	-9.098	8.60E-02	3
39.174	-9.046	7.50E-02	0
39.172	-9.004	6.80E-02	3
39.170	-8.958	7.40E-02	0
39.168	-8.910	8.90E-02	3
39.166	-8.862	1.03E-01	2
39.164	-8.816	1.05E-01	3
39.163	-8.769	1.16E-01	2
39.161	-8.724	1.39E-01	3
39.159	-8.678	1.37E-01	0
39.157	-8.631	1.32E-01	3
39.155	-8.584	8.90E-02	0
39.153	-8.540	1.14E-01	3
39.151	-8.495	8.20E-02	0
39.149	-8.449	6.40E-02	3
39.147	-8.405	7.70E-02	1
39.145	-8.361	7.50E-02	3
39.143	-8.316	7.00E-02	1
39.141	-8.273	7.80E-02	3
39.162	-9.202	6.20E-02	3
39.160	-9.152	7.50E-02	1
39.159	-9.101	9.60E-02	3
39.157	-9.053	9.10E-02	2
39.155	-9.006	7.30E-02	3
39.153	-8.958	6.80E-02	2
39.151	-8.911	1.09E-01	3
39.149	-8.863	1.09E-01	3
39.148	-8.817	1.02E-01	3
39.146	-8.771	1.04E-01	3
39.144	-8.725	1.38E-01	3
39.142	-8.678	1.38E-01	3
39.140	-8.632	1.26E-01	3
39.138	-8.585	7.50E-02	3
39.136	-8.541	8.70E-02	3
39.134	-8.496	7.10E-02	1
39.132	-8.451	6.90E-02	3
39.131	-8.406	7.40E-02	3
39.129	-8.362	7.60E-02	3
39.127	-8.317	7.00E-02	3
39.125	-8.274	7.40E-02	3
39.145	-9.203	7.80E-02	3
39.143	-9.151	8.30E-02	0
39.141	-9.101	9.70E-02	3
39.140	-9.055	1.04E-01	0
39.138	-9.007	9.60E-02	3
39.136	-8.960	8.30E-02	0
39.134	-8.912	1.10E-01	3
39.133	-8.864	1.06E-01	2
39.131	-8.818	9.10E-02	3
39.129	-8.772	9.30E-02	0
39.127	-8.726	1.27E-01	3
39.125	-8.679	1.48E-01	0
39.123	-8.633	1.23E-01	3
39.122	-8.587	8.00E-02	0
39.120	-8.542	8.60E-02	3
39.118	-8.497	8.10E-02	2
39.116	-8.452	7.60E-02	3
39.114	-8.407	7.60E-02	2
39.112	-8.363	7.70E-02	3
39.110	-8.319	7.70E-02	2
39.108	-8.275	7.00E-02	3
39.128	-9.203	7.90E-02	3
39.126	-9.151	8.00E-02	2
39.124	-9.103	9.60E-02	3
39.123	-9.056	9.10E-02	3
39.121	-9.008	9.00E-02	3
39.119	-8.961	7.60E-02	2
39.117	-8.913	9.00E-02	3
39.116	-8.865	9.00E-02	3
39.114	-8.819	9.30E-02	3
39.112	-8.773	1.04E-01	3
39.110	-8.727	1.19E-01	3
39.109	-8.680	1.02E-01	3
39.107	-8.634	8.20E-02	3
39.105	-8.588	8.40E-02	2
39.103	-8.542	8.10E-02	3
39.101	-8.497	7.90E-02	2
39.099	-8.452	7.60E-02	3
39.098	-8.407	7.70E-02	3
39.096	-8.363	7.30E-02	3
39.094	-8.320	7.00E-02	3
39.092	-8.276	7.80E-02	3
39.111	-9.203	8.90E-02	3
39.109	-9.152	8.40E-02	0
39.107	-9.105	1.04E-01	3
39.106	-9.056	1.02E-01	1
39.104	-9.008	8.60E-02	3
39.102	-8.962	8.10E-02	0
39.100	-8.914	7.20E-02	3
39.099	-8.867	7.60E-02	0
39.097	-8.820	8.00E-02	3
39.095	-8.774	1.18E-01	0
39.094	-8.727	1.13E-01	3
39.092	-8.681	9.90E-02	0
39.090	-8.635	8.30E-02	3
39.088	-8.589	8.10E-02	0
39.087	-8.543	8.80E-02	3
39.085	-8.498	7.90E-02	2
39.083	-8.453	8.30E-02	3
39.081	-8.409	7.60E-02	2
39.079	-8.364	6.90E-02	3
39.078	-8.321	6.80E-02	2
39.076	-8.277	6.80E-02	3
39.093	-9.204	1.01E-01	3
39.092	-9.154	1.01E-01	3
39.090	-9.106	1.05E-01	3
39.088	-9.057	1.04E-01	3
39.087	-9.009	1.27E-01	3
39.085	-8.963	8.70E-02	3
39.084	-8.915	7.70E-02	3
39.082	-8.868	8.80E-02	3
39.080	-8.822	1.06E-01	3
39.079	-8.775	1.19E-01	3
39.077	-8.728	1.20E-01	3
39.075	-8.682	1.16E-01	3
39.073	-8.636	8.50E-02	3
39.072	-8.590	8.60E-02	2
39.070	-8.545	7.80E-02	3
39.068	-8.499	7.70E-02	2
39.066	-8.454	8.30E-02	3
39.065	-8.409	7.50E-02	3
39.063	-8.366	7.20E-02	3
39.061	-8.322	7.40E-02	3
39.059	-8.279	7.30E-02	3
39.160	-9.208	6.50E-02	3
39.158	-9.158	7.80E-02	0
39.156	-9.106	9.90E-02	3
39.154	-9.059	9.90E-02	0
39.152	-9.012	8.20E-02	3
39.149	-8.964	7.10E-02	0
39.147	-8.917	1.10E-01	3
39.145	-8.869	1.10E-01	1
39.143	-8.823	9.80E-02	3
39.141	-8.777	9.60E-02	2
39.139	-8.731	1.32E-01	3
39.137	-8.685	1.43E-01	2
39.135	-8.638	1.32E-01	3
39.133	-8.592	8.00E-02	0
39.131	-8.547	8.60E-02	3
39.128	-8.502	7.70E-02	0
39.126	-8.457	7.40E-02	3
39.124	-8.413	7.50E-02	1
39.122	-8.368	7.50E-02	3
39.120	-8.324	7.50E-02	2
39.118	-8.280	7.30E-02	3
39.143	-9.209	8.50E-02	3
39.140	-9.157	8.00E-02	2
39.138	-9.107	9.30E-02	3
39.137	-9.061	1.03E-01	2
39.135	-9.013	9.80E-02	3
39.132	-8.966	8.50E-02	3
39.130	-8.918	1.07E-01	3
39.128	-8.870	1.06E-01	2
39.126	-8.824	9.70E-02	3
39.124	-8.778	9.20E-02	3
39.122	-8.732	1.26E-01	3
39.120	-8.685	1.34E-01	2
39.118	-8.639	1.15E-01	3
39.116	-8.594	8.60E-02	2
39.114	-8.548	8.40E-02	3
39.112	-8.503	8.30E-02	2
39.110	-8.458	7.60E-02	3
39.108	-8.413	7.60E-02	3
39.105	-8.369	7.90E-02	3
39.103	-8.325	7.50E-02	3
39.101	-8.282	6.90E-02	3
39.125	-9.209	7.60E-02	3
39.123	-9.157	8.20E-02	0
39.121	-9.109	9.90E-02	3
39.119	-9.061	9.50E-02	0
39.117	-9.013	8.80E-02	3
39.116	-8.967	7.60E-02	0
39.113	-8.918	8.10E-02	3
39.111	-8.871	8.70E-02	2
39.109	-8.825	8.80E-02	3
39.108	-8.779	1.08E-01	2
39.106	-8.733	1.19E-01	3
39.103	-8.686	1.02E-01	0
39.101	-8.640	8.00E-02	3
39.099	-8.594	8.20E-02	1
39.097	-8.548	8.30E-02	3
39.095	-8.503	7.90E-02	0
39.093	-8.458	8.00E-02	3
39.091	-8.414	7.70E-02	0
39.089	-8.369	6.90E-02	3
39.087	-8.326	6.90E-02	2
39.085	-8.283	7.90E-02	3
39.108	-9.209	9.50E-02	3
39.106	-9.157	8.50E-02	2
39.104	-9.111	1.04E-01	3
39.102	-9.063	1.05E-01	3
39.100	-9.013	9.80E-02	3
39.099	-8.968	8.50E-02	3
39.097	-8.920	7.50E-02	3
39.095	-8.872	7.60E-02	2
39.093	-8.826	8.30E-02	3
39.091	-8.780	1.18E-01	3
39.089	-8.733	1.14E-01	3
39.087	-8.687	1.12E-01	2
39.085	-8.641	8.70E-02	3
39.083	-8.595	8.20E-02	2
39.081	-8.550	8.60E-02	3
39.079	-8.504	7.90E-02	3
39.077	-8.459	8.30E-02	3
39.075	-8.415	7.60E-02	3
39.073	-8.371	7.00E-02	3
39.071	-8.327	7.10E-02	3
39.069	-8.283	6.90E-02	3
39.091	-9.210	1.01E-01	3
39.089	-9.160	1.04E-01	0
39.087	-9.112	1.05E-01	3
39.085	-9.063	1.03E-01	0
39.083	-9.014	1.22E-01	3
39.082	-8.969	8.90E-02	0
39.080	-8.921	7.70E-02	3
39.078	-8.873	9.70E-02	2
39.076	-8.827	1.09E-01	3
39.074	-8.781	1.20E-01	2
39.072	-8.734	1.16E-01	3
39.070	-8.688	1.14E-01	0
39.068	-8.642	7.80E-02	3
39.066	-8.596	8.20E-02	0
39.064	-8.551	7.50E-02	3
39.062	-8.506	7.70E-02	0
39.060	-8.460	8.30E-02	3
39.058	-8.415	7.40E-02	0
39.056	-8.372	7.30E-02	3
39.054	-8.328	7.70E-02	1
39.052	-8.285	7.50E-02	3
39.074	-9.211	1.00E-01	3
39.072	-9.161	1.02E-01	2
39.070	-9.112	1.06E-01	3
39.068	-9.064	9.90E-02	3
39.066	-9.016	1.00E-01	3
39.065	-8.970	1.00E-01	1
39.063	-8.922	8.70E-02	3
39.061	-8.875	1.13E-01	1
39.059	-8.828	1.13E-01	3
39.057	-8.782	1.15E-01	3
39.055	-8.735	1.25E-01	3
39.053	-8.689	1.13E-01	3
39.051	-8.642	8.00E-02	3
39.049	-8.597	6.20E-02	3
39.048	-8.551	7.20E-02	3
39.046	-8.506	7.80E-02	3
39.044	-8.461	7.90E-02	3
39.042	-8.417	7.00E-02	3
39.040	-8.373	7.00E-02	3
39.038	-8.329	7.70E-02	3
39.036	-8.286	7.30E-02	3
39.056	-9.212	1.00E-01	3
39.055	-9.162	1.01E-01	0
39.053	-9.112	1.04E-01	3
39.051	-9.063	1.03E-01	0
39.049	-9.016	1.08E-01	3
39.048	-8.971	1.14E-01	0
39.046	-8.923	1.26E-01	3
39.044	-8.876	1.20E-01	2
39.042	-8.829	1.28E-01	3
39.040	-8.783	1.23E-01	0
39.038	-8.736	1.08E-01	3
39.037	-8.689	9.90E-02	0
39.035	-8.643	7.90E-02	3
39.033	-8.597	6.00E-02	0
39.031	-8.552	7.60E-02	3
39.029	-8.507	7.80E-02	2
39.027	-8.462	8.10E-02	3
39.025	-8.418	6.60E-02	2
39.023	-8.375	6.80E-02	3
39.022	-8.331	7.20E-02	2
39.020	-8.288	8.20E-02	3
39.039	-9.211	9.60E-02	3
39.037	-9.162	1.02E-01	3
39.036	-9.111	1.01E-01	3
39.034	-9.063	9.10E-02	1
39.032	-9.017	9.90E-02	3
39.031	-8.972	1.34E-01	1
39.029	-8.924	1.00E-01	3
39.027	-8.877	9.30E-02	1
39.025	-8.830	9.50E-02	3
39.023	-8.783	1.23E-01	3
39.022	-8.737	1.10E-01	3
39.020	-8.691	7.90E-02	3
39.018	-8.644	6.30E-02	3
39.016	-8.598	5.80E-02	3
39.014	-8.553	6.80E-02	3
39.013	-8.508	7.30E-02	3
39.011	-8.464	7.60E-02	3
39.009	-8.420	7.40E-02	3
39.007	-8.376	9.50E-02	3
39.005	-8.333	1.10E-01	3
39.003	-8.289	9.60E-02	3
39.022	-9.212	9.10E-02	3
39.020	-9.162	9.90E-02	0
39.018	-9.112	9.60E-02	3
39.017	-9.065	9.80E-02	1
39.015	-9.018	1.04E-01	3
39.014	-8.972	1.09E-01	0
39.012	-8.925	1.05E-01	3
39.010	-8.878	1.22E-01	0
39.008	-8.831	1.16E-01	3
39.007	-8.784	1.30E-01	0
39.005	-8.738	1.25E-01	3
39.003	-8.692	8.40E-02	0
39.001	-8.645	7.70E-02	3
39.000	-8.599	6.80E-02	0
38.998	-8.554	6.70E-02	3
38.996	-8.509	8.00E-02	2
38.994	-8.466	8.70E-02	3
38.993	-8.422	1.00E-01	2
38.991	-8.378	1.08E-01	3
38.989	-8.333	9.30E-02	2
38.987	-8.290	9.80E-02	3
39.005	-9.213	9.90E-02	3
39.003	-9.162	9.80E-02	3
39.001	-9.115	9.50E-02	3
39.000	-9.067	1.08E-01	3
38.998	-9.020	1.07E-01	3
38.997	-8.973	1.04E-01	2
38.995	-8.926	1.09E-01	3
38.993	-8.879	1.14E-01	3
38.992	-8.832	1.08E-01	3
38.990	-8.785	1.19E-01	3
38.988	-8.738	1.27E-01	3
38.986	-8.692	1.03E-01	3
38.985	-8.646	7.70E-02	3
38.983	-8.601	8.50E-02	3
38.981	-8.555	7.70E-02	3
38.980	-8.511	9.80E-02	3
38.978	-8.467	1.07E-01	3
38.976	-8.422	9.20E-02	3
38.974	-8.378	7.10E-02	3
38.972	-8.334	7.10E-02	3
38.971	-8.290	7.60E-02	3
39.072	-9.219	1.00E-01	3
39.069	-9.169	9.90E-02	0
39.067	-9.120	1.06E-01	3
39.065	-9.071	9.90E-02	0
39.063	-9.024	1.00E-01	3
39.061	-8.978	1.07E-01	0
39.059	-8.930	9.50E-02	3
39.057	-8.883	1.18E-01	0
39.055	-8.837	1.16E-01	3
39.053	-8.790	1.19E-01	0
39.051	-8.743	1.23E-01	3
39.049	-8.697	1.17E-01	0
39.046	-8.651	8.80E-02	3
39.044	-8.605	6.30E-02	2
39.042	-8.559	7.40E-02	3
39.040	-8.514	7.50E-02	1
39.038	-8.470	7.90E-02	3
39.036	-8.425	7.00E-02	0
39.034	-8.382	7.10E-02	3
39.031	-8.338	7.60E-02	0
39.029	-8.295	7.60E-02	3
39.027	-8.252	8.30E-02	0
39.054	-9.220	1.01E-01	3
39.052	-9.170	1.01E-01	1
39.050	-9.120	1.05E-01	3
39.048	-9.071	1.02E-01	1
39.046	-9.024	1.04E-01	3
39.044	-8.979	1.21E-01	3
39.042	-8.931	1.21E-01	3
39.040	-8.884	1.12E-01	3
39.038	-8.837	1.22E-01	3
39.036	-8.791	1.22E-01	3
39.034	-8.744	1.06E-01	3
39.032	-8.698	9.60E-02	3
39.030	-8.651	7.70E-02	3
39.028	-8.605	6.00E-02	3
39.025	-8.560	6.80E-02	3
39.023	-8.515	8.30E-02	3
39.021	-8.471	8.10E-02	3
39.019	-8.427	6.90E-02	3
39.017	-8.383	7.10E-02	3
39.015	-8.340	8.40E-02	3
39.013	-8.296	8.70E-02	3
39.011	-8.253	7.90E-02	3
39.037	-9.219	9.90E-02	3
39.035	-9.170	1.01E-01	0
39.033	-9.119	1.01E-01	3
39.031	-9.071	9.10E-02	0
39.029	-9.025	9.30E-02	3
39.027	-8.979	1.31E-01	0
39.025	-8.933	1.05E-01	3
39.023	-8.885	1.06E-01	0
39.021	-8.838	1.01E-01	3
39.019	-8.791	1.25E-01	1
39.017	-8.745	1.20E-01	3
39.015	-8.699	8.40E-02	1
39.013	-8.652	6.70E-02	3
39.011	-8.606	6.20E-02	2
39.009	-8.562	6.70E-02	3
39.007	-8.516	7.30E-02	0
39.005	-8.472	7.70E-02	3
39.003	-8.429	8.60E-02	0
39.001	-8.385	1.08E-01	3
38.999	-8.341	1.16E-01	0
38.997	-8.298	1.03E-01	3
38.995	-8.254	9.50E-02	0
39.020	-9.220	9.00E-02	3
39.018	-9.170	9.80E-02	3
39.016	-9.121	9.60E-02	3
39.014	-9.073	1.01E-01	1
39.012	-9.026	1.08E-01	3
39.010	-8.980	1.11E-01	3
39.008	-8.933	1.04E-01	3
39.006	-8.886	1.19E-01	3
39.004	-8.839	1.13E-01	3
39.002	-8.792	1.28E-01	3
39.000	-8.746	1.29E-01	3
38.998	-8.700	9.00E-02	3
38.996	-8.653	7.90E-02	3
38.994	-8.608	7.60E-02	3
38.992	-8.563	6.80E-02	3
38.990	-8.518	8.80E-02	3
38.988	-8.474	9.30E-02	3
38.986	-8.430	1.00E-01	3
38.984	-8.385	8.80E-02	3
38.982	-8.341	7.90E-02	3
38.980	-8.298	9.00E-02	3
38.978	-8.255	9.30E-02	3
39.003	-9.222	1.01E-01	3
39.001	-9.170	9.90E-02	0
38.999	-9.121	9.40E-02	3
38.997	-9.075	1.07E-01	0
38.995	-9.028	1.04E-01	3
38.993	-8.980	1.03E-01	0
38.991	-8.934	1.08E-01	3
38.989	-8.887	1.15E-01	0
38.987	-8.840	1.10E-01	3
38.986	-8.793	1.16E-01	1
38.984	-8.747	1.22E-01	3
38.982	-8.700	1.19E-01	0
38.980	-8.654	8.30E-02	3
38.978	-8.609	8.70E-02	2
38.976	-8.564	7.90E-02	3
38.974	-8.519	1.02E-01	0
38.972	-8.475	1.11E-01	3
38.970	-8.431	8.60E-02	0
38.968	-8.386	7.40E-02	3
38.966	-8.342	7.00E-02	0
38.964	-8.298	7.40E-02	3
38.962	-8.255	7.60E-02	0
38.985	-9.222	1.02E-01	3
38.983	-9.170	9.30E-02	3
38.981	-9.121	8.90E-02	3
38.980	-9.075	1.01E-01	3
38.978	-9.028	9.30E-02	3
38.976	-8.981	9.60E-02	3
38.974	-8.935	1.03E-01	3
38.972	-8.888	1.15E-01	3
38.971	-8.841	1.10E-01	3
38.969	-8.794	1.15E-01	3
38.967	-8.748	9.90E-02	3
38.965	-8.701	8.90E-02	3
38.963	-8.655	7.10E-02	3
38.961	-8.610	8.40E-02	3
38.959	-8.565	8.30E-02	3
38.957	-8.520	1.19E-01	2
38.955	-8.476	1.27E-01	3
38.953	-8.431	7.90E-02	3
38.951	-8.387	7.10E-02	3
38.949	-8.343	7.20E-02	2
38.948	-8.299	7.30E-02	3
38.946	-8.256	7.40E-02	3
38.968	-9.222	9.40E-02	3
38.966	-9.171	9.80E-02	0
38.964	-9.122	9.70E-02	3
38.963	-9.074	9.80E-02	0
38.961	-9.028	1.04E-01	3
38.959	-8.983	1.01E-01	0
38.957	-8.936	1.14E-01	3
38.956	-8.889	1.07E-01	0
38.954	-8.842	1.09E-01	3
38.952	-8.795	1.03E-01	0
38.950	-8.749	9.10E-02	3
38.948	-8.703	9.50E-02	0
38.946	-8.657	9.70E-02	3
38.944	-8.611	9.80E-02	0
38.943	-8.566	9.90E-02	3
38.941	-8.522	1.10E-01	0
38.939	-8.477	1.10E-01	3
38.937	-8.432	7.80E-02	0
38.935	-8.388	7.00E-02	3
38.933	-8.344	7.20E-02	0
38.931	-8.300	7.50E-02	3
38.929	-8.257	7.30E-02	0
38.951	-9.222	9.60E-02	3
38.949	-9.173	9.80E-02	3
38.947	-9.123	9.60E-02	3
38.945	-9.075	9.20E-02	3
38.944	-9.029	9.50E-02	3
38.942	-8.984	9.90E-02	3
38.940	-8.937	1.11E-01	3
38.939	-8.890	1.12E-01	3
38.937	-8.843	1.06E-01	3
38.935	-8.796	9.20E-02	3
38.933	-8.749	8.20E-02	3
38.931	-8.703	8.80E-02	3
38.930	-8.657	7.60E-02	3
38.928	-8.612	9.20E-02	3
38.926	-8.567	1.07E-01	3
38.924	-8.522	8.70E-02	1
38.922	-8.478	7.90E-02	3
38.920	-8.433	7.40E-02	3
38.919	-8.389	7.50E-02	3
38.917	-8.345	7.70E-02	3
38.915	-8.302	7.70E-02	3
38.913	-8.258	7.40E-02	3
38.933	-9.223	1.04E-01	2
38.932	-9.175	9.80E-02	0
38.930	-9.125	8.80E-02	3
38.928	-9.076	9.50E-02	0
38.927	-9.031	1.02E-01	3
38.925	-8.985	1.03E-01	0
38.923	-8.938	1.16E-01	3
38.922	-8.891	1.26E-01	0
38.920	-8.844	1.20E-01	3
38.918	-8.797	9.10E-02	0
38.916	-8.750	8.10E-02	2
38.915	-8.704	8.60E-02	0
38.913	-8.658	1.03E-01	3
38.911	-8.613	8.10E-02	0
38.909	-8.568	7.50E-02	3
38.908	-8.523	7.30E-02	0
38.906	-8.478	7.80E-02	3
38.904	-8.434	7.10E-02	0
38.902	-8.390	7.10E-02	3
38.900	-8.346	7.20E-02	0
38.899	-8.303	7.30E-02	3
38.897	-8.259	7.40E-02	2
38.916	-9.223	8.90E-02	3
38.915	-9.176	8.60E-02	3
38.913	-9.128	8.70E-02	3
38.911	-9.078	9.10E-02	3
38.910	-9.033	1.16E-01	3
38.908	-8.986	1.04E-01	3
38.907	-8.939	1.17E-01	3
38.905	-8.891	1.13E-01	3
38.903	-8.844	9.70E-02	3
38.901	-8.798	8.10E-02	3
38.900	-8.751	7.90E-02	3
38.898	-8.705	8.20E-02	3
38.896	-8.659	8.90E-02	3
38.895	-8.613	7.40E-02	3
38.893	-8.568	7.20E-02	3
38.891	-8.524	7.20E-02	2
38.889	-8.479	6.90E-02	3
38.888	-8.434	7.50E-02	3
38.886	-8.390	7.50E-02	3
38.884	-8.346	7.30E-02	3
38.882	-8.303	7.40E-02	3
38.880	-8.260	7.40E-02	2
38.983	-9.228	1.02E-01	3
38.981	-9.176	9.60E-02	0
38.979	-9.127	9.10E-02	3
38.977	-9.080	9.90E-02	0
38.975	-9.033	9.70E-02	3
38.973	-8.987	9.60E-02	0
38.971	-8.941	1.06E-01	3
38.968	-8.894	1.16E-01	0
38.966	-8.847	1.07E-01	3
38.964	-8.800	1.11E-01	0
38.962	-8.754	1.02E-01	3
38.960	-8.708	9.80E-02	0
38.958	-8.662	8.30E-02	3
38.956	-8.616	8.00E-02	2
38.953	-8.571	8.10E-02	3
38.951	-8.527	1.12E-01	2
38.949	-8.482	1.30E-01	3
38.947	-8.438	8.60E-02	0
38.945	-8.393	6.90E-02	3
38.943	-8.349	7.20E-02	0
38.941	-8.305	7.50E-02	3
38.938	-8.262	7.30E-02	0
38.966	-9.228	9.20E-02	3
38.964	-9.177	9.90E-02	3
38.961	-9.128	9.80E-02	3
38.959	-9.080	1.01E-01	3
38.958	-9.034	1.07E-01	3
38.956	-8.988	1.06E-01	3
38.954	-8.942	1.15E-01	3
38.952	-8.895	1.08E-01	3
38.949	-8.848	1.07E-01	3
38.947	-8.801	1.07E-01	3
38.945	-8.755	8.70E-02	3
38.943	-8.708	8.70E-02	3
38.941	-8.663	9.10E-02	3
38.939	-8.618	1.09E-01	3
38.937	-8.573	1.14E-01	3
38.935	-8.528	1.06E-01	2
38.933	-8.483	9.50E-02	3
38.931	-8.438	7.70E-02	2
38.928	-8.394	7.50E-02	3
38.926	-8.351	7.70E-02	2
38.924	-8.307	7.70E-02	3
38.922	-8.263	7.50E-02	2
38.948	-9.228	9.50E-02	3
38.946	-9.179	1.01E-01	0
38.944	-9.129	9.50E-02	3
38.942	-9.081	9.50E-02	0
38.940	-9.035	9.40E-02	3
38.939	-8.990	9.70E-02	0
38.937	-8.943	1.10E-01	3
38.935	-8.896	1.17E-01	0
38.933	-8.849	1.13E-01	3
38.931	-8.802	9.10E-02	1
38.928	-8.755	7.70E-02	3
38.926	-8.709	9.40E-02	0
38.924	-8.663	8.10E-02	3
38.922	-8.618	7.80E-02	2
38.920	-8.573	9.20E-02	3
38.918	-8.529	8.00E-02	0
38.916	-8.484	7.60E-02	3
38.914	-8.439	7.10E-02	0
38.912	-8.395	7.10E-02	3
38.910	-8.351	7.30E-02	0
38.908	-8.308	7.50E-02	3
38.906	-8.265	7.50E-02	0
38.931	-9.229	1.04E-01	3
38.929	-9.180	9.80E-02	3
38.927	-9.131	8.70E-02	3
38.925	-9.082	9.30E-02	3
38.923	-9.036	1.03E-01	3
38.922	-8.991	1.01E-01	3
38.920	-8.944	1.19E-01	3
38.918	-8.897	1.23E-01	3
38.916	-8.849	1.23E-01	3
38.914	-8.803	9.20E-02	3
38.912	-8.756	8.50E-02	3
38.910	-8.710	8.00E-02	2
38.908	-8.664	1.06E-01	3
38.906	-8.619	8.70E-02	2
38.904	-8.574	7.60E-02	3
38.902	-8.529	7.20E-02	3
38.900	-8.484	7.50E-02	3
38.898	-8.440	7.20E-02	2
38.896	-8.396	7.30E-02	3
38.894	-8.352	7.20E-02	3
38.892	-8.309	7.40E-02	3
38.889	-8.265	7.30E-02	3
38.914	-9.228	8.30E-02	3
38.912	-9.181	8.30E-02	0
38.910	-9.134	8.80E-02	3
38.908	-9.084	9.20E-02	0
38.906	-9.039	1.17E-01	3
38.905	-8.992	1.03E-01	0
38.903	-8.945	1.16E-01	3
38.901	-8.897	1.08E-01	0
38.899	-8.850	9.20E-02	3
38.897	-8.804	7.80E-02	1
38.895	-8.757	7.60E-02	3
38.893	-8.711	8.00E-02	0
38.891	-8.665	8.50E-02	3
38.889	-8.619	7.20E-02	1
38.887	-8.574	6.70E-02	3
38.885	-8.530	7.30E-02	0
38.883	-8.485	7.00E-02	3
38.881	-8.440	7.60E-02	0
38.879	-8.396	7.90E-02	3
38.877	-8.353	7.30E-02	0
38.875	-8.310	7.60E-02	3
38.873	-8.266	7.30E-02	0
38.897	-9.229	8.50E-02	3
38.895	-9.181	8.40E-02	3
38.893	-9.133	8.90E-02	3
38.891	-9.085	9.60E-02	3
38.889	-9.040	1.23E-01	3
38.888	-8.993	1.06E-01	3
38.886	-8.946	1.21E-01	3
38.884	-8.898	1.01E-01	3
38.882	-8.851	8.20E-02	3
38.880	-8.805	7.60E-02	3
38.878	-8.758	8.00E-02	3
38.876	-8.712	8.80E-02	2
38.874	-8.666	8.70E-02	3
38.872	-8.620	7.80E-02	3
38.871	-8.575	8.30E-02	3
38.869	-8.530	7.50E-02	1
38.867	-8.486	7.30E-02	3
38.865	-8.441	7.40E-02	2
38.863	-8.397	7.40E-02	3
38.861	-8.353	7.20E-02	2
38.859	-8.311	7.70E-02	3
38.857	-8.267	7.50E-02	3
38.879	-9.231	8.80E-02	3
38.878	-9.182	8.60E-02	0
38.876	-9.135	9.30E-02	3
38.874	-9.088	1.26E-01	0
38.872	-9.041	1.10E-01	3
38.871	-8.994	9.30E-02	0
38.869	-8.946	1.07E-01	3
38.867	-8.899	1.09E-01	0
38.865	-8.852	9.70E-02	3
38.863	-8.805	7.50E-02	0
38.861	-8.759	8.90E-02	3
38.860	-8.713	8.80E-02	0
38.858	-8.667	7.70E-02	3
38.856	-8.621	7.90E-02	0
38.854	-8.576	8.40E-02	3
38.852	-8.531	7.80E-02	0
38.850	-8.487	7.20E-02	3
38.848	-8.443	7.60E-02	0
38.846	-8.398	7.20E-02	3
38.844	-8.354	7.20E-02	0
38.843	-8.311	7.40E-02	3
38.841	-8.268	7.80E-02	0
38.862	-9.232	8.50E-02	3
38.861	-9.185	9.70E-02	3
38.859	-9.138	1.19E-01	3
38.857	-9.090	1.32E-01	3
38.855	-9.043	1.00E-01	3
38.854	-8.995	8.90E-02	3
38.852	-8.947	1.00E-01	3
38.850	-8.900	9.30E-02	3
38.848	-8.853	7.70E-02	3
38.846	-8.806	7.10E-02	3
38.845	-8.760	7.50E-02	3
38.843	-8.714	8.20E-02	3
38.841	-8.668	7.40E-02	3
38.839	-8.622	8.30E-02	3
38.837	-8.577	9.70E-02	3
38.835	-8.532	7.90E-02	1
38.834	-8.487	7.60E-02	3
38.832	-8.443	7.70E-02	2
38.830	-8.399	7.00E-02	3
38.828	-8.355	6.90E-02	2
38.826	-8.312	7.30E-02	3
38.824	-8.269	8.10E-02	2
38.845	-9.234	8.90E-02	3
38.843	-9.188	1.10E-01	0
38.842	-9.140	1.08E-01	3
38.840	-9.091	1.22E-01	0
38.838	-9.044	8.30E-02	3
38.837	-8.996	8.10E-02	0
38.835	-8.948	9.40E-02	3
38.833	-8.901	9.70E-02	0
38.831	-8.854	7.90E-02	3
38.830	-8.807	7.30E-02	0
38.828	-8.761	7.40E-02	3
38.826	-8.715	7.50E-02	0
38.824	-8.669	7.20E-02	3
38.823	-8.623	6.70E-02	0
38.821	-8.578	8.20E-02	3
38.819	-8.533	8.00E-02	0
38.817	-8.489	7.30E-02	3
38.815	-8.444	7.60E-02	0
38.814	-8.400	7.10E-02	3
38.812	-8.356	6.90E-02	0
38.810	-8.313	7.20E-02	3
38.808	-8.269	7.50E-02	2
38.828	-9.233	8.40E-02	3
38.826	-9.187	9.50E-02	2
38.825	-9.140	1.16E-01	3
38.823	-9.092	1.19E-01	3
38.821	-9.044	7.60E-02	3
38.820	-8.997	7.40E-02	3
38.818	-8.949	8.80E-02	3
38.816	-8.902	9.40E-02	3
38.815	-8.855	8.80E-02	3
38.813	-8.808	7.30E-02	2
38.811	-8.762	7.30E-02	3
38.809	-8.716	7.20E-02	2
38.808	-8.670	7.20E-02	3
38.806	-8.625	7.40E-02	3
38.804	-8.580	7.40E-02	3
38.802	-8.535	7.80E-02	2
38.801	-8.490	7.40E-02	3
38.799	-8.445	7.50E-02	2
38.797	-8.401	7.70E-02	3
38.795	-8.357	6.90E-02	1
38.794	-8.313	8.00E-02	3
38.792	-8.270	8.20E-02	3
38.894	-9.237	8.80E-02	3
38.892	-9.188	8.60E-02	0
38.890	-9.140	9.10E-02	3
38.888	-9.093	1.05E-01	0
38.886	-9.048	1.23E-01	3
38.884	-9.001	1.04E-01	0
38.882	-8.954	1.20E-01	3
38.880	-8.907	1.05E-01	0
38.878	-8.860	9.00E-02	3
38.876	-8.813	7.70E-02	0
38.874	-8.767	8.30E-02	3
38.871	-8.720	8.70E-02	0
38.869	-8.674	8.30E-02	3
38.867	-8.629	7.60E-02	0
38.865	-8.583	8.40E-02	3
38.863	-8.539	7.70E-02	0
38.861	-8.494	7.50E-02	3
38.858	-8.450	7.80E-02	0
38.856	-8.406	7.60E-02	3
38.854	-8.362	7.40E-02	2
38.852	-8.319	7.70E-02	3
38.850	-8.276	7.50E-02	0
38.877	-9.239	8.50E-02	3
38.875	-9.190	8.50E-02	2
38.873	-9.143	9.50E-02	3
38.871	-9.096	1.23E-01	3
38.869	-9.050	1.19E-01	3
38.867	-9.002	9.30E-02	3
38.865	-8.955	1.05E-01	3
38.863	-8.907	1.09E-01	3
38.861	-8.860	9.50E-02	3
38.859	-8.814	7.70E-02	3
38.857	-8.767	8.40E-02	3
38.855	-8.721	9.10E-02	3
38.853	-8.675	7.90E-02	3
38.850	-8.629	7.90E-02	2
38.848	-8.584	8.90E-02	3
38.846	-8.539	7.90E-02	3
38.844	-8.495	7.40E-02	3
38.842	-8.451	7.50E-02	3
38.840	-8.406	7.20E-02	3
38.838	-8.362	6.90E-02	3
38.836	-8.319	7.20E-02	3
38.833	-8.277	8.10E-02	3
38.860	-9.240	8.50E-02	3
38.858	-9.193	9.70E-02	0
38.856	-9.147	1.15E-01	3
38.854	-9.098	1.30E-01	0
38.852	-9.051	1.05E-01	3
38.850	-9.003	8.40E-02	0
38.848	-8.955	9.90E-02	3
38.846	-8.908	9.40E-02	0
38.844	-8.861	7.70E-02	3
38.842	-8.815	7.20E-02	0
38.840	-8.768	7.10E-02	3
38.838	-8.722	8.00E-02	0
38.836	-8.676	7.70E-02	2
38.834	-8.630	7.80E-02	0
38.832	-8.585	9.70E-02	3
38.830	-8.540	8.50E-02	0
38.828	-8.496	7.60E-02	3
38.825	-8.451	7.60E-02	0
38.823	-8.407	6.90E-02	3
38.821	-8.363	7.00E-02	0
38.819	-8.320	7.20E-02	3
38.817	-8.277	7.80E-02	0
38.843	-9.241	8.70E-02	3
38.841	-9.196	1.06E-01	3
38.839	-9.148	1.09E-01	3
38.837	-9.099	1.24E-01	3
38.835	-9.052	8.70E-02	3
38.833	-9.004	7.90E-02	3
38.831	-8.956	9.10E-02	3
38.829	-8.909	9.90E-02	3
38.827	-8.862	9.00E-02	3
38.825	-8.815	7.50E-02	0
38.823	-8.769	7.40E-02	3
38.821	-8.723	7.50E-02	1
38.819	-8.677	7.20E-02	3
38.817	-8.632	7.00E-02	2
38.815	-8.586	7.40E-02	3
38.813	-8.542	8.20E-02	3
38.811	-8.497	7.40E-02	3
38.809	-8.452	7.50E-02	3
38.807	-8.408	7.90E-02	3
38.805	-8.364	6.90E-02	3
38.803	-8.320	7.30E-02	3
38.801	-8.277	7.90E-02	3
38.825	-9.240	8.70E-02	3
38.824	-9.194	9.30E-02	0
38.822	-9.148	1.21E-01	3
38.820	-9.099	1.22E-01	0
38.818	-9.053	7.90E-02	3
38.816	-9.005	7.20E-02	0
38.814	-8.957	8.60E-02	3
38.812	-8.910	9.20E-02	0
38.810	-8.863	8.90E-02	3
38.808	-8.816	7.30E-02	0
38.806	-8.770	7.30E-02	3
38.804	-8.724	7.30E-02	0
38.803	-8.678	7.10E-02	3
38.801	-8.633	7.80E-02	0
38.799	-8.588	7.40E-02	3
38.797	-8.543	7.20E-02	2
38.795	-8.498	7.60E-02	3
38.793	-8.454	7.60E-02	0
38.791	-8.409	7.40E-02	3
38.789	-8.365	7.10E-02	0
38.787	-8.322	8.50E-02	3
38.785	-8.279	8.30E-02	0
38.808	-9.242	1.13E-01	3
38.806	-9.195	1.35E-01	3
38.805	-9.148	1.33E-01	3
38.803	-9.101	1.13E-01	3
38.801	-9.053	7.00E-02	3
38.799	-9.006	6.90E-02	3
38.797	-8.958	8.40E-02	3
38.795	-8.911	8.10E-02	3
38.793	-8.864	7.30E-02	3
38.792	-8.817	6.70E-02	3
38.790	-8.771	6.70E-02	3
38.788	-8.725	7.60E-02	3
38.786	-8.679	8.00E-02	3
38.784	-8.634	8.00E-02	3
38.782	-8.588	7.30E-02	3
38.780	-8.543	6.70E-02	3
38.778	-8.499	7.60E-02	3
38.776	-8.455	7.40E-02	3
38.774	-8.411	7.50E-02	3
38.772	-8.367	8.60E-02	3
38.770	-8.323	8.70E-02	3
38.768	-8.280	7.80E-02	3
38.791	-9.244	9.50E-02	3
38.789	-9.197	1.35E-01	0
38.788	-9.149	1.45E-01	2
38.786	-9.102	1.27E-01	0
38.784	-9.054	6.90E-02	3
38.782	-9.006	6.80E-02	0
38.780	-8.959	8.40E-02	3
38.778	-8.912	8.10E-02	0
38.777	-8.864	8.10E-02	3
38.775	-8.818	7.40E-02	0
38.773	-8.772	7.30E-02	3
38.771	-8.725	7.40E-02	2
38.769	-8.680	9.50E-02	3
38.767	-8.634	8.90E-02	1
38.765	-8.589	8.20E-02	3
38.763	-8.544	7.20E-02	0
38.762	-8.499	7.70E-02	3
38.760	-8.455	6.60E-02	0
38.758	-8.412	7.70E-02	3
38.756	-8.368	9.00E-02	0
38.754	-8.324	9.00E-02	3
38.752	-8.281	7.70E-02	0
38.774	-9.245	1.22E-01	3
38.772	-9.198	1.31E-01	3
38.770	-9.149	1.48E-01	3
38.769	-9.102	1.30E-01	3
38.767	-9.055	6.80E-02	3
38.765	-9.007	6.80E-02	3
38.763	-8.960	8.70E-02	3
38.762	-8.913	8.60E-02	3
38.760	-8.866	7.70E-02	3
38.758	-8.819	7.50E-02	3
38.756	-8.772	8.80E-02	3
38.754	-8.726	7.40E-02	3
38.752	-8.680	9.50E-02	3
38.751	-8.635	9.30E-02	3
38.749	-8.590	8.00E-02	3
38.747	-8.546	8.20E-02	3
38.745	-8.501	8.30E-02	3
38.743	-8.456	7.20E-02	3
38.741	-8.412	7.10E-02	3
38.739	-8.368	8.60E-02	3
38.738	-8.324	8.20E-02	3
38.736	-8.281	7.50E-02	3
38.757	-9.247	1.43E-01	2
38.755	-9.199	1.49E-01	0
38.753	-9.151	1.45E-01	3
38.752	-9.103	1.24E-01	0
38.750	-9.056	6.50E-02	3
38.748	-9.008	7.70E-02	0
38.746	-8.961	1.13E-01	3
38.745	-8.914	9.40E-02	0
38.743	-8.867	8.90E-02	3
38.741	-8.820	8.50E-02	0
38.739	-8.773	9.50E-02	3
38.738	-8.727	7.30E-02	0
38.736	-8.681	7.70E-02	3
38.734	-8.636	1.01E-01	0
38.732	-8.591	8.70E-02	3
38.730	-8.546	7.80E-02	0
38.729	-8.502	7.50E-02	2
38.727	-8.458	7.30E-02	0
38.725	-8.414	7.60E-02	3
38.723	-8.369	8.80E-02	0
38.721	-8.325	9.30E-02	3
38.719	-8.282	8.60E-02	0
38.739	-9.248	1.14E-01	3
38.738	-9.199	1.15E-01	3
38.736	-9.151	1.40E-01	3
38.734	-9.104	1.16E-01	3
38.733	-9.057	6.60E-02	3
38.731	-9.009	8.80E-02	3
38.729	-8.961	1.19E-01	3
38.728	-8.914	1.11E-01	3
38.726	-8.868	9.10E-02	3
38.724	-8.821	8.70E-02	3
38.723	-8.774	1.06E-01	3
38.721	-8.728	1.03E-01	3
38.719	-8.682	9.50E-02	3
38.717	-8.637	8.90E-02	3
38.716	-8.592	8.00E-02	3
38.714	-8.547	7.00E-02	3
38.712	-8.503	6.60E-02	3
38.710	-8.458	7.00E-02	3
38.709	-8.415	8.10E-02	3
38.707	-8.371	8.60E-02	3
38.705	-8.327	8.30E-02	3
38.703	-8.283	8.60E-02	3
38.806	-9.248	1.08E-01	3
38.804	-9.200	1.39E-01	0
38.802	-9.154	1.39E-01	3
38.800	-9.106	1.21E-01	0
38.798	-9.059	7.30E-02	3
38.796	-9.012	6.80E-02	0
38.793	-8.964	8.40E-02	2
38.791	-8.917	8.10E-02	0
38.789	-8.870	7.80E-02	3
38.787	-8.823	6.70E-02	0
38.785	-8.777	6.70E-02	3
38.783	-8.731	7.60E-02	0
38.781	-8.685	8.70E-02	3
38.778	-8.640	8.00E-02	0
38.776	-8.594	7.90E-02	3
38.774	-8.549	7.10E-02	0
38.772	-8.505	8.00E-02	3
38.770	-8.461	7.20E-02	0
38.768	-8.417	7.50E-02	3
38.765	-8.373	8.30E-02	1
38.763	-8.330	9.00E-02	3
38.761	-8.286	7.80E-02	0
38.789	-9.250	9.20E-02	3
38.787	-9.203	1.30E-01	3
38.785	-9.154	1.44E-01	3
38.783	-9.107	1.36E-01	3
38.781	-9.060	7.20E-02	3
38.779	-9.012	6.70E-02	3
38.776	-8.965	8.40E-02	3
38.774	-8.918	8.40E-02	3
38.772	-8.870	8.30E-02	3
38.770	-8.824	7.50E-02	3
38.768	-8.778	7.70E-02	3
38.766	-8.732	7.30E-02	2
38.764	-8.686	9.60E-02	3
38.762	-8.640	9.70E-02	3
38.760	-8.596	8.30E-02	3
38.758	-8.550	7.40E-02	3
38.755	-8.506	7.90E-02	3
38.753	-8.461	6.80E-02	3
38.751	-8.418	7.40E-02	3
38.749	-8.374	8.90E-02	3
38.747	-8.330	8.90E-02	3
38.745	-8.287	7.70E-02	3
38.769	-9.204	1.33E-01	0
38.767	-9.155	1.47E-01	3
38.766	-9.108	1.36E-01	0
38.764	-9.061	7.10E-02	3
38.762	-9.013	6.80E-02	0
38.760	-8.966	9.40E-02	3
38.757	-8.919	9.10E-02	0
38.755	-8.872	7.90E-02	3
38.753	-8.825	7.80E-02	0
38.751	-8.778	1.00E-01	3
38.749	-8.732	7.70E-02	0
38.747	-8.686	8.30E-02	3
38.745	-8.641	9.60E-02	0
38.743	-8.596	8.10E-02	3
38.741	-8.552	8.40E-02	0
38.739	-8.507	8.50E-02	3
38.737	-8.463	7.70E-02	0
38.735	-8.419	7.20E-02	3
38.733	-8.375	8.50E-02	0
38.731	-8.331	8.80E-02	3
38.728	-8.287	7.90E-02	0
38.752	-9.204	1.45E-01	3
38.750	-9.156	1.45E-01	3
38.748	-9.109	1.28E-01	2
38.747	-9.062	6.70E-02	3
38.745	-9.014	7.70E-02	2
38.743	-8.966	1.12E-01	3
38.741	-8.919	1.00E-01	2
38.739	-8.873	9.50E-02	3
38.737	-8.826	8.50E-02	3
38.735	-8.779	9.10E-02	3
38.733	-8.733	7.60E-02	3
38.731	-8.687	7.90E-02	3
38.728	-8.642	1.00E-01	3
38.726	-8.597	9.00E-02	3
38.724	-8.552	7.60E-02	1
38.722	-8.508	7.00E-02	3
38.720	-8.464	7.00E-02	3
38.718	-8.420	7.90E-02	3
38.716	-8.376	8.70E-02	3
38.714	-8.332	9.00E-02	3
38.712	-8.288	9.10E-02	3
38.735	-9.205	1.04E-01	0
38.733	-9.157	1.29E-01	3
38.731	-9.110	1.20E-01	0
38.729	-9.063	6.50E-02	3
38.728	-9.015	9.00E-02	0
38.726	-8.967	1.19E-01	3
38.724	-8.920	1.15E-01	0
38.722	-8.873	9.10E-02	3
38.720	-8.827	8.90E-02	0
38.718	-8.780	1.11E-01	3
38.716	-8.734	1.19E-01	0
38.714	-8.688	9.60E-02	3
38.712	-8.643	8.30E-02	0
38.710	-8.598	8.40E-02	3
38.708	-8.553	6.90E-02	2
38.706	-8.509	6.60E-02	3
38.704	-8.464	7.30E-02	0
38.702	-8.421	8.00E-02	3
38.700	-8.377	8.10E-02	0
38.698	-8.333	7.80E-02	3
38.696	-8.290	7.80E-02	0
38.718	-9.206	1.08E-01	3
38.716	-9.158	1.36E-01	3
38.714	-9.111	1.00E-01	3
38.712	-9.063	7.00E-02	3
38.711	-9.016	1.05E-01	3
38.709	-8.968	1.41E-01	3
38.707	-8.921	1.24E-01	3
38.705	-8.874	9.90E-02	3
38.703	-8.828	8.70E-02	3
38.701	-8.781	1.04E-01	3
38.699	-8.735	1.22E-01	3
38.697	-8.689	1.09E-01	3
38.695	-8.644	1.00E-01	3
38.693	-8.598	1.01E-01	3
38.691	-8.554	7.70E-02	3
38.689	-8.509	8.20E-02	3
38.687	-8.465	9.40E-02	3
38.686	-8.421	9.20E-02	3
38.684	-8.378	8.80E-02	3
38.682	-8.335	7.40E-02	3
38.680	-8.291	7.10E-02	3
38.701	-9.209	1.26E-01	0
38.699	-9.161	9.30E-02	3
38.697	-9.112	6.10E-02	0
38.695	-9.064	6.80E-02	3
38.694	-9.017	8.50E-02	0
38.692	-8.969	1.06E-01	3
38.690	-8.922	1.25E-01	0
38.688	-8.875	8.80E-02	3
38.686	-8.829	8.10E-02	0
38.684	-8.782	1.11E-01	3
38.682	-8.736	1.20E-01	2
38.681	-8.690	1.08E-01	3
38.679	-8.645	1.23E-01	1
38.677	-8.599	1.10E-01	3
38.675	-8.555	7.30E-02	0
38.673	-8.510	8.70E-02	3
38.671	-8.466	1.21E-01	0
38.669	-8.422	1.09E-01	3
38.667	-8.378	8.70E-02	0
38.665	-8.335	7.90E-02	3
38.663	-8.292	7.00E-02	0
38.684	-9.210	5.80E-02	3
38.682	-9.161	8.90E-02	3
38.680	-9.113	6.00E-02	3
38.678	-9.065	8.10E-02	3
38.677	-9.018	9.60E-02	3
38.675	-8.970	1.21E-01	3
38.673	-8.923	1.24E-01	3
38.671	-8.876	1.13E-01	3
38.669	-8.830	8.20E-02	3
38.668	-8.783	1.00E-01	3
38.666	-8.737	1.20E-01	3
38.664	-8.692	1.08E-01	3
38.662	-8.646	9.40E-02	3
38.660	-8.601	9.60E-02	3
38.658	-8.556	7.40E-02	3
38.656	-8.511	8.00E-02	3
38.655	-8.467	9.60E-02	3
38.653	-8.423	9.40E-02	3
38.651	-8.379	9.20E-02	3
38.649	-8.335	8.30E-02	3
38.647	-8.292	8.00E-02	3
38.666	-9.210	1.04E-01	0
38.665	-9.162	1.18E-01	3
38.663	-9.114	7.30E-02	0
38.661	-9.066	1.32E-01	3
38.660	-9.018	1.18E-01	0
38.658	-8.971	1.16E-01	3
38.656	-8.923	1.11E-01	0
38.654	-8.877	9.40E-02	3
38.653	-8.830	7.80E-02	0
38.651	-8.784	9.20E-02	3
38.649	-8.738	1.08E-01	0
38.647	-8.692	1.33E-01	3
38.645	-8.647	9.40E-02	0
38.644	-8.602	7.20E-02	3
38.642	-8.557	6.20E-02	0
38.640	-8.513	7.40E-02	3
38.638	-8.468	8.90E-02	0
38.636	-8.424	8.60E-02	3
38.634	-8.380	7.50E-02	0
38.633	-8.336	7.00E-02	3
38.631	-8.292	7.50E-02	0
38.649	-9.211	1.15E-01	3
38.648	-9.162	1.29E-01	3
38.646	-9.115	1.00E-01	3
38.644	-9.067	1.13E-01	3
38.643	-9.019	1.23E-01	3
38.641	-8.972	1.15E-01	3
38.639	-8.924	1.19E-01	3
38.637	-8.878	1.07E-01	3
38.636	-8.831	8.60E-02	3
38.634	-8.785	9.00E-02	3
38.632	-8.739	1.08E-01	3
38.630	-8.694	1.31E-01	3
38.629	-8.648	8.00E-02	3
38.627	-8.603	6.50E-02	3
38.625	-8.558	6.70E-02	3
38.623	-8.514	7.20E-02	3
38.622	-8.470	8.30E-02	3
38.620	-8.425	8.60E-02	3
38.618	-8.381	7.60E-02	3
38.616	-8.337	7.30E-02	3
38.614	-8.293	7.50E-02	3
38.613	-8.250	7.60E-02	3
38.715	-9.215	1.15E-01	0
38.713	-9.166	1.27E-01	3
38.711	-9.119	1.02E-01	0
38.709	-9.072	6.80E-02	3
38.707	-9.024	9.90E-02	1
38.705	-8.976	1.35E-01	3
38.703	-8.929	1.30E-01	0
38.701	-8.883	1.00E-01	3
38.699	-8.836	8.30E-02	0
38.696	-8.790	1.03E-01	3
38.694	-8.744	1.20E-01	0
38.692	-8.698	1.18E-01	3
38.690	-8.652	1.13E-01	0
38.688	-8.607	1.15E-01	3
38.686	-8.562	8.20E-02	0
38.683	-8.517	8.80E-02	3
38.681	-8.473	1.17E-01	0
38.679	-8.429	1.08E-01	3
38.677	-8.386	9.00E-02	0
38.675	-8.343	7.90E-02	3
38.672	-8.299	7.00E-02	0
38.670	-8.256	8.20E-02	3
38.698	-9.217	1.14E-01	3
38.696	-9.169	8.30E-02	3
38.694	-9.121	6.00E-02	3
38.692	-9.073	6.50E-02	3
38.690	-9.025	8.40E-02	3
38.688	-8.977	1.06E-01	3
38.686	-8.930	1.31E-01	3
38.684	-8.883	9.30E-02	3
38.682	-8.837	8.00E-02	3
38.680	-8.791	1.04E-01	3
38.677	-8.745	1.22E-01	3
38.675	-8.699	1.01E-01	3
38.673	-8.653	1.17E-01	3
38.671	-8.608	1.05E-01	3
38.669	-8.563	7.60E-02	3
38.667	-8.519	7.50E-02	3
38.665	-8.474	1.04E-01	3
38.663	-8.430	1.05E-01	3
38.660	-8.386	9.30E-02	3
38.658	-8.343	8.50E-02	3
38.656	-8.300	7.50E-02	3
38.654	-8.257	9.20E-02	3
38.681	-9.218	5.70E-02	0
38.679	-9.169	9.50E-02	3
38.677	-9.121	6.60E-02	1
38.675	-9.073	8.40E-02	3
38.673	-9.026	9.70E-02	2
38.671	-8.978	1.18E-01	3
38.669	-8.931	1.21E-01	1
38.667	-8.884	1.14E-01	3
38.665	-8.838	8.50E-02	0
38.663	-8.791	9.50E-02	3
38.661	-8.746	1.20E-01	0
38.659	-8.700	1.13E-01	3
38.657	-8.654	9.60E-02	0
38.655	-8.609	9.10E-02	3
38.652	-8.564	7.70E-02	0
38.650	-8.520	7.60E-02	3
38.648	-8.475	9.30E-02	0
38.646	-8.431	9.10E-02	3
38.644	-8.387	8.60E-02	0
38.642	-8.343	7.90E-02	3
38.640	-8.300	7.70E-02	0
38.638	-8.257	8.10E-02	3
38.664	-9.218	1.03E-01	3
38.662	-9.169	1.23E-01	3
38.660	-9.122	8.00E-02	3
38.658	-9.074	1.28E-01	3
38.656	-9.026	1.31E-01	3
38.654	-8.979	1.20E-01	3
38.652	-8.932	1.14E-01	3
38.650	-8.885	9.90E-02	3
38.648	-8.839	8.00E-02	3
38.646	-8.792	8.50E-02	3
38.644	-8.746	1.06E-01	3
38.642	-8.701	1.37E-01	3
38.640	-8.655	9.90E-02	3
38.638	-8.610	6.40E-02	3
38.636	-8.565	6.20E-02	3
38.634	-8.521	7.20E-02	3
38.632	-8.477	8.60E-02	3
38.630	-8.432	8.80E-02	3
38.628	-8.388	7.70E-02	3
38.626	-8.344	7.10E-02	3
38.624	-8.301	7.60E-02	3
38.621	-8.258	7.90E-02	3
38.647	-9.219	1.13E-01	0
38.645	-9.170	1.30E-01	3
38.643	-9.123	1.03E-01	0
38.641	-9.075	1.06E-01	3
38.639	-9.027	1.17E-01	0
38.637	-8.980	1.10E-01	3
38.635	-8.932	1.18E-01	0
38.633	-8.886	1.17E-01	3
38.631	-8.839	1.00E-01	0
38.629	-8.793	9.60E-02	3
38.627	-8.747	1.08E-01	0
38.625	-8.702	1.39E-01	3
38.623	-8.656	9.10E-02	0
38.621	-8.611	7.10E-02	3
38.619	-8.566	7.10E-02	0
38.617	-8.522	7.20E-02	3
38.615	-8.478	7.80E-02	0
38.613	-8.433	8.70E-02	3
38.611	-8.389	7.50E-02	0
38.609	-8.345	7.50E-02	3
38.607	-8.301	7.30E-02	1
38.605	-8.258	7.50E-02	3
38.630	-9.220	1.02E-01	3
38.628	-9.171	1.26E-01	3
38.626	-9.123	1.27E-01	3
38.624	-9.076	1.07E-01	3
38.622	-9.028	1.02E-01	3
38.620	-8.980	1.02E-01	3
38.618	-8.933	1.07E-01	3
38.616	-8.886	1.23E-01	3
38.614	-8.840	1.36E-01	3
38.613	-8.794	1.30E-01	3
38.611	-8.748	1.18E-01	3
38.609	-8.703	1.35E-01	3
38.607	-8.658	9.80E-02	3
38.605	-8.612	8.30E-02	3
38.603	-8.567	7.00E-02	3
38.601	-8.523	6.80E-02	3
38.599	-8.479	7.80E-02	3
38.597	-8.435	8.50E-02	3
38.595	-8.390	7.90E-02	3
38.593	-8.346	7.80E-02	3
38.591	-8.302	7.80E-02	3
38.589	-8.259	7.10E-02	3
38.612	-9.221	6.50E-02	1
38.611	-9.172	1.17E-01	3
38.609	-9.124	1.08E-01	0
38.607	-9.076	1.13E-01	3
38.605	-9.028	9.10E-02	0
38.603	-8.981	1.10E-01	3
38.601	-8.934	1.14E-01	0
38.599	-8.887	1.21E-01	3
38.598	-8.841	1.40E-01	0
38.596	-8.795	1.39E-01	3
38.594	-8.749	1.03E-01	0
38.592	-8.704	1.00E-01	3
38.590	-8.659	9.80E-02	0
38.588	-8.614	7.90E-02	3
38.586	-8.569	8.00E-02	0
38.584	-8.525	8.10E-02	3
38.582	-8.480	8.00E-02	0
38.581	-8.435	8.30E-02	3
38.579	-8.391	8.50E-02	0
38.577	-8.347	8.50E-02	3
38.575	-8.304	8.10E-02	0
38.573	-8.261	7.50E-02	3
38.595	-9.222	4.10E-02	3
38.593	-9.173	8.80E-02	3
38.592	-9.125	7.20E-02	3
38.590	-9.077	1.02E-01	3
38.588	-9.029	1.06E-01	3
38.586	-8.982	1.25E-01	3
38.584	-8.934	1.07E-01	3
38.583	-8.887	1.13E-01	3
38.581	-8.842	1.15E-01	3
38.579	-8.796	1.21E-01	3
38.577	-8.751	9.10E-02	3
38.575	-8.705	8.40E-02	3
38.573	-8.659	7.40E-02	3
38.572	-8.614	7.30E-02	3
38.570	-8.569	6.50E-02	3
38.568	-8.525	6.90E-02	3
38.566	-8.481	6.60E-02	3
38.564	-8.436	7.70E-02	3
38.562	-8.392	7.30E-02	3
38.560	-8.348	8.10E-02	3
38.558	-8.305	8.20E-02	3
38.557	-8.262	7.80E-02	3
38.578	-9.223	3.10E-02	2
38.576	-9.174	7.00E-02	3
38.575	-9.125	8.20E-02	0
38.573	-9.078	1.15E-01	3
38.571	-9.030	1.22E-01	0
38.569	-8.982	1.08E-01	3
38.567	-8.934	1.07E-01	0
38.566	-8.888	1.03E-01	3
38.564	-8.843	1.01E-01	0
38.562	-8.797	9.90E-02	3
38.560	-8.752	8.80E-02	0
38.559	-8.706	7.20E-02	3
38.557	-8.660	6.50E-02	0
38.555	-8.615	6.70E-02	3
38.553	-8.570	6.20E-02	0
38.551	-8.526	5.80E-02	3
38.550	-8.482	6.90E-02	0
38.548	-8.438	8.20E-02	3
38.546	-8.393	8.50E-02	0
38.544	-8.349	8.30E-02	3
38.542	-8.306	8.20E-02	0
38.540	-8.264	7.90E-02	2
38.561	-9.224	2.20E-02	3
38.559	-9.175	5.90E-02	3
38.557	-9.126	7.00E-02	3
38.556	-9.078	1.20E-01	3
38.554	-9.031	1.22E-01	3
38.552	-8.983	1.08E-01	3
38.551	-8.934	7.90E-02	3
38.549	-8.890	9.80E-02	3
38.547	-8.844	1.14E-01	3
38.545	-8.799	9.70E-02	3
38.544	-8.753	7.80E-02	3
38.542	-8.707	6.60E-02	3
38.540	-8.661	6.40E-02	3
38.538	-8.616	6.50E-02	3
38.537	-8.571	6.20E-02	3
38.535	-8.527	6.60E-02	3
38.533	-8.484	7.60E-02	3
38.531	-8.439	8.30E-02	3
38.529	-8.395	8.60E-02	3
38.528	-8.350	7.70E-02	3
38.526	-8.308	8.00E-02	3
38.524	-8.266	8.20E-02	3
38.627	-9.227	9.00E-02	0
38.625	-9.177	1.23E-01	3
38.623	-9.129	1.28E-01	0
38.621	-9.082	1.14E-01	3
38.619	-9.034	9.90E-02	1
38.616	-8.986	1.06E-01	3
38.614	-8.939	1.05E-01	0
38.612	-8.893	1.24E-01	3
38.610	-8.846	1.39E-01	0
38.608	-8.800	1.39E-01	3
38.606	-8.754	1.17E-01	0
38.603	-8.709	1.23E-01	3
38.601	-8.664	1.08E-01	0
38.599	-8.619	8.40E-02	3
38.597	-8.574	7.40E-02	0
38.595	-8.530	7.70E-02	3
38.593	-8.485	7.80E-02	0
38.590	-8.441	8.30E-02	3
38.588	-8.396	8.40E-02	0
38.586	-8.353	8.20E-02	3
38.584	-8.309	8.10E-02	0
38.581	-8.266	7.80E-02	3
38.610	-9.228	5.30E-02	3
38.608	-9.178	1.19E-01	3
38.606	-9.130	1.05E-01	3
38.604	-9.082	1.14E-01	3
38.602	-9.035	9.70E-02	3
38.599	-8.987	1.13E-01	3
38.597	-8.940	1.14E-01	3
38.595	-8.893	1.17E-01	3
38.593	-8.847	1.33E-01	3
38.591	-8.801	1.35E-01	3
38.589	-8.755	1.03E-01	3
38.587	-8.710	9.10E-02	3
38.585	-8.665	8.70E-02	3
38.583	-8.620	8.00E-02	3
38.580	-8.575	7.70E-02	3
38.578	-8.531	7.50E-02	3
38.576	-8.486	7.50E-02	3
38.574	-8.442	8.10E-02	3
38.572	-8.397	8.00E-02	3
38.570	-8.353	8.50E-02	3
38.567	-8.310	8.40E-02	3
38.565	-8.267	7.50E-02	3
38.593	-9.228	3.30E-02	0
38.591	-9.179	8.20E-02	3
38.589	-9.131	7.40E-02	0
38.587	-9.083	1.03E-01	3
38.585	-9.036	1.08E-01	2
38.582	-8.988	1.30E-01	3
38.580	-8.940	1.11E-01	1
38.578	-8.893	1.16E-01	3
38.576	-8.848	1.14E-01	0
38.574	-8.802	1.20E-01	3
38.572	-8.757	9.60E-02	0
38.570	-8.711	8.30E-02	3
38.568	-8.665	7.20E-02	0
38.566	-8.620	6.90E-02	3
38.564	-8.575	6.30E-02	0
38.562	-8.531	6.60E-02	3
38.560	-8.487	6.70E-02	0
38.558	-8.443	8.00E-02	3
38.555	-8.398	7.80E-02	0
38.553	-8.355	8.00E-02	3
38.551	-8.311	8.20E-02	0
38.549	-8.269	7.90E-02	3
38.575	-9.229	2.60E-02	3
38.573	-9.180	6.70E-02	3
38.571	-9.131	7.70E-02	3
38.569	-9.083	1.19E-01	3
38.568	-9.036	1.24E-01	3
38.565	-8.988	1.03E-01	3
38.563	-8.940	1.00E-01	3
38.561	-8.894	9.20E-02	3
38.559	-8.849	9.80E-02	3
38.557	-8.803	9.50E-02	3
38.555	-8.758	8.70E-02	3
38.553	-8.712	6.80E-02	3
38.551	-8.666	6.40E-02	3
38.549	-8.621	6.70E-02	3
38.547	-8.576	6.30E-02	3
38.545	-8.532	5.80E-02	3
38.543	-8.488	6.80E-02	3
38.541	-8.444	7.90E-02	3
38.539	-8.400	8.80E-02	3
38.537	-8.355	8.20E-02	3
38.535	-8.313	8.30E-02	3
38.533	-8.270	8.10E-02	3
38.558	-9.230	2.00E-02	0
38.556	-9.180	5.50E-02	3
38.554	-9.132	6.30E-02	0
38.552	-9.084	1.08E-01	3
38.550	-9.037	1.20E-01	0
38.548	-8.989	1.07E-01	3
38.546	-8.940	7.40E-02	0
38.545	-8.896	1.05E-01	3
38.543	-8.850	1.20E-01	0
38.541	-8.805	9.90E-02	3
38.539	-8.759	7.60E-02	0
38.537	-8.713	6.90E-02	3
38.535	-8.667	6.20E-02	0
38.533	-8.622	6.60E-02	3
38.531	-8.578	6.30E-02	0
38.529	-8.534	6.80E-02	3
38.527	-8.490	8.10E-02	0
38.525	-8.445	8.60E-02	3
38.523	-8.401	8.10E-02	0
38.521	-8.357	7.40E-02	3
38.519	-8.314	8.00E-02	1
38.517	-8.272	8.20E-02	3
38.541	-9.231	1.20E-02	3
38.539	-9.182	4.80E-02	3
38.537	-9.133	6.30E-02	3
38.535	-9.085	6.80E-02	3
38.533	-9.037	9.70E-02	3
38.532	-8.989	1.00E-01	3
38.530	-8.941	7.50E-02	3
38.528	-8.897	1.35E-01	3
38.526	-8.851	1.28E-01	3
38.524	-8.805	1.01E-01	3
38.522	-8.760	7.70E-02	3
38.520	-8.714	6.80E-02	3
38.518	-8.668	6.30E-02	3
38.516	-8.623	7.20E-02	3
38.514	-8.579	7.00E-02	3
38.512	-8.535	7.60E-02	3
38.510	-8.491	7.80E-02	3
38.508	-8.446	8.40E-02	3
38.506	-8.402	7.90E-02	3
38.504	-8.359	7.30E-02	3
38.502	-8.315	8.40E-02	3
38.500	-8.273	8.20E-02	3
38.524	-9.232	1.20E-02	1
38.522	-9.183	4.70E-02	3
38.520	-9.134	6.30E-02	0
38.518	-9.086	8.00E-02	3
38.516	-9.038	9.10E-02	0
38.515	-8.990	8.90E-02	3
38.513	-8.944	6.10E-02	0
38.511	-8.899	6.00E-02	3
38.509	-8.852	8.80E-02	0
38.507	-8.806	9.60E-02	3
38.505	-8.761	8.30E-02	0
38.503	-8.715	7.00E-02	3
38.501	-8.669	6.60E-02	0
38.500	-8.624	6.90E-02	3
38.498	-8.580	7.20E-02	0
38.496	-8.535	7.20E-02	3
38.494	-8.492	7.50E-02	0
38.492	-8.447	8.10E-02	3
38.490	-8.403	7.60E-02	0
38.488	-8.360	7.80E-02	3
38.486	-8.317	8.70E-02	0
38.484	-8.274	8.50E-02	3
38.507	-9.233	1.30E-02	3
38.505	-9.184	5.90E-02	3
38.503	-9.135	6.50E-02	3
38.501	-9.086	6.60E-02	3
38.499	-9.038	7.40E-02	3
38.498	-8.990	6.80E-02	3
38.496	-8.944	7.60E-02	3
38.494	-8.900	7.50E-02	3
38.492	-8.853	6.50E-02	3
38.490	-8.807	1.08E-01	3
38.489	-8.762	7.90E-02	3
38.487	-8.716	7.50E-02	3
38.485	-8.670	6.80E-02	3
38.483	-8.625	7.00E-02	3
38.481	-8.581	7.80E-02	3
38.479	-8.536	7.80E-02	3
38.477	-8.492	7.70E-02	3
38.475	-8.448	7.10E-02	3
38.474	-8.405	7.30E-02	3
38.472	-8.362	7.20E-02	3
38.470	-8.318	8.30E-02	3
38.468	-8.275	8.40E-02	3
38.489	-9.234	1.30E-02	2
38.488	-9.185	5.30E-02	3
38.486	-9.135	7.50E-02	1
38.484	-9.087	8.20E-02	3
38.482	-9.038	6.50E-02	0
38.481	-8.990	5.90E-02	3
38.479	-8.947	6.80E-02	0
38.477	-8.901	1.06E-01	3
38.475	-8.854	6.40E-02	0
38.474	-8.808	7.50E-02	3
38.472	-8.763	6.70E-02	0
38.470	-8.717	7.40E-02	3
38.468	-8.671	6.80E-02	0
38.466	-8.627	7.30E-02	3
38.465	-8.582	7.60E-02	0
38.463	-8.537	7.50E-02	3
38.461	-8.493	6.90E-02	0
38.459	-8.450	8.70E-02	3
38.457	-8.407	8.70E-02	0
38.455	-8.363	7.50E-02	3
38.454	-8.319	8.00E-02	0
38.452	-8.276	8.40E-02	3
38.472	-9.235	1.30E-02	3
38.471	-9.185	5.90E-02	3
38.469	-9.135	9.30E-02	3
38.467	-9.087	1.06E-01	3
38.465	-9.038	7.10E-02	3
38.464	-8.993	5.20E-02	3
38.462	-8.948	3.40E-02	3
38.460	-8.902	6.80E-02	3
38.459	-8.855	8.40E-02	3
38.457	-8.809	5.10E-02	3
38.455	-8.764	6.00E-02	3
38.453	-8.718	7.20E-02	3
38.452	-8.672	6.40E-02	3
38.450	-8.628	7.80E-02	3
38.448	-8.583	6.80E-02	3
38.446	-8.539	7.30E-02	3
38.445	-8.495	7.50E-02	3
38.443	-8.451	9.00E-02	3
38.441	-8.408	8.80E-02	3
38.439	-8.364	7.50E-02	3
38.437	-8.321	8.00E-02	3
38.435	-8.278	8.20E-02	3
38.539	-9.239	1.30E-02	2
38.536	-9.190	4.20E-02	3
38.534	-9.142	6.40E-02	0
38.532	-9.093	6.60E-02	3
38.530	-9.045	9.00E-02	0
38.528	-8.998	1.02E-01	3
38.526	-8.951	7.20E-02	0
38.524	-8.905	1.13E-01	3
38.521	-8.859	1.28E-01	0
38.519	-8.814	1.03E-01	3
38.517	-8.768	7.90E-02	0
38.515	-8.723	7.10E-02	3
38.513	-8.677	6.30E-02	0
38.511	-8.631	7.20E-02	3
38.508	-8.587	7.20E-02	0
38.506	-8.543	7.40E-02	3
38.504	-8.499	7.80E-02	0
38.502	-8.454	8.50E-02	3
38.500	-8.411	7.90E-02	0
38.497	-8.367	7.70E-02	3
38.495	-8.324	8.80E-02	0
38.493	-8.281	8.30E-02	3
38.521	-9.240	1.30E-02	3
38.519	-9.191	4.30E-02	3
38.517	-9.143	6.20E-02	3
38.515	-9.094	7.60E-02	3
38.513	-9.046	8.50E-02	3
38.511	-8.998	8.50E-02	3
38.509	-8.952	5.80E-02	3
38.507	-8.907	4.90E-02	3
38.505	-8.861	6.80E-02	3
38.502	-8.814	1.02E-01	3
38.500	-8.769	8.60E-02	3
38.498	-8.723	7.00E-02	3
38.496	-8.678	6.70E-02	3
38.494	-8.632	6.80E-02	3
38.492	-8.588	7.40E-02	3
38.490	-8.543	7.40E-02	3
38.488	-8.499	7.60E-02	3
38.485	-8.455	7.80E-02	3
38.483	-8.412	7.50E-02	3
38.481	-8.369	7.30E-02	3
38.479	-8.325	8.10E-02	3
38.477	-8.282	8.60E-02	3
38.504	-9.241	1.20E-02	0
38.502	-9.192	5.00E-02	3
38.500	-9.143	7.10E-02	0
38.498	-9.094	6.30E-02	3
38.496	-9.046	6.90E-02	0
38.494	-8.998	6.00E-02	3
38.492	-8.951	7.40E-02	0
38.490	-8.908	8.80E-02	3
38.488	-8.862	6.00E-02	0
38.486	-8.815	9.40E-02	3
38.484	-8.770	8.00E-02	0
38.482	-8.724	7.20E-02	3
38.479	-8.679	6.90E-02	0
38.477	-8.634	6.90E-02	3
38.475	-8.589	7.90E-02	0
38.473	-8.544	7.90E-02	3
38.471	-8.500	7.30E-02	0
38.469	-8.456	7.40E-02	3
38.467	-8.414	7.90E-02	0
38.465	-8.370	7.40E-02	3
38.463	-8.326	8.20E-02	0
38.460	-8.283	8.50E-02	3
38.487	-9.242	1.30E-02	3
38.485	-9.193	4.70E-02	3
38.483	-9.143	7.90E-02	3
38.481	-9.094	9.20E-02	3
38.479	-9.047	6.70E-02	3
38.477	-8.998	5.70E-02	3
38.475	-8.955	5.40E-02	3
38.473	-8.909	9.00E-02	3
38.471	-8.862	6.50E-02	3
38.469	-8.816	5.50E-02	3
38.467	-8.771	6.20E-02	3
38.465	-8.725	7.10E-02	3
38.463	-8.680	6.30E-02	3
38.461	-8.635	7.30E-02	3
38.459	-8.590	7.40E-02	3
38.457	-8.545	7.40E-02	3
38.455	-8.502	7.10E-02	3
38.453	-8.458	9.00E-02	3
38.451	-8.415	9.10E-02	3
38.448	-8.371	7.90E-02	3
38.446	-8.328	8.00E-02	3
38.444	-8.284	8.40E-02	3
38.470	-9.242	1.40E-02	0
38.468	-9.193	4.90E-02	3
38.466	-9.143	8.60E-02	0
38.464	-9.094	1.00E-01	3
38.462	-9.047	6.70E-02	0
38.460	-9.001	5.00E-02	3
38.458	-8.956	2.80E-02	0
38.456	-8.910	4.20E-02	3
38.454	-8.863	8.40E-02	0
38.452	-8.817	5.90E-02	3
38.450	-8.772	5.90E-02	0
38.448	-8.726	7.10E-02	3
38.446	-8.681	6.30E-02	0
38.444	-8.636	7.80E-02	3
38.442	-8.591	6.80E-02	0
38.440	-8.547	7.30E-02	3
38.438	-8.503	7.50E-02	0
38.436	-8.459	8.90E-02	3
38.434	-8.416	8.80E-02	0
38.432	-8.373	7.00E-02	3
38.430	-8.330	8.00E-02	0
38.428	-8.287	7.70E-02	3
38.453	-9.243	1.80E-02	3
38.451	-9.193	5.00E-02	3
38.449	-9.143	8.40E-02	3
38.447	-9.095	9.40E-02	3
38.445	-9.048	6.70E-02	3
38.443	-9.004	2.30E-02	3
38.441	-8.957	2.60E-02	3
38.439	-8.911	3.30E-02	3
38.437	-8.864	5.60E-02	3
38.435	-8.818	8.00E-02	3
38.433	-8.773	7.10E-02	3
38.432	-8.727	6.80E-02	3
38.430	-8.682	7.40E-02	3
38.428	-8.637	8.00E-02	3
38.426	-8.592	7.40E-02	3
38.424	-8.548	7.90E-02	3
38.422	-8.504	7.50E-02	3
38.420	-8.460	8.20E-02	3
38.418	-8.417	9.20E-02	3
38.416	-8.373	6.70E-02	3
38.414	-8.331	7.60E-02	3
38.412	-8.287	8.50E-02	3
38.435	-9.244	2.10E-02	0
38.433	-9.194	6.20E-02	3
38.432	-9.145	5.90E-02	0
38.430	-9.099	3.00E-02	3
38.428	-9.052	1.80E-02	0
38.426	-9.005	1.40E-02	3
38.424	-8.958	1.30E-02	0
38.422	-8.911	1.20E-02	3
38.421	-8.865	1.10E-02	0
38.419	-8.819	7.10E-02	3
38.417	-8.774	8.20E-02	0
38.415	-8.728	9.10E-02	3
38.413	-8.683	8.60E-02	0
38.411	-8.638	8.30E-02	3
38.409	-8.594	9.10E-02	0
38.407	-8.550	8.30E-02	3
38.405	-8.505	8.10E-02	0
38.403	-8.462	9.50E-02	3
38.401	-8.418	9.00E-02	0
38.399	-8.374	7.70E-02	3
38.398	-8.332	9.00E-02	0
38.396	-8.289	8.80E-02	3
38.418	-9.245	2.20E-02	3
38.416	-9.195	4.60E-02	3
38.415	-9.148	1.50E-02	3
38.413	-9.101	1.20E-02	3
38.411	-9.053	1.20E-02	3
38.409	-9.006	1.20E-02	3
38.407	-8.959	1.10E-02	3
38.406	-8.912	1.10E-02	3
38.404	-8.866	1.10E-02	3
38.402	-8.820	5.40E-02	3
38.400	-8.774	9.50E-02	3
38.398	-8.729	1.29E-01	3
38.396	-8.684	1.20E-01	3
38.394	-8.639	8.90E-02	3
38.393	-8.594	8.50E-02	3
38.391	-8.550	8.50E-02	3
38.389	-8.506	9.00E-02	3
38.387	-8.463	9.40E-02	3
38.385	-8.419	8.50E-02	3
38.383	-8.375	8.30E-02	3
38.381	-8.332	9.10E-02	3
38.379	-8.290	9.00E-02	3
38.401	-9.246	1.40E-02	0
38.399	-9.197	1.30E-02	3
38.398	-9.149	1.30E-02	0
38.396	-9.101	1.20E-02	2
38.394	-9.054	1.40E-02	0
38.392	-9.007	1.30E-02	2
38.390	-8.960	1.20E-02	0
38.389	-8.913	1.10E-02	3
38.387	-8.867	1.20E-02	0
38.385	-8.821	4.20E-02	3
38.383	-8.775	9.00E-02	0
38.382	-8.730	1.09E-01	3
38.380	-8.684	1.12E-01	0
38.378	-8.640	9.10E-02	3
38.376	-8.595	8.40E-02	0
38.374	-8.551	9.40E-02	3
38.372	-8.508	1.08E-01	0
38.371	-8.464	8.70E-02	3
38.369	-8.419	7.50E-02	0
38.367	-8.376	8.40E-02	3
38.365	-8.333	7.60E-02	0
38.363	-8.291	8.40E-02	3
38.384	-9.247	1.60E-02	3
38.382	-9.198	1.50E-02	3
38.380	-9.150	1.40E-02	3
38.379	-9.102	1.40E-02	3
38.377	-9.055	1.50E-02	3
38.375	-9.008	1.40E-02	3
38.374	-8.961	1.30E-02	3
38.372	-8.914	1.20E-02	3
38.370	-8.868	1.20E-02	3
38.368	-8.822	2.90E-02	3
38.367	-8.776	8.30E-02	3
38.365	-8.731	9.80E-02	3
38.363	-8.685	1.20E-01	3
38.361	-8.640	9.10E-02	3
38.360	-8.596	8.80E-02	3
38.358	-8.552	8.40E-02	3
38.356	-8.509	8.80E-02	3
38.354	-8.464	8.20E-02	3
38.352	-8.420	8.10E-02	3
38.350	-8.377	7.40E-02	3
38.450	-9.249	1.30E-02	2
38.448	-9.200	5.00E-02	3
38.445	-9.149	8.70E-02	0
38.443	-9.102	8.70E-02	3
38.441	-9.055	6.30E-02	0
38.439	-9.010	2.40E-02	3
38.437	-8.963	2.20E-02	0
38.435	-8.917	2.50E-02	3
38.433	-8.870	3.90E-02	0
38.430	-8.824	8.00E-02	3
38.428	-8.779	7.60E-02	0
38.426	-8.734	7.20E-02	3
38.424	-8.689	7.50E-02	0
38.422	-8.644	8.30E-02	3
38.420	-8.599	8.50E-02	0
38.417	-8.555	8.10E-02	3
38.415	-8.510	7.90E-02	0
38.413	-8.467	8.70E-02	3
38.411	-8.424	9.70E-02	0
38.409	-8.380	7.30E-02	3
38.406	-8.337	8.00E-02	0
38.404	-8.294	8.80E-02	3
38.402	-8.251	9.00E-02	0
38.430	-9.200	5.90E-02	3
38.428	-9.152	4.80E-02	3
38.426	-9.106	2.40E-02	3
38.424	-9.058	1.50E-02	3
38.422	-9.011	1.40E-02	3
38.420	-8.964	1.30E-02	3
38.418	-8.918	1.30E-02	3
38.416	-8.871	1.40E-02	3
38.414	-8.825	6.00E-02	3
38.412	-8.780	8.80E-02	3
38.409	-8.734	1.02E-01	3
38.407	-8.689	1.02E-01	3
38.405	-8.645	8.70E-02	3
38.403	-8.600	8.80E-02	3
38.401	-8.556	8.50E-02	3
38.399	-8.511	8.80E-02	3
38.397	-8.468	9.50E-02	3
38.394	-8.425	9.30E-02	3
38.392	-8.380	8.20E-02	3
38.390	-8.338	9.40E-02	3
38.388	-8.295	9.10E-02	3
38.386	-8.252	8.70E-02	3
38.413	-9.202	4.00E-02	3
38.411	-9.154	1.60E-02	0
38.409	-9.107	1.30E-02	3
38.407	-9.059	1.30E-02	0
38.405	-9.012	1.30E-02	3
38.403	-8.965	1.20E-02	0
38.401	-8.918	1.10E-02	3
38.399	-8.872	1.20E-02	0
38.397	-8.826	4.20E-02	3
38.395	-8.781	9.40E-02	0
38.393	-8.735	1.36E-01	3
38.391	-8.690	1.37E-01	0
38.389	-8.645	8.90E-02	3
38.386	-8.601	8.50E-02	0
38.384	-8.556	8.80E-02	3
38.382	-8.512	9.70E-02	0
38.380	-8.469	9.40E-02	3
38.378	-8.425	8.10E-02	0
38.376	-8.381	8.30E-02	3
38.374	-8.338	8.10E-02	0
38.372	-8.296	8.60E-02	3
38.369	-8.253	9.20E-02	0
38.396	-9.203	1.40E-02	3
38.394	-9.155	1.30E-02	3
38.392	-9.107	1.40E-02	3
38.390	-9.060	1.40E-02	3
38.388	-9.013	1.40E-02	3
38.386	-8.966	1.20E-02	3
38.384	-8.919	1.10E-02	3
38.382	-8.873	1.10E-02	3
38.380	-8.827	3.40E-02	3
38.378	-8.781	9.10E-02	3
38.376	-8.736	9.90E-02	3
38.374	-8.690	1.12E-01	3
38.372	-8.646	9.70E-02	3
38.370	-8.601	8.50E-02	3
38.368	-8.557	9.00E-02	3
38.366	-8.514	1.01E-01	3
38.364	-8.470	8.50E-02	3
38.362	-8.425	8.00E-02	3
38.360	-8.382	8.30E-02	3
38.357	-8.340	7.70E-02	3
38.355	-8.298	8.40E-02	3
38.353	-8.254	9.10E-02	3
38.379	-9.204	1.40E-02	3
38.377	-9.156	1.30E-02	0
38.375	-9.108	1.30E-02	3
38.373	-9.061	1.30E-02	0
38.371	-9.014	1.30E-02	3
38.369	-8.967	1.20E-02	0
38.367	-8.920	1.10E-02	3
38.365	-8.874	1.20E-02	0
38.363	-8.828	2.30E-02	3
38.361	-8.782	7.80E-02	0
38.359	-8.737	1.01E-01	3
38.357	-8.691	1.13E-01	0
38.355	-8.646	8.80E-02	3
38.353	-8.602	8.80E-02	0
38.351	-8.558	8.40E-02	3
38.362	-9.205	1.50E-02	3
38.360	-9.157	1.40E-02	3
38.358	-9.109	1.50E-02	3
38.356	-9.062	1.50E-02	3
38.354	-9.015	1.40E-02	3
38.352	-8.968	1.40E-02	3
38.350	-8.921	1.30E-02	3
38.359	-9.213	1.50E-02	3
38.357	-9.165	1.40E-02	0
38.355	-9.117	1.50E-02	3
38.353	-9.070	1.50E-02	0
38.351	-9.023	1.50E-02	3
