39.349	-8.515	1.10E-01	0
39.347	-8.479	1.00E-01	2
39.345	-8.442	6.20E-02	0
39.343	-8.406	7.10E-02	2
39.341	-8.372	7.00E-02	0
39.340	-8.337	1.08E-01	2
39.338	-8.302	1.45E-01	0
39.336	-8.267	1.29E-01	2
39.349	-8.807	8.10E-02	0
39.347	-8.769	1.00E-01	3
39.345	-8.732	1.00E-01	0
39.343	-8.696	1.11E-01	3
39.341	-8.660	1.12E-01	0
39.340	-8.624	1.14E-01	3
39.338	-8.588	1.14E-01	0
39.336	-8.552	1.23E-01	3
39.334	-8.517	1.08E-01	0
39.332	-8.481	1.33E-01	3
39.330	-8.444	1.03E-01	0
39.328	-8.408	7.70E-02	3
39.327	-8.374	8.60E-02	0
39.325	-8.339	1.33E-01	3
39.323	-8.304	1.07E-01	0
39.321	-8.269	8.80E-02	3
39.348	-8.487	1.03E-01	2
39.346	-8.450	6.80E-02	0
39.344	-8.414	6.80E-02	2
39.342	-8.379	7.10E-02	0
39.340	-8.344	9.40E-02	2
39.338	-8.310	1.51E-01	0
39.336	-8.275	1.29E-01	2
39.350	-8.777	9.30E-02	3
39.348	-8.739	9.90E-02	0
39.346	-8.703	1.10E-01	3
39.344	-8.667	1.11E-01	0
39.342	-8.631	1.13E-01	3
39.340	-8.595	1.11E-01	0
39.338	-8.560	1.27E-01	3
39.336	-8.524	1.08E-01	0
39.333	-8.488	1.30E-01	3
39.331	-8.452	1.15E-01	0
39.329	-8.416	6.90E-02	3
39.327	-8.381	8.70E-02	0
39.325	-8.346	1.17E-01	3
39.323	-8.311	1.42E-01	0
39.321	-8.276	1.00E-01	3
39.349	-9.041	8.60E-02	0
39.347	-9.002	1.06E-01	2
39.345	-8.965	9.30E-02	0
39.343	-8.927	9.00E-02	2
39.341	-8.889	8.90E-02	0
39.339	-8.853	1.17E-01	2
39.337	-8.816	9.20E-02	0
39.335	-8.777	1.10E-01	2
39.333	-8.740	1.00E-01	0
39.331	-8.704	1.13E-01	2
39.329	-8.668	1.16E-01	0
39.327	-8.632	1.16E-01	2
39.325	-8.597	1.09E-01	0
39.323	-8.561	1.16E-01	2
39.321	-8.525	1.21E-01	0
39.319	-8.489	1.18E-01	2
39.316	-8.454	9.20E-02	0
39.314	-8.418	9.90E-02	2
39.312	-8.383	8.20E-02	0
39.310	-8.347	1.05E-01	2
39.308	-8.312	8.40E-02	0
39.306	-8.277	9.00E-02	2
39.343	-9.238	1.55E-01	3
39.341	-9.200	1.49E-01	0
39.339	-9.159	1.86E-01	3
39.337	-9.120	1.12E-01	0
39.335	-9.081	9.00E-02	3
39.333	-9.042	1.08E-01	0
39.331	-9.004	7.90E-02	3
39.329	-8.966	7.90E-02	0
39.327	-8.929	1.09E-01	3
39.325	-8.891	9.70E-02	0
39.323	-8.854	8.80E-02	3
39.321	-8.817	9.10E-02	0
39.319	-8.779	1.12E-01	3
39.317	-8.742	1.06E-01	0
39.315	-8.706	1.02E-01	2
39.313	-8.670	1.25E-01	0
39.312	-8.634	1.13E-01	3
39.310	-8.598	1.02E-01	0
39.308	-8.562	1.17E-01	3
39.306	-8.526	1.19E-01	0
39.303	-8.490	8.30E-02	3
39.301	-8.454	9.80E-02	0
39.299	-8.419	7.80E-02	3
39.297	-8.383	9.00E-02	0
39.295	-8.348	1.18E-01	3
39.293	-8.313	9.40E-02	0
39.291	-8.278	1.16E-01	3
39.327	-9.239	2.40E-01	3
39.326	-9.201	1.85E-01	0
39.324	-9.160	1.82E-01	2
39.322	-9.120	1.76E-01	0
39.320	-9.082	1.13E-01	2
39.318	-9.044	1.01E-01	0
39.316	-9.005	9.60E-02	2
39.314	-8.967	1.11E-01	0
39.312	-8.930	1.13E-01	2
39.310	-8.892	1.35E-01	0
39.308	-8.855	1.13E-01	2
39.306	-8.817	1.25E-01	0
39.304	-8.780	1.13E-01	2
39.302	-8.743	1.14E-01	0
39.300	-8.707	1.06E-01	2
39.298	-8.671	1.12E-01	0
39.296	-8.635	1.22E-01	2
39.294	-8.599	1.11E-01	0
39.293	-8.563	1.13E-01	2
39.291	-8.527	1.08E-01	0
39.288	-8.490	7.60E-02	2
39.286	-8.454	6.60E-02	0
39.285	-8.419	6.60E-02	2
39.283	-8.384	1.26E-01	0
39.281	-8.349	7.30E-02	2
39.279	-8.314	9.10E-02	0
39.277	-8.280	1.08E-01	2
39.312	-9.239	2.75E-01	3
39.310	-9.201	2.41E-01	0
39.308	-9.161	1.80E-01	3
39.306	-9.121	2.58E-01	0
39.304	-9.083	1.42E-01	3
39.302	-9.045	1.08E-01	0
39.300	-9.006	9.60E-02	3
39.298	-8.968	8.50E-02	0
39.297	-8.931	1.08E-01	3
39.295	-8.894	1.26E-01	0
39.293	-8.856	9.80E-02	3
39.291	-8.818	1.07E-01	0
39.289	-8.782	1.13E-01	2
39.287	-8.745	1.14E-01	0
39.285	-8.709	1.11E-01	2
39.283	-8.672	1.11E-01	0
39.281	-8.636	1.07E-01	2
39.279	-8.601	1.17E-01	0
39.277	-8.564	1.25E-01	3
39.276	-8.528	9.20E-02	0
39.274	-8.492	7.80E-02	3
39.272	-8.456	9.50E-02	0
39.270	-8.420	1.17E-01	2
39.268	-8.385	8.60E-02	0
39.266	-8.351	9.00E-02	2
39.264	-8.316	1.27E-01	0
39.262	-8.281	1.12E-01	2
39.296	-9.240	3.07E-01	3
39.294	-9.201	3.06E-01	0
39.292	-9.163	1.82E-01	3
39.291	-9.124	1.51E-01	0
39.289	-9.084	1.55E-01	3
39.287	-9.046	1.45E-01	0
39.285	-9.007	1.10E-01	3
39.283	-8.969	1.06E-01	0
39.281	-8.932	8.50E-02	3
39.279	-8.895	8.40E-02	0
39.277	-8.858	9.90E-02	2
39.276	-8.820	1.17E-01	0
39.274	-8.783	1.12E-01	2
39.272	-8.747	1.11E-01	0
39.270	-8.710	1.05E-01	2
39.268	-8.674	1.06E-01	0
39.266	-8.638	1.10E-01	3
39.264	-8.602	1.29E-01	0
39.262	-8.565	1.35E-01	3
39.260	-8.529	9.70E-02	0
39.259	-8.493	8.50E-02	2
39.257	-8.457	9.20E-02	0
39.255	-8.422	8.80E-02	2
39.253	-8.387	1.10E-01	0
39.251	-8.352	1.01E-01	2
39.249	-8.317	1.08E-01	0
39.247	-8.283	1.26E-01	2
39.280	-9.241	3.18E-01	3
39.279	-9.203	3.08E-01	0
39.277	-9.165	2.87E-01	2
39.275	-9.125	1.86E-01	0
39.273	-9.086	2.10E-01	3
39.271	-9.047	1.55E-01	0
39.269	-9.009	9.20E-02	3
39.268	-8.971	1.28E-01	0
39.266	-8.934	8.10E-02	3
39.264	-8.896	1.08E-01	0
39.262	-8.859	9.50E-02	2
39.260	-8.821	1.07E-01	0
39.258	-8.785	9.40E-02	2
39.257	-8.748	1.06E-01	0
39.255	-8.711	1.22E-01	2
39.253	-8.675	1.08E-01	0
39.251	-8.639	1.05E-01	2
39.249	-8.603	1.22E-01	0
39.247	-8.567	1.29E-01	2
39.245	-8.530	9.80E-02	0
39.244	-8.494	8.60E-02	2
39.242	-8.458	7.40E-02	0
39.240	-8.423	1.31E-01	2
39.238	-8.388	8.70E-02	0
39.236	-8.354	8.50E-02	2
39.234	-8.319	1.11E-01	0
39.232	-8.284	8.10E-02	2
39.231	-8.250	8.60E-02	0
39.333	-9.245	2.16E-01	2
39.330	-9.207	2.14E-01	0
39.328	-9.166	1.84E-01	2
39.326	-9.126	1.38E-01	0
39.324	-9.088	1.13E-01	2
39.322	-9.050	1.00E-01	0
39.320	-9.011	9.40E-02	2
39.317	-8.973	1.06E-01	0
39.315	-8.936	1.21E-01	3
39.313	-8.898	1.32E-01	0
39.311	-8.861	1.24E-01	2
39.309	-8.824	1.09E-01	0
39.307	-8.786	1.12E-01	2
39.304	-8.749	1.14E-01	0
39.302	-8.713	1.09E-01	2
39.300	-8.677	1.11E-01	0
39.298	-8.641	1.24E-01	2
39.296	-8.605	1.09E-01	0
39.294	-8.570	1.10E-01	2
39.292	-8.534	1.09E-01	0
39.289	-8.497	8.00E-02	2
39.287	-8.461	6.70E-02	0
39.285	-8.425	6.30E-02	2
39.283	-8.390	1.03E-01	0
39.281	-8.356	7.50E-02	2
39.278	-8.321	8.20E-02	0
39.276	-8.286	9.30E-02	2
39.274	-8.252	1.19E-01	0
39.317	-9.245	2.82E-01	3
39.315	-9.207	2.32E-01	0
39.313	-9.167	2.02E-01	3
39.310	-9.127	2.37E-01	0
39.308	-9.089	1.34E-01	3
39.306	-9.051	1.15E-01	0
39.304	-9.012	1.19E-01	3
39.302	-8.974	8.50E-02	0
39.300	-8.937	1.17E-01	2
39.298	-8.900	1.24E-01	0
39.296	-8.862	1.07E-01	2
39.293	-8.824	1.10E-01	0
39.291	-8.788	1.14E-01	2
39.289	-8.751	1.15E-01	0
39.287	-8.715	1.14E-01	2
39.285	-8.678	1.09E-01	0
39.283	-8.642	1.07E-01	2
39.281	-8.607	1.13E-01	0
39.279	-8.571	1.26E-01	2
39.277	-8.535	9.60E-02	0
39.274	-8.498	8.10E-02	2
39.272	-8.462	9.10E-02	0
39.270	-8.427	1.14E-01	2
39.268	-8.391	9.30E-02	0
39.266	-8.357	8.50E-02	2
39.264	-8.322	1.28E-01	0
39.262	-8.288	1.31E-01	2
39.259	-8.253	9.50E-02	0
39.301	-9.246	2.86E-01	2
39.299	-9.207	3.04E-01	0
39.297	-9.169	1.93E-01	2
39.295	-9.129	2.29E-01	0
39.293	-9.090	1.57E-01	2
39.291	-9.051	1.11E-01	0
39.289	-9.012	1.30E-01	2
39.287	-8.975	1.18E-01	0
39.285	-8.938	9.30E-02	2
39.282	-8.901	9.30E-02	0
39.280	-8.864	9.70E-02	2
39.278	-8.826	1.09E-01	0
39.276	-8.789	1.15E-01	2
39.274	-8.752	1.10E-01	0
39.272	-8.716	1.04E-01	2
39.270	-8.680	1.04E-01	0
39.268	-8.644	1.10E-01	2
39.266	-8.608	1.24E-01	0
39.264	-8.572	1.39E-01	2
39.262	-8.535	1.02E-01	0
39.259	-8.499	8.40E-02	2
39.257	-8.463	9.30E-02	0
39.255	-8.428	9.70E-02	2
39.253	-8.393	1.05E-01	0
39.251	-8.359	1.19E-01	2
39.249	-8.324	9.60E-02	0
39.247	-8.289	1.24E-01	2
39.245	-8.255	1.34E-01	0
39.285	-9.247	3.38E-01	3
39.283	-9.208	3.22E-01	0
39.281	-9.170	2.53E-01	2
39.279	-9.131	2.04E-01	0
39.277	-9.092	2.11E-01	3
39.275	-9.053	1.59E-01	0
39.273	-9.015	1.03E-01	3
39.271	-8.976	1.31E-01	0
39.269	-8.939	7.90E-02	3
39.267	-8.902	1.07E-01	0
39.265	-8.865	9.00E-02	2
39.263	-8.827	1.11E-01	0
39.261	-8.791	9.90E-02	2
39.259	-8.754	1.06E-01	0
39.257	-8.717	1.20E-01	2
39.255	-8.681	1.13E-01	0
39.253	-8.645	9.90E-02	2
39.251	-8.609	1.18E-01	0
39.249	-8.573	1.35E-01	2
39.246	-8.536	1.02E-01	0
39.244	-8.500	8.50E-02	2
39.242	-8.465	7.60E-02	0
39.240	-8.429	1.22E-01	2
39.238	-8.394	9.20E-02	0
39.236	-8.360	8.40E-02	2
39.234	-8.325	1.05E-01	0
39.232	-8.290	7.90E-02	2
39.230	-8.256	8.40E-02	0
39.270	-9.248	2.32E-01	2
39.268	-9.209	3.28E-01	0
39.266	-9.171	3.35E-01	2
39.264	-9.132	2.73E-01	0
39.262	-9.093	1.62E-01	2
39.260	-9.054	1.22E-01	0
39.258	-9.015	1.36E-01	2
39.256	-8.978	8.60E-02	0
39.254	-8.940	7.00E-02	2
39.252	-8.903	8.00E-02	0
39.250	-8.865	1.03E-01	2
39.248	-8.828	1.02E-01	0
39.246	-8.792	8.90E-02	2
39.244	-8.755	8.50E-02	0
39.242	-8.718	1.03E-01	2
39.240	-8.682	1.15E-01	0
39.238	-8.646	9.80E-02	2
39.236	-8.610	1.12E-01	0
39.234	-8.574	1.21E-01	2
39.232	-8.538	9.90E-02	0
39.229	-8.502	7.40E-02	2
39.227	-8.466	9.40E-02	0
39.225	-8.431	1.04E-01	2
39.223	-8.396	9.00E-02	0
39.221	-8.361	9.70E-02	2
39.219	-8.326	1.28E-01	0
39.217	-8.292	9.00E-02	2
39.215	-8.257	8.90E-02	0
39.254	-9.250	2.66E-01	2
39.252	-9.210	3.15E-01	0
39.250	-9.172	4.03E-01	2
39.248	-9.133	2.94E-01	0
39.246	-9.094	1.63E-01	3
39.244	-9.055	1.76E-01	0
39.242	-9.016	1.40E-01	2
39.240	-8.979	1.13E-01	0
39.238	-8.942	8.80E-02	3
39.236	-8.904	8.20E-02	0
39.234	-8.866	1.04E-01	3
39.232	-8.830	9.20E-02	0
39.230	-8.793	8.70E-02	2
39.228	-8.756	8.80E-02	0
39.227	-8.720	1.03E-01	2
39.224	-8.683	1.05E-01	0
39.223	-8.648	1.20E-01	2
39.221	-8.611	1.29E-01	0
39.219	-8.575	1.27E-01	2
39.216	-8.539	9.70E-02	0
39.214	-8.503	8.70E-02	2
39.212	-8.468	9.60E-02	0
39.210	-8.432	9.90E-02	2
39.208	-8.397	8.50E-02	0
39.206	-8.362	7.70E-02	2
39.204	-8.328	8.20E-02	0
39.202	-8.293	9.90E-02	2
39.200	-8.258	8.20E-02	0
39.237	-9.212	3.03E-01	0
39.235	-9.173	3.41E-01	2
39.233	-9.134	3.43E-01	0
39.231	-9.095	2.04E-01	2
39.229	-9.056	1.53E-01	0
39.227	-9.017	9.20E-02	2
39.225	-8.980	1.00E-01	0
39.223	-8.943	8.00E-02	2
39.221	-8.906	8.50E-02	0
39.219	-8.868	9.40E-02	2
39.217	-8.831	1.00E-01	0
39.215	-8.794	9.20E-02	2
39.213	-8.757	8.60E-02	0
39.211	-8.721	1.05E-01	2
39.209	-8.685	1.11E-01	0
39.207	-8.649	1.24E-01	2
39.205	-8.612	1.35E-01	0
39.203	-8.576	1.28E-01	2
39.201	-8.540	1.17E-01	0
39.199	-8.504	1.07E-01	2
39.198	-8.469	9.80E-02	0
39.196	-8.434	1.24E-01	2
39.194	-8.399	9.60E-02	0
39.192	-8.364	8.90E-02	2
39.190	-8.329	9.00E-02	0
39.188	-8.294	8.30E-02	2
39.186	-8.260	7.50E-02	0
39.221	-9.213	3.07E-01	0
39.219	-9.174	3.57E-01	2
39.217	-9.135	3.37E-01	0
39.215	-9.096	1.69E-01	2
39.213	-9.056	1.11E-01	0
39.211	-9.017	7.80E-02	2
39.209	-8.981	1.17E-01	0
39.208	-8.944	1.43E-01	3
39.206	-8.907	1.15E-01	0
39.204	-8.869	9.80E-02	3
39.202	-8.832	9.00E-02	0
39.200	-8.795	8.10E-02	2
39.198	-8.758	1.04E-01	0
39.196	-8.722	1.14E-01	2
39.194	-8.686	1.06E-01	0
39.192	-8.650	1.21E-01	2
39.190	-8.613	1.43E-01	0
39.188	-8.577	1.33E-01	2
39.186	-8.541	1.16E-01	0
39.185	-8.506	9.90E-02	2
39.183	-8.471	9.80E-02	0
39.181	-8.435	9.80E-02	2
39.179	-8.400	8.90E-02	0
39.177	-8.365	8.80E-02	2
39.175	-8.330	8.00E-02	0
39.173	-8.296	7.40E-02	2
39.171	-8.261	9.20E-02	0
39.205	-9.214	2.10E-01	0
39.203	-9.175	2.56E-01	2
39.202	-9.136	3.93E-01	0
39.200	-9.097	3.12E-01	2
39.198	-9.055	1.98E-01	0
39.196	-9.017	6.40E-02	2
39.194	-8.982	7.90E-02	0
39.192	-8.945	1.15E-01	2
39.190	-8.908	9.20E-02	0
39.188	-8.870	9.20E-02	2
39.187	-8.832	8.80E-02	0
39.185	-8.796	1.09E-01	2
39.183	-8.759	1.07E-01	0
39.181	-8.724	1.10E-01	2
39.179	-8.687	1.02E-01	0
39.177	-8.651	1.18E-01	2
39.175	-8.615	1.26E-01	0
39.173	-8.578	1.34E-01	2
39.171	-8.542	1.05E-01	0
39.170	-8.507	1.30E-01	2
39.168	-8.471	8.00E-02	0
39.166	-8.436	8.30E-02	2
39.164	-8.401	1.05E-01	0
39.162	-8.366	8.60E-02	2
39.160	-8.331	7.80E-02	0
39.158	-8.297	8.10E-02	2
39.156	-8.262	8.90E-02	0
39.190	-9.215	3.33E-01	0
39.188	-9.176	1.36E-01	2
39.186	-9.137	2.15E-01	0
39.184	-9.096	3.40E-01	2
39.182	-9.053	1.29E-01	0
39.180	-9.020	6.90E-02	2
39.179	-8.984	7.50E-02	0
39.177	-8.946	7.80E-02	2
39.175	-8.908	7.60E-02	0
39.173	-8.871	1.04E-01	2
39.171	-8.834	1.10E-01	0
39.169	-8.798	1.20E-01	2
39.168	-8.761	1.45E-01	0
39.166	-8.725	1.35E-01	2
39.164	-8.689	1.21E-01	0
39.162	-8.652	1.28E-01	2
39.160	-8.616	1.24E-01	0
39.158	-8.579	9.20E-02	2
39.156	-8.544	1.20E-01	0
39.155	-8.508	1.24E-01	3
39.153	-8.472	9.30E-02	0
39.151	-8.437	7.90E-02	2
39.149	-8.402	1.07E-01	0
39.147	-8.367	9.00E-02	2
39.145	-8.333	7.70E-02	0
39.143	-8.298	8.30E-02	2
39.141	-8.264	9.30E-02	0
39.242	-9.219	2.85E-01	0
39.240	-9.180	3.32E-01	2
39.238	-9.141	3.64E-01	0
39.235	-9.102	1.78E-01	2
39.233	-9.064	1.86E-01	0
39.231	-9.024	1.16E-01	2
39.229	-8.987	1.02E-01	0
39.227	-8.950	8.60E-02	2
39.225	-8.913	7.90E-02	0
39.222	-8.875	9.80E-02	2
39.220	-8.838	9.20E-02	0
39.218	-8.801	9.00E-02	2
39.216	-8.764	8.50E-02	0
39.214	-8.728	9.90E-02	2
39.212	-8.692	1.06E-01	0
39.209	-8.656	1.18E-01	2
39.207	-8.620	1.33E-01	0
39.205	-8.584	1.29E-01	2
39.203	-8.547	1.20E-01	0
39.201	-8.511	1.09E-01	2
39.199	-8.476	9.80E-02	0
39.196	-8.441	1.21E-01	2
39.194	-8.406	9.10E-02	0
39.192	-8.371	1.02E-01	2
39.190	-8.337	9.30E-02	0
39.188	-8.302	8.50E-02	2
39.185	-8.267	7.60E-02	0
39.226	-9.220	2.74E-01	0
39.224	-9.181	3.58E-01	2
39.222	-9.142	3.69E-01	0
39.220	-9.104	2.38E-01	2
39.218	-9.064	1.21E-01	0
39.215	-9.024	7.90E-02	2
39.213	-8.988	1.02E-01	0
39.211	-8.951	1.24E-01	2
39.209	-8.914	1.05E-01	0
39.207	-8.876	9.60E-02	2
39.205	-8.839	9.20E-02	0
39.203	-8.802	8.50E-02	2
39.201	-8.765	9.60E-02	0
39.199	-8.729	1.03E-01	2
39.196	-8.693	1.09E-01	0
39.194	-8.657	1.22E-01	2
39.192	-8.621	1.45E-01	0
39.190	-8.585	1.33E-01	2
39.188	-8.548	1.27E-01	0
39.186	-8.513	1.00E-01	2
39.184	-8.478	9.80E-02	0
39.181	-8.443	1.02E-01	2
39.179	-8.408	9.10E-02	0
39.177	-8.373	8.90E-02	2
39.175	-8.338	8.20E-02	0
39.173	-8.303	7.50E-02	2
39.171	-8.268	8.80E-02	0
39.211	-9.222	2.54E-01	0
39.208	-9.182	2.73E-01	2
39.206	-9.143	3.79E-01	0
39.204	-9.105	3.10E-01	2
39.202	-9.064	1.85E-01	0
39.200	-9.024	6.90E-02	2
39.198	-8.989	7.80E-02	0
39.196	-8.952	1.22E-01	2
39.194	-8.915	1.13E-01	0
39.192	-8.877	9.50E-02	2
39.190	-8.840	8.70E-02	0
39.188	-8.803	9.90E-02	2
39.185	-8.767	1.11E-01	0
39.183	-8.730	1.02E-01	2
39.181	-8.695	1.06E-01	0
39.179	-8.658	1.14E-01	2
39.177	-8.622	1.28E-01	0
39.175	-8.585	1.29E-01	2
39.173	-8.549	1.08E-01	0
39.171	-8.514	1.31E-01	2
39.169	-8.479	8.60E-02	0
39.167	-8.443	8.10E-02	2
39.164	-8.408	9.90E-02	0
39.162	-8.373	8.90E-02	2
39.160	-8.339	7.80E-02	0
39.158	-8.304	7.90E-02	2
39.156	-8.270	8.90E-02	0
39.195	-9.222	2.98E-01	0
39.193	-9.183	1.92E-01	3
39.191	-9.144	2.16E-01	0
39.189	-9.105	3.50E-01	3
39.186	-9.062	2.29E-01	0
39.184	-9.025	7.20E-02	2
39.183	-8.990	7.20E-02	0
39.181	-8.953	8.50E-02	2
39.178	-8.916	7.30E-02	0
39.176	-8.878	9.80E-02	2
39.174	-8.841	1.10E-01	0
39.172	-8.804	1.13E-01	2
39.170	-8.768	1.29E-01	0
39.168	-8.732	1.26E-01	2
39.166	-8.696	1.18E-01	0
39.164	-8.659	1.25E-01	2
39.162	-8.623	1.26E-01	0
39.160	-8.586	9.70E-02	2
39.158	-8.551	1.10E-01	0
39.156	-8.516	1.25E-01	2
39.154	-8.480	1.10E-01	0
39.152	-8.444	8.00E-02	3
39.150	-8.409	1.01E-01	0
39.147	-8.375	9.40E-02	3
39.145	-8.340	8.00E-02	0
39.143	-8.305	8.10E-02	3
39.141	-8.271	9.40E-02	0
39.179	-9.224	2.78E-01	0
39.177	-9.184	2.79E-01	2
39.175	-9.145	2.07E-01	0
39.173	-9.104	2.60E-01	2
39.171	-9.062	1.22E-01	0
39.169	-9.028	1.18E-01	2
39.167	-8.992	7.30E-02	0
39.165	-8.955	7.60E-02	2
39.163	-8.917	1.07E-01	0
39.161	-8.879	1.07E-01	2
39.159	-8.843	1.06E-01	0
39.157	-8.806	1.11E-01	2
39.155	-8.769	1.22E-01	0
39.153	-8.733	1.21E-01	2
39.151	-8.697	1.20E-01	0
39.149	-8.661	1.43E-01	2
39.147	-8.624	1.32E-01	0
39.145	-8.587	7.30E-02	2
39.143	-8.552	1.21E-01	0
39.141	-8.517	9.60E-02	2
39.139	-8.481	7.60E-02	0
39.137	-8.446	9.10E-02	2
39.135	-8.411	9.90E-02	0
39.133	-8.376	8.90E-02	2
39.131	-8.341	8.60E-02	0
39.129	-8.307	8.70E-02	2
39.127	-8.272	9.70E-02	0
39.164	-9.225	2.35E-01	0
39.162	-9.185	3.17E-01	2
39.160	-9.146	2.37E-01	0
39.158	-9.105	1.71E-01	3
39.156	-9.068	1.28E-01	0
39.154	-9.031	1.05E-01	3
39.152	-8.993	8.20E-02	0
39.150	-8.956	8.70E-02	3
39.148	-8.919	1.22E-01	0
39.146	-8.881	1.13E-01	3
39.144	-8.844	1.01E-01	0
39.142	-8.807	9.40E-02	2
39.140	-8.771	8.80E-02	0
39.138	-8.735	1.25E-01	2
39.136	-8.698	1.28E-01	0
39.134	-8.662	1.46E-01	2
39.132	-8.625	1.25E-01	0
39.130	-8.589	9.60E-02	2
39.128	-8.554	1.04E-01	0
39.126	-8.518	1.39E-01	2
39.124	-8.483	8.70E-02	0
39.122	-8.447	9.50E-02	3
39.120	-8.412	9.20E-02	0
39.118	-8.377	8.60E-02	3
39.116	-8.342	9.40E-02	0
39.114	-8.308	8.50E-02	3
39.112	-8.274	8.10E-02	0
39.148	-9.226	2.67E-01	0
39.146	-9.187	2.62E-01	2
39.144	-9.146	2.92E-01	0
39.142	-9.107	1.48E-01	2
39.140	-9.070	1.34E-01	0
39.138	-9.032	1.08E-01	2
39.136	-8.995	9.50E-02	0
39.134	-8.957	1.00E-01	2
39.132	-8.920	1.22E-01	0
39.131	-8.882	1.12E-01	2
39.129	-8.845	1.11E-01	0
39.127	-8.809	9.10E-02	2
39.125	-8.772	9.30E-02	0
39.123	-8.736	1.12E-01	2
39.121	-8.699	1.25E-01	0
39.119	-8.663	1.27E-01	2
39.117	-8.627	1.27E-01	0
39.115	-8.591	9.80E-02	2
39.113	-8.555	1.07E-01	0
39.111	-8.519	1.40E-01	2
39.109	-8.484	9.40E-02	0
39.107	-8.448	9.90E-02	2
39.105	-8.413	9.70E-02	0
39.103	-8.378	9.10E-02	2
39.101	-8.344	1.01E-01	0
39.099	-8.310	1.05E-01	2
39.097	-8.275	9.40E-02	0
39.132	-9.227	2.40E-01	0
39.130	-9.188	3.25E-01	2
39.128	-9.146	2.11E-01	0
39.127	-9.109	1.55E-01	3
39.125	-9.071	1.10E-01	0
39.123	-9.033	9.30E-02	2
39.121	-8.996	9.10E-02	0
39.119	-8.959	8.70E-02	2
39.117	-8.921	1.03E-01	0
39.115	-8.883	9.90E-02	2
39.113	-8.846	9.20E-02	0
39.111	-8.810	9.90E-02	2
39.109	-8.774	1.11E-01	0
39.108	-8.737	1.11E-01	2
39.106	-8.701	1.06E-01	0
39.104	-8.664	1.00E-01	2
39.102	-8.628	1.05E-01	0
39.100	-8.592	9.30E-02	3
39.098	-8.556	1.00E-01	0
39.096	-8.520	1.03E-01	2
39.094	-8.485	1.01E-01	0
39.092	-8.449	1.05E-01	3
39.090	-8.414	9.20E-02	0
39.088	-8.379	8.00E-02	3
39.086	-8.345	7.90E-02	0
39.084	-8.311	7.80E-02	3
39.082	-8.276	8.50E-02	0
39.117	-9.228	1.96E-01	0
39.115	-9.187	1.61E-01	2
39.113	-9.147	2.23E-01	0
39.111	-9.111	1.37E-01	3
39.109	-9.073	1.32E-01	0
39.107	-9.034	9.50E-02	3
39.106	-8.997	8.10E-02	0
39.104	-8.960	9.10E-02	3
39.102	-8.922	7.50E-02	0
39.100	-8.885	1.03E-01	3
39.098	-8.848	8.50E-02	0
39.096	-8.811	1.07E-01	2
39.094	-8.775	1.18E-01	0
39.092	-8.738	9.00E-02	2
39.090	-8.702	1.10E-01	0
39.089	-8.665	1.06E-01	2
39.087	-8.629	1.05E-01	0
39.085	-8.593	1.28E-01	2
39.083	-8.557	1.09E-01	0
39.081	-8.522	8.90E-02	3
39.079	-8.486	9.00E-02	0
39.077	-8.451	1.06E-01	2
39.075	-8.416	9.50E-02	0
39.073	-8.381	7.60E-02	2
39.071	-8.347	8.90E-02	0
39.069	-8.312	1.10E-01	2
39.068	-8.278	1.02E-01	0
39.101	-9.229	3.12E-01	0
39.099	-9.188	2.60E-01	2
39.097	-9.149	1.62E-01	0
39.096	-9.112	1.23E-01	2
39.094	-9.074	1.54E-01	0
39.092	-9.035	1.24E-01	2
39.090	-8.998	1.20E-01	0
39.088	-8.962	9.10E-02	2
39.086	-8.923	8.20E-02	0
39.085	-8.886	1.26E-01	2
39.083	-8.849	1.13E-01	0
39.081	-8.813	1.25E-01	3
39.079	-8.776	1.16E-01	0
39.077	-8.739	1.02E-01	2
39.075	-8.703	1.57E-01	0
39.073	-8.666	1.24E-01	2
39.072	-8.630	1.17E-01	0
39.070	-8.594	1.15E-01	3
39.068	-8.559	9.50E-02	0
39.066	-8.523	9.90E-02	3
39.064	-8.488	9.50E-02	0
39.062	-8.452	9.60E-02	3
39.060	-8.417	9.00E-02	0
39.058	-8.382	1.14E-01	2
39.057	-8.348	9.10E-02	0
39.055	-8.313	9.20E-02	3
39.053	-8.279	8.60E-02	0
39.153	-9.232	2.56E-01	0
39.151	-9.192	2.77E-01	2
39.149	-9.153	3.19E-01	0
39.146	-9.113	1.84E-01	2
39.144	-9.076	1.44E-01	0
39.142	-9.038	1.14E-01	2
39.140	-9.000	9.90E-02	0
39.138	-8.963	1.07E-01	2
39.136	-8.926	1.24E-01	0
39.133	-8.888	1.14E-01	2
39.131	-8.851	1.12E-01	0
39.129	-8.814	9.50E-02	2
39.127	-8.778	8.90E-02	0
39.125	-8.742	1.16E-01	2
39.123	-8.705	1.26E-01	0
39.120	-8.669	1.28E-01	2
39.118	-8.633	1.22E-01	0
39.116	-8.597	1.00E-01	2
39.114	-8.561	1.05E-01	0
39.112	-8.525	1.45E-01	2
39.110	-8.490	9.80E-02	0
39.107	-8.454	9.80E-02	2
39.105	-8.419	9.70E-02	0
39.103	-8.384	9.40E-02	2
39.101	-8.350	9.60E-02	0
39.099	-8.316	9.80E-02	2
39.097	-8.281	9.40E-02	0
39.137	-9.233	2.48E-01	0
39.135	-9.194	2.73E-01	2
39.133	-9.152	2.00E-01	0
39.131	-9.114	1.28E-01	2
39.129	-9.077	1.13E-01	0
39.127	-9.039	9.30E-02	3
39.125	-9.001	9.70E-02	0
39.122	-8.965	8.70E-02	2
39.120	-8.927	1.06E-01	0
39.118	-8.889	1.03E-01	3
39.116	-8.852	9.60E-02	0
39.114	-8.816	1.00E-01	3
39.112	-8.779	1.12E-01	0
39.110	-8.743	1.17E-01	3
39.108	-8.707	1.07E-01	0
39.105	-8.670	9.60E-02	3
39.103	-8.634	1.06E-01	0
39.101	-8.598	9.90E-02	3
39.099	-8.562	9.20E-02	0
39.097	-8.526	1.05E-01	3
39.095	-8.491	1.01E-01	0
39.092	-8.455	1.06E-01	3
39.090	-8.420	9.60E-02	0
39.088	-8.385	8.10E-02	2
39.086	-8.351	8.00E-02	0
39.084	-8.317	7.60E-02	3
39.082	-8.283	8.40E-02	0
39.122	-9.234	1.93E-01	0
39.120	-9.194	2.43E-01	2
39.117	-9.153	2.56E-01	0
39.115	-9.116	1.62E-01	2
39.113	-9.078	1.28E-01	0
39.111	-9.040	9.80E-02	2
39.109	-9.002	7.90E-02	0
39.107	-8.966	9.30E-02	2
39.105	-8.928	7.70E-02	0
39.103	-8.890	8.80E-02	2
39.101	-8.854	8.40E-02	0
39.099	-8.817	1.08E-01	2
39.097	-8.781	1.30E-01	0
39.095	-8.744	9.30E-02	2
39.092	-8.708	1.08E-01	0
39.090	-8.671	1.05E-01	2
39.088	-8.635	1.20E-01	0
39.086	-8.599	1.22E-01	2
39.084	-8.563	1.14E-01	0
39.082	-8.527	9.00E-02	2
39.080	-8.492	9.00E-02	0
39.078	-8.457	1.00E-01	2
39.075	-8.422	1.07E-01	0
39.073	-8.387	7.60E-02	2
39.071	-8.353	9.20E-02	0
39.069	-8.318	1.20E-01	2
39.067	-8.284	9.30E-02	0
39.106	-9.235	2.97E-01	0
39.104	-9.194	3.05E-01	2
39.102	-9.154	2.02E-01	0
39.100	-9.117	1.18E-01	2
39.098	-9.080	1.47E-01	0
39.096	-9.041	1.18E-01	2
39.094	-9.003	1.18E-01	0
39.092	-8.967	8.90E-02	3
39.090	-8.929	8.30E-02	0
39.088	-8.892	1.18E-01	2
39.086	-8.855	1.09E-01	0
39.083	-8.819	1.23E-01	2
39.081	-8.782	1.30E-01	0
39.079	-8.745	9.40E-02	2
39.077	-8.709	1.55E-01	0
39.075	-8.672	1.29E-01	2
39.073	-8.636	1.17E-01	0
39.071	-8.600	1.15E-01	3
39.069	-8.565	9.40E-02	0
39.067	-8.529	9.90E-02	3
39.065	-8.494	9.40E-02	0
39.063	-8.458	9.50E-02	3
39.061	-8.423	9.10E-02	0
39.058	-8.388	1.08E-01	2
39.056	-8.354	9.50E-02	0
39.054	-8.319	9.10E-02	3
39.052	-8.285	8.50E-02	0
39.050	-8.252	9.30E-02	3
39.090	-9.236	2.88E-01	0
39.088	-9.196	2.23E-01	2
39.086	-9.157	1.94E-01	0
39.084	-9.118	2.50E-01	2
39.082	-9.080	1.22E-01	0
39.080	-9.042	1.13E-01	2
39.078	-9.004	1.24E-01	0
39.076	-8.968	1.00E-01	2
39.074	-8.931	7.90E-02	0
39.072	-8.893	1.09E-01	2
39.070	-8.857	1.46E-01	0
39.068	-8.820	1.34E-01	2
39.066	-8.783	1.08E-01	0
39.064	-8.746	1.20E-01	2
39.062	-8.710	1.52E-01	0
39.060	-8.673	1.50E-01	2
39.058	-8.637	1.26E-01	0
39.056	-8.601	9.40E-02	2
39.054	-8.566	9.10E-02	0
39.052	-8.530	9.70E-02	2
39.050	-8.495	9.30E-02	0
39.048	-8.459	9.10E-02	2
39.046	-8.424	8.10E-02	0
39.044	-8.390	8.40E-02	2
39.042	-8.355	8.50E-02	0
39.040	-8.321	1.06E-01	2
39.038	-8.287	1.00E-01	0
39.036	-8.253	1.22E-01	2
39.075	-9.237	3.40E-01	0
39.073	-9.198	2.79E-01	2
39.071	-9.158	2.32E-01	0
39.069	-9.119	2.22E-01	2
39.067	-9.081	1.42E-01	0
39.065	-9.043	1.17E-01	2
39.063	-9.006	1.10E-01	0
39.061	-8.970	1.44E-01	2
39.059	-8.932	9.30E-02	0
39.057	-8.895	1.27E-01	2
39.055	-8.858	1.22E-01	0
39.053	-8.821	1.43E-01	3
39.051	-8.784	1.56E-01	0
39.049	-8.748	1.37E-01	3
39.047	-8.711	1.55E-01	0
39.045	-8.675	1.13E-01	3
39.043	-8.638	1.38E-01	0
39.041	-8.602	8.40E-02	3
39.039	-8.566	9.00E-02	0
39.037	-8.531	9.40E-02	3
39.035	-8.496	1.00E-01	0
39.033	-8.460	9.70E-02	3
39.031	-8.426	7.70E-02	0
39.029	-8.391	8.80E-02	3
39.027	-8.357	8.60E-02	0
39.025	-8.322	1.10E-01	3
39.023	-8.289	1.33E-01	0
39.021	-8.255	1.12E-01	3
39.059	-9.237	3.37E-01	0
39.057	-9.199	2.15E-01	2
39.055	-9.160	1.79E-01	0
39.053	-9.120	1.79E-01	2
39.051	-9.081	1.73E-01	0
39.049	-9.043	1.37E-01	2
39.047	-9.007	1.18E-01	0
39.046	-8.971	1.47E-01	2
39.044	-8.933	1.28E-01	0
39.042	-8.896	1.06E-01	2
39.040	-8.859	1.04E-01	0
39.038	-8.822	1.03E-01	2
39.036	-8.785	1.49E-01	0
39.034	-8.749	1.36E-01	2
39.032	-8.712	1.24E-01	0
39.030	-8.676	1.15E-01	2
39.028	-8.639	1.19E-01	0
39.026	-8.603	1.21E-01	2
39.024	-8.568	1.21E-01	0
39.022	-8.532	1.02E-01	2
39.020	-8.497	9.60E-02	0
39.018	-8.462	9.30E-02	2
39.016	-8.427	1.07E-01	0
39.014	-8.393	1.15E-01	2
39.012	-8.359	1.09E-01	0
39.010	-8.325	1.08E-01	2
39.008	-8.290	1.17E-01	0
39.006	-8.256	9.90E-02	2
39.043	-9.238	3.06E-01	0
39.042	-9.199	3.07E-01	2
39.040	-9.160	2.95E-01	0
39.038	-9.120	1.54E-01	2
39.036	-9.082	1.36E-01	0
39.034	-9.045	1.27E-01	2
39.032	-9.008	1.12E-01	0
39.030	-8.972	1.48E-01	2
39.028	-8.935	1.12E-01	0
39.026	-8.897	8.80E-02	2
39.024	-8.860	8.10E-02	0
39.023	-8.823	9.70E-02	3
39.021	-8.787	1.36E-01	0
39.019	-8.750	1.67E-01	3
39.017	-8.714	1.30E-01	0
39.015	-8.677	1.18E-01	3
39.013	-8.641	1.12E-01	0
39.011	-8.605	1.20E-01	3
39.009	-8.569	8.60E-02	0
39.007	-8.534	9.00E-02	3
39.005	-8.498	9.40E-02	0
39.003	-8.464	1.26E-01	3
39.001	-8.429	1.19E-01	0
38.999	-8.395	1.45E-01	3
38.997	-8.360	1.43E-01	0
38.995	-8.326	1.20E-01	3
38.993	-8.292	1.59E-01	0
38.991	-8.258	1.31E-01	3
39.028	-9.240	2.30E-01	0
39.026	-9.199	1.96E-01	2
39.024	-9.160	2.09E-01	0
39.022	-9.121	1.81E-01	2
39.020	-9.083	1.28E-01	0
39.018	-9.046	1.39E-01	2
39.017	-9.009	1.14E-01	0
39.015	-8.973	1.22E-01	2
39.013	-8.936	1.16E-01	0
39.011	-8.899	1.12E-01	2
39.009	-8.862	1.10E-01	0
39.007	-8.825	1.02E-01	2
39.005	-8.788	1.56E-01	0
39.003	-8.751	1.64E-01	2
39.002	-8.715	1.26E-01	0
39.000	-8.678	1.11E-01	2
38.998	-8.642	1.32E-01	0
38.996	-8.606	1.35E-01	2
38.994	-8.571	9.30E-02	0
38.992	-8.535	1.13E-01	2
38.990	-8.500	1.16E-01	0
38.988	-8.466	1.31E-01	2
38.986	-8.431	1.23E-01	0
38.984	-8.396	1.08E-01	2
38.982	-8.361	9.10E-02	0
38.981	-8.326	1.09E-01	2
38.979	-8.292	1.13E-01	0
38.977	-8.258	1.00E-01	2
39.012	-9.241	2.91E-01	0
39.010	-9.201	2.33E-01	3
39.008	-9.161	2.42E-01	0
39.007	-9.123	1.73E-01	3
39.005	-9.086	1.51E-01	0
39.003	-9.048	1.45E-01	3
39.001	-9.011	1.27E-01	0
38.999	-8.974	1.18E-01	2
38.998	-8.937	1.09E-01	0
38.996	-8.900	1.13E-01	2
38.994	-8.863	1.16E-01	0
38.992	-8.826	1.05E-01	3
38.990	-8.789	1.20E-01	0
38.988	-8.752	1.37E-01	3
38.986	-8.716	1.63E-01	0
38.985	-8.680	1.30E-01	3
38.983	-8.643	1.14E-01	0
38.981	-8.608	1.08E-01	3
38.979	-8.572	8.80E-02	0
38.977	-8.536	1.40E-01	3
38.975	-8.502	1.18E-01	0
38.973	-8.467	1.64E-01	3
38.971	-8.432	1.26E-01	0
38.970	-8.397	1.04E-01	3
38.968	-8.362	1.11E-01	0
38.966	-8.328	1.14E-01	3
38.964	-8.293	1.36E-01	0
38.962	-8.259	1.84E-01	3
39.064	-9.245	3.20E-01	0
39.062	-9.206	3.04E-01	2
39.060	-9.167	1.76E-01	0
39.058	-9.128	1.83E-01	2
39.056	-9.089	1.77E-01	0
39.053	-9.051	1.28E-01	2
39.051	-9.014	1.12E-01	0
39.049	-8.978	1.56E-01	2
39.047	-8.941	1.26E-01	0
39.045	-8.904	1.26E-01	2
39.043	-8.867	1.08E-01	0
39.041	-8.830	1.10E-01	2
39.038	-8.793	1.52E-01	0
39.036	-8.756	1.37E-01	2
39.034	-8.720	1.46E-01	0
39.032	-8.683	1.11E-01	2
39.030	-8.647	1.30E-01	0
39.027	-8.611	1.11E-01	2
39.025	-8.575	1.15E-01	0
39.023	-8.540	1.09E-01	2
39.021	-8.504	9.60E-02	0
39.019	-8.469	9.40E-02	2
39.017	-8.435	9.40E-02	0
39.014	-8.400	1.20E-01	2
39.012	-8.366	1.07E-01	0
39.010	-8.332	1.12E-01	2
39.008	-8.298	1.14E-01	0
39.006	-8.264	1.02E-01	2
39.049	-9.246	3.04E-01	0
39.047	-9.206	3.24E-01	3
39.044	-9.168	3.15E-01	0
39.042	-9.128	1.58E-01	3
39.040	-9.089	1.23E-01	0
39.038	-9.052	1.36E-01	3
39.036	-9.015	1.12E-01	0
39.034	-8.979	1.45E-01	3
39.032	-8.942	1.23E-01	0
39.030	-8.905	8.80E-02	3
39.027	-8.868	7.90E-02	0
39.025	-8.831	8.50E-02	3
39.023	-8.794	1.35E-01	0
39.021	-8.757	1.60E-01	3
39.019	-8.721	1.41E-01	0
39.017	-8.685	1.13E-01	3
39.015	-8.648	1.18E-01	0
39.012	-8.612	1.12E-01	3
39.010	-8.576	9.20E-02	0
39.008	-8.541	9.40E-02	3
39.006	-8.506	8.70E-02	0
39.004	-8.471	1.26E-01	3
39.002	-8.437	1.17E-01	0
39.000	-8.402	1.43E-01	3
38.997	-8.368	1.43E-01	0
38.995	-8.333	1.24E-01	3
38.993	-8.299	1.50E-01	0
38.991	-8.265	1.36E-01	3
39.033	-9.247	2.44E-01	0
39.031	-9.206	1.97E-01	2
39.029	-9.168	1.91E-01	0
39.027	-9.128	2.15E-01	2
39.025	-9.090	1.20E-01	0
39.022	-9.052	1.34E-01	2
39.020	-9.016	1.17E-01	0
39.018	-8.980	1.23E-01	2
39.016	-8.943	1.21E-01	0
39.014	-8.906	1.12E-01	2
39.012	-8.869	1.14E-01	0
39.010	-8.832	1.04E-01	2
39.008	-8.795	1.62E-01	0
39.006	-8.758	1.59E-01	2
39.004	-8.722	1.28E-01	0
39.002	-8.686	1.10E-01	2
38.999	-8.649	1.29E-01	0
38.997	-8.613	1.40E-01	2
38.995	-8.578	9.80E-02	0
38.993	-8.542	1.05E-01	2
38.991	-8.507	1.16E-01	0
38.989	-8.473	1.26E-01	2
38.987	-8.438	1.26E-01	0
38.985	-8.403	1.12E-01	2
38.983	-8.369	9.40E-02	0
38.980	-8.334	1.01E-01	2
38.978	-8.300	1.18E-01	0
38.976	-8.266	9.60E-02	2
39.017	-9.247	3.30E-01	0
39.015	-9.207	2.52E-01	3
39.013	-9.169	2.68E-01	0
39.011	-9.129	1.66E-01	3
39.009	-9.092	1.56E-01	0
39.007	-9.055	1.45E-01	3
39.005	-9.018	1.32E-01	0
39.003	-8.981	1.23E-01	3
39.001	-8.944	1.08E-01	0
38.999	-8.907	1.12E-01	3
38.997	-8.870	1.19E-01	0
38.995	-8.833	1.05E-01	3
38.993	-8.796	1.18E-01	0
38.991	-8.760	1.40E-01	3
38.989	-8.723	1.61E-01	0
38.987	-8.687	1.29E-01	3
38.984	-8.651	1.23E-01	0
38.982	-8.615	1.05E-01	3
38.980	-8.579	8.80E-02	0
38.978	-8.544	1.19E-01	3
38.976	-8.509	1.20E-01	0
38.974	-8.474	1.55E-01	3
38.972	-8.439	1.50E-01	0
38.970	-8.404	1.08E-01	3
38.968	-8.370	1.21E-01	0
38.966	-8.335	1.17E-01	3
38.964	-8.301	1.13E-01	0
38.962	-8.266	1.86E-01	3
39.002	-9.249	2.47E-01	0
39.000	-9.209	1.85E-01	2
38.998	-9.169	2.47E-01	0
38.996	-9.131	1.75E-01	2
38.994	-9.094	1.94E-01	0
38.992	-9.057	1.37E-01	2
38.990	-9.019	1.41E-01	0
38.988	-8.982	1.10E-01	2
38.986	-8.946	1.11E-01	0
38.984	-8.908	1.16E-01	2
38.982	-8.871	1.11E-01	0
38.980	-8.834	1.11E-01	2
38.978	-8.798	1.15E-01	0
38.976	-8.761	1.06E-01	2
38.973	-8.724	1.01E-01	0
38.971	-8.688	1.62E-01	2
38.969	-8.652	9.70E-02	0
38.967	-8.616	1.22E-01	2
38.965	-8.581	1.31E-01	0
38.963	-8.545	1.16E-01	2
38.961	-8.511	1.47E-01	0
38.959	-8.476	1.75E-01	2
38.957	-8.440	1.09E-01	0
38.955	-8.405	1.18E-01	2
38.953	-8.371	8.70E-02	0
38.951	-8.336	9.70E-02	2
38.949	-8.302	1.03E-01	0
38.947	-8.268	1.60E-01	2
38.984	-9.210	2.28E-01	3
38.982	-9.169	1.86E-01	0
38.980	-9.131	1.78E-01	3
38.978	-9.094	1.45E-01	0
38.976	-9.057	1.22E-01	3
38.974	-9.019	1.27E-01	0
38.972	-8.983	1.08E-01	3
38.970	-8.947	9.30E-02	0
38.968	-8.909	1.03E-01	3
38.966	-8.872	1.11E-01	0
38.964	-8.835	1.09E-01	3
38.962	-8.799	1.20E-01	0
38.960	-8.762	1.09E-01	3
38.958	-8.726	1.11E-01	0
38.956	-8.690	1.15E-01	3
38.954	-8.654	1.10E-01	0
38.952	-8.618	1.20E-01	3
38.950	-8.582	9.40E-02	0
38.948	-8.547	1.31E-01	3
38.946	-8.512	1.54E-01	0
38.944	-8.477	1.49E-01	3
38.942	-8.442	1.38E-01	0
38.940	-8.407	1.41E-01	3
38.938	-8.372	1.32E-01	0
38.936	-8.337	1.94E-01	3
38.934	-8.303	9.50E-02	0
38.932	-8.269	1.23E-01	3
38.968	-9.211	1.91E-01	2
38.966	-9.171	1.75E-01	0
38.965	-9.132	2.18E-01	2
38.963	-9.093	1.90E-01	0
38.961	-9.057	1.31E-01	2
38.959	-9.020	1.19E-01	0
38.957	-8.985	1.17E-01	2
38.955	-8.948	1.09E-01	0
38.953	-8.911	1.03E-01	2
38.951	-8.874	1.08E-01	0
38.949	-8.837	1.14E-01	3
38.947	-8.800	1.13E-01	0
38.945	-8.763	9.40E-02	2
38.943	-8.727	9.80E-02	0
38.941	-8.691	9.10E-02	2
38.939	-8.655	1.09E-01	0
38.937	-8.619	9.30E-02	2
38.935	-8.584	1.07E-01	0
38.933	-8.548	1.15E-01	2
38.931	-8.513	1.26E-01	0
38.929	-8.478	1.20E-01	2
38.927	-8.443	1.35E-01	0
38.925	-8.408	1.41E-01	2
38.923	-8.374	1.11E-01	0
38.921	-8.339	9.50E-02	2
38.919	-8.305	1.38E-01	0
38.917	-8.271	1.02E-01	2
38.953	-9.211	1.57E-01	3
38.951	-9.173	2.14E-01	0
38.949	-9.134	2.11E-01	3
38.947	-9.095	1.38E-01	0
38.945	-9.058	1.97E-01	2
38.943	-9.022	1.07E-01	0
38.942	-8.986	1.04E-01	3
38.940	-8.949	1.03E-01	0
38.938	-8.912	1.19E-01	3
38.936	-8.875	1.26E-01	0
38.934	-8.838	1.07E-01	3
38.932	-8.801	1.11E-01	0
38.930	-8.764	8.90E-02	3
38.928	-8.728	9.60E-02	0
38.926	-8.691	1.05E-01	3
38.924	-8.656	1.10E-01	0
38.922	-8.620	9.30E-02	3
38.920	-8.585	1.08E-01	0
38.918	-8.549	9.40E-02	3
38.916	-8.514	8.50E-02	0
38.914	-8.479	7.80E-02	3
38.912	-8.444	9.80E-02	0
38.911	-8.409	8.20E-02	3
38.909	-8.375	8.30E-02	0
38.907	-8.340	1.14E-01	3
38.905	-8.306	1.03E-01	0
38.903	-8.272	1.05E-01	3
38.937	-9.213	2.48E-01	3
38.935	-9.175	2.14E-01	0
38.934	-9.136	1.47E-01	3
38.932	-9.097	1.83E-01	0
38.930	-9.060	1.99E-01	3
38.928	-9.024	1.66E-01	0
38.926	-8.988	1.17E-01	3
38.924	-8.950	1.12E-01	0
38.922	-8.913	1.13E-01	3
38.921	-8.876	1.46E-01	0
38.919	-8.839	1.15E-01	3
38.917	-8.802	1.03E-01	0
38.915	-8.765	9.50E-02	3
38.913	-8.729	9.40E-02	0
38.911	-8.693	1.06E-01	2
38.909	-8.657	1.32E-01	0
38.907	-8.621	1.03E-01	2
38.905	-8.585	8.30E-02	0
38.903	-8.550	8.60E-02	2
38.901	-8.515	1.09E-01	0
38.900	-8.480	9.90E-02	2
38.898	-8.445	1.07E-01	0
38.896	-8.410	9.80E-02	2
38.894	-8.376	8.50E-02	0
38.892	-8.341	8.70E-02	2
38.890	-8.307	1.08E-01	0
38.888	-8.273	1.56E-01	2
38.922	-9.214	3.25E-01	3
38.920	-9.176	1.93E-01	0
38.918	-9.138	1.76E-01	3
38.916	-9.099	2.19E-01	0
38.914	-9.061	1.82E-01	2
38.913	-9.026	1.59E-01	0
38.911	-8.989	1.02E-01	3
38.909	-8.952	1.09E-01	0
38.907	-8.914	9.70E-02	3
38.905	-8.877	1.24E-01	0
38.903	-8.840	1.10E-01	3
38.902	-8.804	9.60E-02	0
38.900	-8.767	9.00E-02	3
38.898	-8.730	9.00E-02	0
38.896	-8.694	1.03E-01	3
38.894	-8.658	1.04E-01	0
38.892	-8.622	8.80E-02	3
38.890	-8.586	6.90E-02	0
38.888	-8.551	1.22E-01	3
38.886	-8.516	1.38E-01	0
38.885	-8.481	1.20E-01	3
38.883	-8.446	1.65E-01	0
38.881	-8.411	1.21E-01	3
38.879	-8.377	1.03E-01	0
38.877	-8.342	1.08E-01	3
38.875	-8.309	1.16E-01	0
38.873	-8.275	8.90E-02	3
38.973	-9.217	2.20E-01	2
38.971	-9.176	1.77E-01	0
38.969	-9.138	2.13E-01	2
38.967	-9.099	1.96E-01	0
38.964	-9.063	1.30E-01	2
38.962	-9.026	1.32E-01	0
38.960	-8.990	1.24E-01	2
38.958	-8.954	1.09E-01	0
38.956	-8.916	1.06E-01	2
38.954	-8.879	1.09E-01	0
38.952	-8.842	1.16E-01	2
38.949	-8.805	1.19E-01	0
38.947	-8.769	9.40E-02	2
38.945	-8.732	9.70E-02	0
38.943	-8.696	9.30E-02	2
38.941	-8.661	9.90E-02	0
38.939	-8.625	9.40E-02	2
38.936	-8.590	1.06E-01	0
38.934	-8.554	1.14E-01	2
38.932	-8.519	1.26E-01	0
38.930	-8.484	1.11E-01	2
38.928	-8.448	1.27E-01	0
38.925	-8.414	1.16E-01	2
38.923	-8.379	1.37E-01	0
38.921	-8.345	9.70E-02	2
38.919	-8.311	1.29E-01	0
38.917	-8.277	1.11E-01	2
38.958	-9.217	1.48E-01	2
38.955	-9.178	1.85E-01	0
38.953	-9.139	1.85E-01	2
38.951	-9.100	1.53E-01	0
38.949	-9.064	2.03E-01	2
38.947	-9.027	1.28E-01	0
38.945	-8.991	1.07E-01	2
38.943	-8.955	1.08E-01	0
38.941	-8.917	1.14E-01	3
38.938	-8.880	1.21E-01	0
38.936	-8.843	1.09E-01	3
38.934	-8.807	1.12E-01	0
38.932	-8.770	9.50E-02	3
38.930	-8.734	9.40E-02	0
38.928	-8.697	1.07E-01	3
38.926	-8.661	1.11E-01	0
38.923	-8.626	9.40E-02	3
38.921	-8.590	1.06E-01	0
38.919	-8.555	9.90E-02	3
38.917	-8.520	8.70E-02	0
38.915	-8.485	8.80E-02	3
38.913	-8.450	9.70E-02	0
38.911	-8.415	9.30E-02	3
38.908	-8.380	8.30E-02	0
38.906	-8.346	1.08E-01	3
38.904	-8.312	1.11E-01	0
38.902	-8.278	1.09E-01	3
38.942	-9.218	2.06E-01	2
38.940	-9.180	2.30E-01	0
38.938	-9.141	2.25E-01	2
38.936	-9.102	1.68E-01	0
38.934	-9.065	1.96E-01	2
38.932	-9.028	1.62E-01	0
38.930	-8.993	1.20E-01	2
38.927	-8.956	1.16E-01	0
38.925	-8.919	1.12E-01	2
38.923	-8.881	1.41E-01	0
38.921	-8.845	1.20E-01	2
38.919	-8.808	1.01E-01	0
38.917	-8.771	9.60E-02	2
38.915	-8.735	9.40E-02	0
38.913	-8.698	9.90E-02	2
38.910	-8.662	1.30E-01	0
38.908	-8.627	1.07E-01	2
38.906	-8.591	8.80E-02	0
38.904	-8.556	8.70E-02	2
38.902	-8.521	1.05E-01	0
38.900	-8.486	1.01E-01	2
38.898	-8.451	9.80E-02	0
38.896	-8.416	1.06E-01	2
38.894	-8.381	8.60E-02	0
38.891	-8.347	8.50E-02	2
38.889	-8.313	1.02E-01	0
38.887	-8.279	1.43E-01	2
38.926	-9.219	3.14E-01	3
38.924	-9.181	2.38E-01	0
38.922	-9.143	1.36E-01	3
38.920	-9.105	2.24E-01	0
38.918	-9.066	1.87E-01	2
38.916	-9.031	1.74E-01	0
38.914	-8.994	1.14E-01	2
38.912	-8.957	1.12E-01	0
38.910	-8.920	9.60E-02	2
38.908	-8.883	1.24E-01	0
38.906	-8.846	1.17E-01	3
38.904	-8.809	9.90E-02	0
38.902	-8.772	8.80E-02	3
38.900	-8.736	9.10E-02	0
38.898	-8.700	1.03E-01	3
38.895	-8.664	1.09E-01	0
38.893	-8.628	9.30E-02	3
38.891	-8.592	7.00E-02	0
38.889	-8.557	1.14E-01	3
38.887	-8.522	1.39E-01	0
38.885	-8.487	1.16E-01	3
38.883	-8.452	1.74E-01	0
38.881	-8.417	1.20E-01	3
38.879	-8.382	1.06E-01	0
38.877	-8.348	1.14E-01	3
38.875	-8.314	1.01E-01	0
38.873	-8.280	8.80E-02	3
38.911	-9.220	3.11E-01	2
38.909	-9.182	2.82E-01	0
38.907	-9.145	1.61E-01	2
38.905	-9.107	1.25E-01	0
38.903	-9.068	1.27E-01	2
38.901	-9.033	1.37E-01	0
38.899	-8.996	1.12E-01	2
38.897	-8.958	1.16E-01	0
38.895	-8.921	1.01E-01	2
38.893	-8.884	1.07E-01	0
38.891	-8.847	8.60E-02	2
38.889	-8.810	9.00E-02	0
38.887	-8.774	1.00E-01	2
38.884	-8.737	1.08E-01	0
38.882	-8.701	1.09E-01	2
38.880	-8.665	1.17E-01	0
38.878	-8.629	1.06E-01	2
38.876	-8.593	1.11E-01	0
38.874	-8.558	8.40E-02	2
38.872	-8.523	8.50E-02	0
38.870	-8.488	1.02E-01	2
38.868	-8.453	1.45E-01	0
38.866	-8.418	1.49E-01	2
38.864	-8.383	9.80E-02	0
38.862	-8.349	9.90E-02	2
38.860	-8.316	1.04E-01	0
38.858	-8.282	1.08E-01	2
38.895	-9.221	2.95E-01	3
38.893	-9.182	3.01E-01	0
38.891	-9.144	1.65E-01	3
38.889	-9.106	1.38E-01	0
38.887	-9.070	1.26E-01	2
38.885	-9.034	1.29E-01	0
38.883	-8.997	9.20E-02	2
38.881	-8.959	1.16E-01	0
38.879	-8.922	1.20E-01	3
38.877	-8.885	1.21E-01	0
38.875	-8.848	9.80E-02	3
38.873	-8.811	9.20E-02	0
38.871	-8.775	9.80E-02	3
38.869	-8.738	1.01E-01	0
38.867	-8.702	9.80E-02	3
38.865	-8.666	1.08E-01	0
38.863	-8.630	1.05E-01	3
38.861	-8.595	1.07E-01	0
38.859	-8.559	9.80E-02	3
38.857	-8.524	1.04E-01	0
38.855	-8.489	1.13E-01	3
38.853	-8.454	1.65E-01	0
38.851	-8.419	1.66E-01	3
38.849	-8.385	1.04E-01	0
38.847	-8.350	9.80E-02	3
38.845	-8.317	8.80E-02	0
38.843	-8.283	1.35E-01	3
38.880	-9.222	3.02E-01	2
38.878	-9.184	2.81E-01	0
38.876	-9.147	3.17E-01	2
38.874	-9.110	2.58E-01	0
38.872	-9.072	1.67E-01	2
38.870	-9.036	1.27E-01	0
38.868	-8.998	9.90E-02	2
38.866	-8.961	1.18E-01	0
38.864	-8.923	1.28E-01	2
38.862	-8.886	1.16E-01	0
38.860	-8.849	9.60E-02	2
38.858	-8.812	9.90E-02	0
38.856	-8.776	1.23E-01	2
38.854	-8.740	1.03E-01	0
38.852	-8.704	9.50E-02	2
38.850	-8.667	1.13E-01	0
38.848	-8.631	1.03E-01	2
38.846	-8.596	1.27E-01	0
38.844	-8.560	1.38E-01	2
38.842	-8.525	1.04E-01	0
38.840	-8.490	1.28E-01	2
38.838	-8.455	1.10E-01	0
38.836	-8.421	1.40E-01	2
38.834	-8.386	8.50E-02	0
38.832	-8.351	9.20E-02	2
38.830	-8.318	8.80E-02	0
38.828	-8.284	1.27E-01	2
38.826	-8.250	1.33E-01	0
38.864	-9.224	2.14E-01	3
38.862	-9.187	2.90E-01	0
38.860	-9.150	4.17E-01	2
38.858	-9.112	3.34E-01	0
38.856	-9.074	1.80E-01	2
38.855	-9.037	8.10E-02	0
38.853	-8.999	8.10E-02	3
38.851	-8.962	9.90E-02	0
38.849	-8.924	1.25E-01	3
38.847	-8.887	1.00E-01	0
38.845	-8.850	7.90E-02	3
38.843	-8.814	8.30E-02	0
38.841	-8.777	6.90E-02	3
38.839	-8.741	8.40E-02	0
38.837	-8.705	9.20E-02	3
38.835	-8.669	1.00E-01	0
38.833	-8.632	1.00E-01	3
38.831	-8.597	1.05E-01	0
38.829	-8.561	1.32E-01	3
38.827	-8.526	1.29E-01	0
38.825	-8.491	1.16E-01	3
38.823	-8.456	1.36E-01	0
38.821	-8.421	9.50E-02	3
38.820	-8.387	1.13E-01	0
38.818	-8.352	1.56E-01	3
38.816	-8.319	1.32E-01	0
38.814	-8.285	1.48E-01	3
38.812	-8.251	1.46E-01	0
38.848	-9.226	1.98E-01	2
38.847	-9.189	2.16E-01	0
38.845	-9.152	3.00E-01	2
38.843	-9.113	2.91E-01	0
38.841	-9.075	1.78E-01	2
38.839	-9.038	7.00E-02	0
38.837	-9.000	7.40E-02	2
38.835	-8.963	8.30E-02	0
38.833	-8.926	1.07E-01	3
38.832	-8.889	1.39E-01	0
38.830	-8.852	9.30E-02	2
38.828	-8.815	8.70E-02	0
38.826	-8.778	9.90E-02	2
38.824	-8.742	8.50E-02	0
38.822	-8.706	1.14E-01	2
38.820	-8.670	1.10E-01	0
38.818	-8.634	1.02E-01	2
38.816	-8.598	8.50E-02	0
38.814	-8.563	1.14E-01	2
38.812	-8.528	1.08E-01	0
38.811	-8.493	1.38E-01	2
38.809	-8.458	1.43E-01	0
38.807	-8.423	1.09E-01	2
38.805	-8.388	1.43E-01	0
38.803	-8.354	1.42E-01	2
38.801	-8.319	1.69E-01	0
38.799	-8.286	1.32E-01	2
38.797	-8.252	1.15E-01	0
38.833	-9.226	2.06E-01	2
38.831	-9.190	2.32E-01	0
38.829	-9.153	2.81E-01	2
38.827	-9.114	2.37E-01	0
38.826	-9.077	1.47E-01	2
38.824	-9.039	7.50E-02	0
38.822	-9.002	7.00E-02	2
38.820	-8.964	7.80E-02	0
38.818	-8.927	9.80E-02	3
38.816	-8.890	1.34E-01	0
38.814	-8.853	1.42E-01	3
38.813	-8.816	9.60E-02	0
38.811	-8.779	8.60E-02	3
38.809	-8.743	8.90E-02	0
38.807	-8.707	1.41E-01	3
38.805	-8.671	9.90E-02	0
38.803	-8.636	8.70E-02	3
38.801	-8.600	1.09E-01	0
38.799	-8.565	1.01E-01	3
38.798	-8.529	9.70E-02	0
38.796	-8.494	9.20E-02	3
38.794	-8.459	1.10E-01	0
38.792	-8.424	1.25E-01	3
38.790	-8.390	8.70E-02	0
38.788	-8.355	1.23E-01	3
38.786	-8.321	1.17E-01	0
38.784	-8.287	1.03E-01	3
38.782	-8.253	1.53E-01	0
38.885	-9.230	2.96E-01	3
38.882	-9.191	2.76E-01	0
38.880	-9.153	3.15E-01	3
38.878	-9.116	2.41E-01	0
38.876	-9.079	1.66E-01	2
38.874	-9.043	1.48E-01	0
38.872	-9.005	9.60E-02	2
38.870	-8.968	1.15E-01	0
38.867	-8.931	1.37E-01	2
38.865	-8.894	1.24E-01	0
38.863	-8.857	1.09E-01	2
38.861	-8.820	9.40E-02	0
38.859	-8.783	1.27E-01	2
38.856	-8.747	1.01E-01	0
38.854	-8.711	9.70E-02	2
38.852	-8.675	1.06E-01	0
38.850	-8.639	1.25E-01	2
38.848	-8.603	1.17E-01	0
38.845	-8.568	1.43E-01	2
38.843	-8.532	1.02E-01	0
38.841	-8.497	1.23E-01	2
38.839	-8.463	1.32E-01	0
38.837	-8.428	1.35E-01	2
38.834	-8.393	9.10E-02	0
38.832	-8.359	8.80E-02	2
38.830	-8.325	8.80E-02	0
38.828	-8.291	1.22E-01	2
38.826	-8.258	1.20E-01	0
38.869	-9.231	2.15E-01	2
38.867	-9.193	2.98E-01	0
38.865	-9.156	3.92E-01	2
38.863	-9.119	3.64E-01	0
38.861	-9.081	2.04E-01	3
38.858	-9.044	1.14E-01	0
38.856	-9.006	9.00E-02	2
38.854	-8.969	1.02E-01	0
38.852	-8.932	1.21E-01	2
38.850	-8.895	1.07E-01	0
38.848	-8.858	8.10E-02	2
38.846	-8.821	8.40E-02	0
38.843	-8.784	7.40E-02	3
38.841	-8.748	8.20E-02	0
38.839	-8.712	9.40E-02	3
38.837	-8.676	9.70E-02	0
38.835	-8.640	9.30E-02	3
38.833	-8.604	1.08E-01	0
38.830	-8.569	1.33E-01	3
38.828	-8.534	1.30E-01	0
38.826	-8.499	1.04E-01	3
38.824	-8.464	1.29E-01	0
38.822	-8.429	1.06E-01	3
38.820	-8.394	1.20E-01	0
38.818	-8.360	1.64E-01	3
38.815	-8.326	1.14E-01	0
38.813	-8.292	1.33E-01	3
38.811	-8.258	1.86E-01	0
38.853	-9.233	2.02E-01	3
38.851	-9.196	2.44E-01	0
38.849	-9.159	3.20E-01	3
38.847	-9.120	3.37E-01	0
38.845	-9.082	2.08E-01	2
38.843	-9.045	7.80E-02	0
38.841	-9.008	7.30E-02	2
38.839	-8.970	8.50E-02	0
38.837	-8.933	1.02E-01	2
38.835	-8.896	1.35E-01	0
38.832	-8.859	9.20E-02	2
38.830	-8.822	8.30E-02	0
38.828	-8.785	9.10E-02	2
38.826	-8.749	8.20E-02	0
38.824	-8.713	9.00E-02	2
38.822	-8.677	1.10E-01	0
38.820	-8.641	9.40E-02	2
38.818	-8.606	8.60E-02	0
38.815	-8.570	1.12E-01	2
38.813	-8.535	1.08E-01	0
38.811	-8.500	1.30E-01	2
38.809	-8.465	1.53E-01	0
38.807	-8.430	1.05E-01	2
38.805	-8.396	1.24E-01	0
38.803	-8.361	1.13E-01	2
38.801	-8.327	1.80E-01	0
38.799	-8.293	1.19E-01	2
38.796	-8.259	1.25E-01	0
38.838	-9.234	1.99E-01	2
38.836	-9.197	2.18E-01	0
38.834	-9.160	2.50E-01	3
38.832	-9.122	2.28E-01	0
38.830	-9.084	1.87E-01	3
38.828	-9.046	8.00E-02	0
38.826	-9.009	7.00E-02	2
38.823	-8.971	8.00E-02	0
38.821	-8.934	9.80E-02	2
38.819	-8.897	1.29E-01	0
38.817	-8.860	1.35E-01	2
38.815	-8.823	1.01E-01	0
38.813	-8.787	8.50E-02	2
38.811	-8.750	8.30E-02	0
38.809	-8.714	1.45E-01	3
38.807	-8.679	1.16E-01	0
38.805	-8.643	8.90E-02	3
38.803	-8.607	1.02E-01	0
38.801	-8.572	1.04E-01	3
38.798	-8.537	1.00E-01	0
38.796	-8.502	8.30E-02	3
38.794	-8.467	1.15E-01	0
38.792	-8.432	1.17E-01	3
38.790	-8.397	9.40E-02	0
38.788	-8.363	1.11E-01	3
38.786	-8.329	1.37E-01	0
38.784	-8.295	1.01E-01	3
38.782	-8.261	1.45E-01	0
38.822	-9.234	1.99E-01	2
38.820	-9.196	1.89E-01	0
38.818	-9.160	2.81E-01	2
38.816	-9.122	2.30E-01	0
38.814	-9.085	1.27E-01	2
38.812	-9.048	7.60E-02	0
38.810	-9.010	6.90E-02	2
38.808	-8.973	7.70E-02	0
38.806	-8.935	9.40E-02	2
38.804	-8.898	1.00E-01	0
38.802	-8.861	1.60E-01	2
38.800	-8.824	1.03E-01	0
38.798	-8.788	8.40E-02	2
38.796	-8.752	1.28E-01	0
38.794	-8.715	1.14E-01	2
38.792	-8.679	1.35E-01	0
38.790	-8.644	1.41E-01	2
38.788	-8.608	1.08E-01	0
38.786	-8.573	1.03E-01	2
38.784	-8.538	1.05E-01	0
38.781	-8.503	1.08E-01	2
38.779	-8.468	1.58E-01	0
38.777	-8.433	1.27E-01	2
38.775	-8.399	9.40E-02	0
38.773	-8.364	1.03E-01	2
38.771	-8.330	1.04E-01	0
38.769	-8.296	1.08E-01	2
38.767	-8.262	8.80E-02	0
38.807	-9.235	2.00E-01	3
38.805	-9.198	2.55E-01	0
38.803	-9.161	3.32E-01	3
38.801	-9.123	2.63E-01	0
38.799	-9.086	1.14E-01	3
38.797	-9.049	7.30E-02	0
38.795	-9.011	6.90E-02	3
38.793	-8.974	7.50E-02	0
38.791	-8.936	8.60E-02	2
38.789	-8.899	8.30E-02	0
38.787	-8.862	1.31E-01	2
38.785	-8.825	1.93E-01	0
38.783	-8.789	1.26E-01	2
38.781	-8.753	1.27E-01	0
38.779	-8.717	8.60E-02	3
38.777	-8.681	1.37E-01	0
38.775	-8.645	1.20E-01	3
38.773	-8.609	1.12E-01	0
38.771	-8.574	1.78E-01	3
38.769	-8.538	1.13E-01	0
38.767	-8.503	1.46E-01	3
38.765	-8.469	1.18E-01	0
38.763	-8.434	1.28E-01	3
38.760	-8.400	1.01E-01	0
38.758	-8.365	1.10E-01	3
38.756	-8.331	1.04E-01	0
38.754	-8.297	9.30E-02	3
38.752	-8.263	8.30E-02	0
38.791	-9.237	1.64E-01	2
38.789	-9.200	2.41E-01	0
38.787	-9.163	3.35E-01	2
38.785	-9.124	2.69E-01	0
38.783	-9.088	1.13E-01	2
38.781	-9.050	7.10E-02	0
38.779	-9.012	6.90E-02	2
38.777	-8.975	7.40E-02	0
38.775	-8.938	8.60E-02	2
38.773	-8.900	8.70E-02	0
38.772	-8.863	9.70E-02	2
38.770	-8.827	1.25E-01	0
38.768	-8.790	1.41E-01	2
38.766	-8.754	9.00E-02	0
38.764	-8.718	1.29E-01	2
38.762	-8.682	1.36E-01	0
38.760	-8.646	1.21E-01	2
38.758	-8.611	1.15E-01	0
38.756	-8.576	1.10E-01	2
38.754	-8.540	1.34E-01	0
38.752	-8.505	1.17E-01	2
38.750	-8.470	1.34E-01	0
38.748	-8.435	1.42E-01	2
38.746	-8.401	1.12E-01	0
38.744	-8.367	1.25E-01	2
38.742	-8.332	1.64E-01	0
38.740	-8.298	9.30E-02	2
38.738	-8.264	9.40E-02	0
38.775	-9.239	1.72E-01	3
38.774	-9.202	2.41E-01	0
38.772	-9.163	2.73E-01	3
38.770	-9.125	2.29E-01	0
38.768	-9.089	1.17E-01	3
38.766	-9.051	7.10E-02	0
38.764	-9.013	6.90E-02	2
38.762	-8.976	8.10E-02	0
38.760	-8.939	9.20E-02	2
38.758	-8.902	8.20E-02	0
38.756	-8.865	8.20E-02	2
38.754	-8.828	8.90E-02	0
38.752	-8.792	1.50E-01	2
38.750	-8.755	1.46E-01	0
38.748	-8.719	8.60E-02	3
38.747	-8.683	1.76E-01	0
38.745	-8.647	1.36E-01	3
38.743	-8.612	1.59E-01	0
38.741	-8.576	1.18E-01	3
38.739	-8.542	2.12E-01	0
38.737	-8.507	1.32E-01	3
38.735	-8.472	1.00E-01	0
38.733	-8.437	8.50E-02	3
38.731	-8.402	1.06E-01	0
38.729	-8.368	1.46E-01	3
38.727	-8.333	1.35E-01	0
38.725	-8.299	1.26E-01	3
38.723	-8.265	1.12E-01	0
38.760	-9.241	2.07E-01	2
38.758	-9.203	2.18E-01	0
38.756	-9.164	2.28E-01	2
38.754	-9.127	2.37E-01	0
38.752	-9.090	1.08E-01	2
38.751	-9.052	7.20E-02	0
38.749	-9.015	7.30E-02	2
38.747	-8.977	1.05E-01	0
38.745	-8.940	1.23E-01	2
38.743	-8.903	8.70E-02	0
38.741	-8.866	8.90E-02	2
38.739	-8.829	9.20E-02	0
38.737	-8.793	1.24E-01	2
38.735	-8.756	1.65E-01	0
38.733	-8.720	1.68E-01	2
38.731	-8.684	1.14E-01	0
38.730	-8.648	1.16E-01	2
38.728	-8.613	1.33E-01	0
38.726	-8.578	1.41E-01	2
38.724	-8.543	1.02E-01	0
38.722	-8.508	1.66E-01	2
38.720	-8.473	1.29E-01	0
38.718	-8.438	1.60E-01	2
38.716	-8.404	1.31E-01	0
38.714	-8.369	1.24E-01	2
38.712	-8.335	1.10E-01	0
38.710	-8.300	1.46E-01	2
38.708	-8.266	1.03E-01	0
38.744	-9.242	1.84E-01	2
38.742	-9.204	2.76E-01	0
38.741	-9.166	2.85E-01	2
38.739	-9.128	2.18E-01	0
38.737	-9.091	1.00E-01	2
38.735	-9.053	7.30E-02	0
38.733	-9.016	8.10E-02	2
38.731	-8.978	1.23E-01	0
38.730	-8.941	1.55E-01	2
38.728	-8.904	1.28E-01	0
38.726	-8.867	9.70E-02	2
38.724	-8.830	9.10E-02	0
38.722	-8.794	1.18E-01	2
38.720	-8.758	1.23E-01	0
38.718	-8.721	1.17E-01	3
38.716	-8.685	1.20E-01	0
38.714	-8.650	1.49E-01	3
38.713	-8.614	1.23E-01	0
38.711	-8.579	1.67E-01	3
38.709	-8.544	1.76E-01	0
38.707	-8.509	2.59E-01	3
38.705	-8.474	1.12E-01	0
38.703	-8.439	1.80E-01	3
38.701	-8.405	1.26E-01	0
38.699	-8.371	1.91E-01	3
38.697	-8.336	1.30E-01	0
38.696	-8.302	1.08E-01	3
38.694	-8.268	1.07E-01	0
38.796	-9.243	1.46E-01	3
38.794	-9.205	2.16E-01	0
38.791	-9.168	3.11E-01	3
38.789	-9.130	2.96E-01	0
38.787	-9.093	1.25E-01	2
38.785	-9.056	7.50E-02	0
38.783	-9.018	7.00E-02	2
38.781	-8.981	7.40E-02	0
38.778	-8.944	8.40E-02	2
38.776	-8.906	7.50E-02	0
38.774	-8.869	8.90E-02	2
38.772	-8.833	1.25E-01	0
38.770	-8.796	1.48E-01	2
38.767	-8.760	9.40E-02	0
38.765	-8.724	1.27E-01	2
38.763	-8.688	1.42E-01	0
38.761	-8.652	1.28E-01	2
38.759	-8.617	1.12E-01	0
38.756	-8.582	1.32E-01	2
38.754	-8.546	1.25E-01	0
38.752	-8.511	1.21E-01	2
38.750	-8.476	1.40E-01	0
38.748	-8.441	1.36E-01	2
38.746	-8.407	1.18E-01	0
38.743	-8.373	1.09E-01	2
38.741	-8.338	1.70E-01	0
38.739	-8.304	9.90E-02	2
38.737	-8.270	9.30E-02	0
38.780	-9.244	1.80E-01	2
38.778	-9.208	2.58E-01	0
38.776	-9.169	2.95E-01	2
38.774	-9.131	2.71E-01	0
38.772	-9.094	1.28E-01	2
38.770	-9.057	7.40E-02	0
38.767	-9.019	7.20E-02	2
38.765	-8.982	7.80E-02	0
38.763	-8.945	8.70E-02	3
38.761	-8.908	9.10E-02	0
38.759	-8.871	8.10E-02	3
38.757	-8.834	8.40E-02	0
38.754	-8.798	1.43E-01	3
38.752	-8.761	1.42E-01	0
38.750	-8.725	8.70E-02	3
38.748	-8.689	1.45E-01	0
38.746	-8.653	1.69E-01	3
38.744	-8.618	1.55E-01	0
38.741	-8.583	1.19E-01	3
38.739	-8.548	2.01E-01	0
38.737	-8.513	1.46E-01	3
38.735	-8.478	1.16E-01	0
38.733	-8.443	8.80E-02	3
38.731	-8.408	1.03E-01	0
38.729	-8.374	1.41E-01	3
38.726	-8.340	1.60E-01	0
38.724	-8.305	1.22E-01	3
38.722	-8.271	1.37E-01	0
38.765	-9.246	1.98E-01	3
38.762	-9.208	1.96E-01	0
38.760	-9.170	2.23E-01	3
38.758	-9.132	2.56E-01	0
38.756	-9.095	1.23E-01	2
38.754	-9.058	7.40E-02	0
38.752	-9.020	7.40E-02	2
38.750	-8.983	9.60E-02	0
38.748	-8.946	1.29E-01	2
38.746	-8.909	9.50E-02	0
38.744	-8.872	9.40E-02	2
38.741	-8.835	9.10E-02	0
38.739	-8.799	1.10E-01	2
38.737	-8.762	1.71E-01	0
38.735	-8.726	1.71E-01	2
38.733	-8.690	1.37E-01	0
38.731	-8.654	1.12E-01	2
38.729	-8.619	1.55E-01	0
38.727	-8.584	1.38E-01	2
38.724	-8.549	1.09E-01	0
38.722	-8.514	1.52E-01	2
38.720	-8.479	1.70E-01	0
38.718	-8.444	1.46E-01	2
38.716	-8.410	1.46E-01	0
38.714	-8.376	1.13E-01	2
38.712	-8.341	1.11E-01	0
38.709	-8.307	1.50E-01	2
38.707	-8.273	1.04E-01	0
38.749	-9.248	1.71E-01	2
38.747	-9.209	2.46E-01	0
38.745	-9.171	2.82E-01	2
38.743	-9.134	2.33E-01	0
38.741	-9.097	1.18E-01	2
38.739	-9.059	7.40E-02	0
38.737	-9.022	7.70E-02	3
38.735	-8.984	1.13E-01	0
38.732	-8.947	1.46E-01	3
38.730	-8.910	1.30E-01	0
38.728	-8.873	9.90E-02	3
38.726	-8.836	9.00E-02	0
38.724	-8.800	1.17E-01	3
38.722	-8.764	1.21E-01	0
38.720	-8.727	1.13E-01	3
38.718	-8.691	1.18E-01	0
38.716	-8.656	1.44E-01	3
38.714	-8.620	1.52E-01	0
38.712	-8.585	1.53E-01	3
38.709	-8.550	1.68E-01	0
38.707	-8.515	2.66E-01	3
38.705	-8.480	9.90E-02	0
38.703	-8.445	1.78E-01	3
38.701	-8.411	1.25E-01	0
38.699	-8.377	1.87E-01	3
38.697	-8.343	1.55E-01	0
38.695	-8.308	1.38E-01	3
38.693	-8.274	9.80E-02	0
38.733	-9.249	1.73E-01	2
38.731	-9.210	3.23E-01	0
38.729	-9.172	3.33E-01	2
38.727	-9.135	2.13E-01	0
38.725	-9.098	9.40E-02	2
38.723	-9.060	8.30E-02	0
38.721	-9.023	1.52E-01	2
38.719	-8.985	1.87E-01	0
38.717	-8.948	1.74E-01	2
38.715	-8.911	1.59E-01	0
38.713	-8.874	1.22E-01	2
38.711	-8.838	9.90E-02	0
38.709	-8.801	1.14E-01	2
38.707	-8.765	1.34E-01	0
38.705	-8.729	1.33E-01	2
38.703	-8.693	1.38E-01	0
38.701	-8.657	1.48E-01	2
38.699	-8.621	1.33E-01	0
38.697	-8.586	1.69E-01	2
38.695	-8.551	1.03E-01	0
38.692	-8.516	9.00E-02	2
38.690	-8.481	1.63E-01	0
38.688	-8.446	2.36E-01	2
38.686	-8.412	1.47E-01	0
38.684	-8.378	1.32E-01	2
38.682	-8.344	1.00E-01	0
38.680	-8.310	8.50E-02	2
38.678	-8.276	1.00E-01	0
38.716	-9.212	2.62E-01	0
38.714	-9.174	2.58E-01	2
38.712	-9.137	1.86E-01	0
38.710	-9.099	8.10E-02	2
38.708	-9.061	7.00E-02	0
38.706	-9.024	1.24E-01	3
38.704	-8.987	1.41E-01	0
38.702	-8.949	1.91E-01	3
38.700	-8.912	1.71E-01	0
38.698	-8.876	1.54E-01	3
38.696	-8.839	1.37E-01	0
38.694	-8.802	1.01E-01	3
38.692	-8.766	1.33E-01	0
38.690	-8.730	1.31E-01	3
38.688	-8.694	1.40E-01	0
38.686	-8.658	1.66E-01	3
38.684	-8.623	1.33E-01	0
38.682	-8.587	1.21E-01	3
38.680	-8.552	1.35E-01	0
38.678	-8.517	1.57E-01	3
38.676	-8.482	1.48E-01	0
38.673	-8.447	1.82E-01	3
38.671	-8.413	1.96E-01	0
38.669	-8.379	1.19E-01	3
38.667	-8.345	1.46E-01	0
38.665	-8.311	1.16E-01	3
38.663	-8.277	1.05E-01	0
38.700	-9.214	2.85E-01	0
38.698	-9.176	1.30E-01	2
38.696	-9.138	4.20E-02	0
38.694	-9.100	4.70E-02	2
38.692	-9.063	7.70E-02	0
38.690	-9.025	8.60E-02	2
38.689	-8.988	1.06E-01	0
38.687	-8.950	1.83E-01	2
38.685	-8.913	2.23E-01	0
38.683	-8.877	1.63E-01	2
38.681	-8.840	1.33E-01	0
38.679	-8.804	1.38E-01	2
38.677	-8.767	1.24E-01	0
38.675	-8.731	1.51E-01	2
38.673	-8.695	1.48E-01	0
38.671	-8.659	1.50E-01	2
38.669	-8.624	1.32E-01	0
38.667	-8.588	1.23E-01	2
38.665	-8.553	1.48E-01	0
38.663	-8.518	1.08E-01	2
38.661	-8.483	1.78E-01	0
38.659	-8.449	1.26E-01	2
38.657	-8.414	1.44E-01	0
38.655	-8.380	1.36E-01	2
38.653	-8.346	1.59E-01	0
38.651	-8.311	9.50E-02	2
38.649	-8.278	1.04E-01	0
38.685	-9.216	1.36E-01	0
38.683	-9.177	9.50E-02	3
38.681	-9.139	8.10E-02	0
38.679	-9.102	4.80E-02	3
38.677	-9.064	8.80E-02	0
38.675	-9.026	9.60E-02	3
38.673	-8.989	1.31E-01	0
38.671	-8.952	1.68E-01	2
38.669	-8.914	1.43E-01	0
38.667	-8.878	1.76E-01	2
38.665	-8.841	1.88E-01	0
38.663	-8.805	1.78E-01	3
38.661	-8.769	1.35E-01	0
38.660	-8.733	1.28E-01	3
38.658	-8.697	1.25E-01	0
38.656	-8.661	1.05E-01	3
38.654	-8.625	1.10E-01	0
38.652	-8.590	1.43E-01	3
38.650	-8.555	1.23E-01	0
38.648	-8.520	1.93E-01	3
38.646	-8.485	1.93E-01	0
38.644	-8.450	1.89E-01	3
38.642	-8.415	2.68E-01	0
38.640	-8.381	1.41E-01	3
38.638	-8.346	1.27E-01	0
38.636	-8.312	1.06E-01	3
38.634	-8.279	1.20E-01	0
38.669	-9.216	1.31E-01	0
38.667	-9.178	1.42E-01	2
38.665	-9.141	9.90E-02	0
38.664	-9.103	8.40E-02	2
38.662	-9.065	1.50E-01	0
38.660	-9.027	1.72E-01	2
38.658	-8.990	1.51E-01	0
38.656	-8.953	1.31E-01	2
38.654	-8.916	1.62E-01	0
38.652	-8.879	1.40E-01	2
38.650	-8.842	1.46E-01	0
38.648	-8.806	1.44E-01	2
38.646	-8.770	1.93E-01	0
38.644	-8.734	1.48E-01	2
38.643	-8.698	1.75E-01	0
38.641	-8.662	1.55E-01	2
38.639	-8.627	8.30E-02	0
38.637	-8.591	7.40E-02	2
38.635	-8.556	8.80E-02	0
38.633	-8.521	1.34E-01	2
38.631	-8.486	1.77E-01	0
38.629	-8.452	1.91E-01	2
38.627	-8.417	1.55E-01	0
38.625	-8.382	1.68E-01	2
38.623	-8.348	1.17E-01	0
38.621	-8.314	1.02E-01	2
38.619	-8.280	1.16E-01	0
38.654	-9.217	1.36E-01	0
38.652	-9.179	1.35E-01	2
38.650	-9.142	1.35E-01	0
38.648	-9.104	1.66E-01	2
38.646	-9.066	1.71E-01	0
38.644	-9.028	1.72E-01	3
38.642	-8.991	1.70E-01	0
38.641	-8.954	1.63E-01	2
38.639	-8.917	1.48E-01	0
38.637	-8.880	1.49E-01	2
38.635	-8.844	1.22E-01	0
38.633	-8.807	1.11E-01	3
38.631	-8.771	1.36E-01	0
38.629	-8.735	1.58E-01	3
38.627	-8.699	1.74E-01	0
38.626	-8.663	1.25E-01	3
38.624	-8.628	1.28E-01	0
38.622	-8.593	8.10E-02	3
38.620	-8.558	1.30E-01	0
38.618	-8.523	1.76E-01	3
38.616	-8.488	2.01E-01	0
38.614	-8.453	2.12E-01	3
38.612	-8.418	1.18E-01	0
38.610	-8.384	1.99E-01	3
38.608	-8.349	1.00E-01	0
38.606	-8.315	9.30E-02	3
38.605	-8.280	8.40E-02	0
38.705	-9.221	2.99E-01	0
38.703	-9.183	1.66E-01	2
38.701	-9.146	1.08E-01	0
38.699	-9.108	4.70E-02	2
38.697	-9.070	7.50E-02	0
38.694	-9.033	8.60E-02	2
38.692	-8.995	9.20E-02	0
38.690	-8.958	1.73E-01	2
38.688	-8.921	2.18E-01	0
38.686	-8.884	1.45E-01	2
38.683	-8.848	1.13E-01	0
38.681	-8.811	1.37E-01	2
38.679	-8.775	1.19E-01	0
38.677	-8.739	1.48E-01	2
38.675	-8.703	1.47E-01	0
38.672	-8.667	1.62E-01	2
38.670	-8.631	1.35E-01	0
38.668	-8.596	1.42E-01	2
38.666	-8.561	1.47E-01	0
38.664	-8.526	9.20E-02	2
38.661	-8.491	1.66E-01	0
38.659	-8.457	1.57E-01	2
38.657	-8.422	1.48E-01	0
38.655	-8.387	1.29E-01	2
38.653	-8.353	1.71E-01	0
38.650	-8.319	9.80E-02	2
38.648	-8.286	1.10E-01	0
38.646	-8.252	1.17E-01	2
38.690	-9.223	2.05E-01	0
38.688	-9.185	9.00E-02	2
38.685	-9.147	8.20E-02	0
38.683	-9.109	4.90E-02	2
38.681	-9.071	8.10E-02	0
38.679	-9.034	9.50E-02	2
38.677	-8.996	1.23E-01	0
38.675	-8.959	1.65E-01	2
38.672	-8.922	1.57E-01	0
38.670	-8.885	1.70E-01	2
38.668	-8.849	2.00E-01	0
38.666	-8.812	1.79E-01	3
38.664	-8.776	1.24E-01	0
38.662	-8.740	1.29E-01	3
38.659	-8.704	1.21E-01	0
38.657	-8.668	1.11E-01	3
38.655	-8.633	1.04E-01	0
38.653	-8.597	1.48E-01	3
38.651	-8.562	1.16E-01	0
38.649	-8.527	1.87E-01	3
38.646	-8.492	1.94E-01	0
38.644	-8.458	1.60E-01	3
38.642	-8.423	2.78E-01	0
38.640	-8.389	1.26E-01	3
38.638	-8.354	1.26E-01	0
38.636	-8.320	1.09E-01	3
38.633	-8.286	1.21E-01	0
38.631	-8.253	9.30E-02	3
38.674	-9.224	1.22E-01	0
38.672	-9.185	1.34E-01	2
38.670	-9.148	1.09E-01	0
38.668	-9.110	7.60E-02	2
38.666	-9.072	1.19E-01	0
38.664	-9.035	1.43E-01	2
38.661	-8.997	1.35E-01	0
38.659	-8.960	1.41E-01	2
38.657	-8.923	1.59E-01	0
38.655	-8.886	1.37E-01	2
38.653	-8.850	1.45E-01	0
38.651	-8.814	1.50E-01	2
38.649	-8.777	1.89E-01	0
38.647	-8.741	1.43E-01	2
38.644	-8.705	1.55E-01	0
38.642	-8.670	1.71E-01	2
38.640	-8.634	9.00E-02	0
38.638	-8.599	7.10E-02	2
38.636	-8.564	1.10E-01	0
38.634	-8.529	1.29E-01	2
38.632	-8.494	1.61E-01	0
38.630	-8.459	2.00E-01	2
38.627	-8.425	1.62E-01	0
38.625	-8.390	1.55E-01	2
38.623	-8.355	1.32E-01	0
38.621	-8.321	1.14E-01	2
38.619	-8.287	1.03E-01	0
38.617	-8.253	1.00E-01	2
38.659	-9.225	1.41E-01	0
38.656	-9.186	1.27E-01	2
38.654	-9.149	1.32E-01	0
38.652	-9.111	1.39E-01	2
38.650	-9.073	1.47E-01	0
38.648	-9.036	1.67E-01	2
38.646	-8.999	1.70E-01	0
38.644	-8.961	1.50E-01	2
38.642	-8.924	1.36E-01	0
38.640	-8.888	1.51E-01	3
38.638	-8.851	1.19E-01	0
38.636	-8.815	1.04E-01	2
38.634	-8.778	1.34E-01	0
38.631	-8.742	1.68E-01	3
38.629	-8.707	1.73E-01	0
38.627	-8.671	1.26E-01	3
38.625	-8.635	1.26E-01	0
38.623	-8.600	7.70E-02	3
38.621	-8.565	1.28E-01	0
38.619	-8.530	1.66E-01	3
38.617	-8.495	1.90E-01	0
38.615	-8.461	2.18E-01	3
38.613	-8.426	1.28E-01	0
38.610	-8.391	1.85E-01	3
38.608	-8.357	1.12E-01	0
38.606	-8.322	9.70E-02	3
38.604	-8.288	8.50E-02	0
38.602	-8.254	9.70E-02	3
38.643	-9.226	1.35E-01	0
38.641	-9.187	1.32E-01	2
38.639	-9.150	1.27E-01	0
38.637	-9.112	1.59E-01	2
38.635	-9.075	3.44E-01	0
38.633	-9.037	1.90E-01	2
38.631	-9.000	1.53E-01	0
38.629	-8.962	1.67E-01	2
38.627	-8.925	1.65E-01	0
38.625	-8.889	1.43E-01	2
38.623	-8.852	1.53E-01	0
38.620	-8.816	1.61E-01	2
38.618	-8.780	2.03E-01	0
38.616	-8.744	1.64E-01	2
38.614	-8.708	2.30E-01	0
38.612	-8.672	1.32E-01	2
38.610	-8.637	1.27E-01	0
38.608	-8.601	1.58E-01	2
38.606	-8.566	1.85E-01	0
38.604	-8.531	1.65E-01	2
38.602	-8.497	1.45E-01	0
38.600	-8.462	2.00E-01	2
38.598	-8.427	1.58E-01	0
38.596	-8.392	1.94E-01	2
38.594	-8.358	1.31E-01	0
38.591	-8.324	9.60E-02	2
38.589	-8.290	1.27E-01	0
38.587	-8.256	8.50E-02	3
38.627	-9.228	1.09E-01	0
38.625	-9.189	1.27E-01	2
38.623	-9.151	1.26E-01	0
38.621	-9.113	1.40E-01	2
38.619	-9.076	2.64E-01	0
38.617	-9.038	3.13E-01	2
38.615	-9.000	1.86E-01	0
38.613	-8.963	1.64E-01	3
38.611	-8.926	1.78E-01	0
38.609	-8.890	1.75E-01	3
38.607	-8.853	1.57E-01	0
38.605	-8.817	1.70E-01	2
38.603	-8.781	1.79E-01	0
38.601	-8.745	1.42E-01	3
38.599	-8.709	1.97E-01	0
38.597	-8.674	1.45E-01	3
38.595	-8.638	1.49E-01	0
38.593	-8.603	8.40E-02	3
38.591	-8.568	9.10E-02	0
38.589	-8.533	1.02E-01	2
38.587	-8.498	1.60E-01	0
38.585	-8.464	1.62E-01	2
38.583	-8.428	1.35E-01	0
38.581	-8.393	1.21E-01	3
38.579	-8.359	1.66E-01	0
38.577	-8.325	1.03E-01	3
38.575	-8.291	1.06E-01	0
38.573	-8.258	8.80E-02	3
38.612	-9.229	6.20E-02	0
38.610	-9.190	1.23E-01	2
38.608	-9.152	1.26E-01	0
38.606	-9.114	1.23E-01	2
38.604	-9.077	2.19E-01	0
38.602	-9.039	3.42E-01	2
38.600	-9.002	2.44E-01	0
38.598	-8.964	1.55E-01	2
38.596	-8.927	2.33E-01	0
38.594	-8.891	1.86E-01	2
38.592	-8.855	1.91E-01	0
38.590	-8.818	1.67E-01	2
38.588	-8.782	1.59E-01	0
38.586	-8.746	1.77E-01	2
38.584	-8.711	2.52E-01	0
38.582	-8.675	1.03E-01	2
38.580	-8.640	1.44E-01	0
38.578	-8.604	9.70E-02	2
38.576	-8.569	8.80E-02	0
38.574	-8.534	1.70E-01	2
38.572	-8.499	2.00E-01	0
38.570	-8.464	2.25E-01	2
38.568	-8.430	2.22E-01	0
38.566	-8.395	1.46E-01	2
38.564	-8.360	1.42E-01	0
38.562	-8.327	1.07E-01	2
38.560	-8.293	1.05E-01	0
38.558	-8.259	9.80E-02	2
38.596	-9.230	4.30E-02	0
38.594	-9.191	8.90E-02	2
38.592	-9.153	9.50E-02	0
38.590	-9.115	1.04E-01	2
38.589	-9.078	1.88E-01	0
38.587	-9.040	3.09E-01	2
38.585	-9.003	2.90E-01	0
38.583	-8.965	1.76E-01	3
38.581	-8.928	1.40E-01	0
38.579	-8.891	2.20E-01	3
38.577	-8.856	1.67E-01	0
38.575	-8.820	1.79E-01	2
38.573	-8.784	1.86E-01	0
38.571	-8.748	1.37E-01	3
38.569	-8.712	1.23E-01	0
38.567	-8.676	1.52E-01	2
38.565	-8.640	1.41E-01	0
38.563	-8.605	1.14E-01	2
38.561	-8.570	1.17E-01	0
38.559	-8.535	1.25E-01	2
38.557	-8.500	1.64E-01	0
38.555	-8.466	2.32E-01	2
38.553	-8.431	1.81E-01	0
38.551	-8.396	1.66E-01	2
38.549	-8.362	1.41E-01	0
38.547	-8.328	1.62E-01	3
38.545	-8.294	9.50E-02	0
38.543	-8.261	9.10E-02	3
38.581	-9.231	9.00E-03	0
38.579	-9.192	6.90E-02	2
38.577	-9.154	8.80E-02	0
38.575	-9.116	1.04E-01	2
38.573	-9.079	1.56E-01	0
38.571	-9.041	2.21E-01	2
38.569	-9.004	3.31E-01	0
38.567	-8.966	2.15E-01	2
38.565	-8.929	2.01E-01	0
38.564	-8.893	1.60E-01	2
38.562	-8.857	1.56E-01	0
38.560	-8.821	2.37E-01	2
38.558	-8.785	1.86E-01	0
38.556	-8.749	1.52E-01	2
38.554	-8.713	2.39E-01	0
38.552	-8.677	1.50E-01	2
38.550	-8.642	9.00E-02	0
38.548	-8.606	1.07E-01	2
38.546	-8.571	7.50E-02	0
38.544	-8.536	1.48E-01	2
38.542	-8.502	1.85E-01	0
38.541	-8.468	2.31E-01	2
38.539	-8.433	2.09E-01	0
38.537	-8.398	1.37E-01	2
38.535	-8.363	1.27E-01	0
38.533	-8.329	1.61E-01	2
38.531	-8.296	1.00E-01	0
38.529	-8.263	9.40E-02	2
38.565	-9.233	1.50E-02	0
38.563	-9.194	4.80E-02	2
38.561	-9.155	7.80E-02	0
38.560	-9.117	9.00E-02	2
38.558	-9.079	1.42E-01	0
38.556	-9.042	1.65E-01	2
38.554	-9.005	2.49E-01	0
38.552	-8.966	2.93E-01	3
38.550	-8.929	1.92E-01	0
38.548	-8.894	1.59E-01	2
38.546	-8.858	1.52E-01	0
38.545	-8.822	2.00E-01	2
38.543	-8.786	1.12E-01	0
38.541	-8.750	1.24E-01	2
38.539	-8.714	1.64E-01	0
38.537	-8.679	8.00E-02	2
38.535	-8.643	1.15E-01	0
38.533	-8.607	9.90E-02	2
38.531	-8.573	9.70E-02	0
38.529	-8.538	1.36E-01	2
38.528	-8.504	1.79E-01	0
38.526	-8.469	1.14E-01	2
38.524	-8.434	1.24E-01	0
38.522	-8.399	1.62E-01	2
38.520	-8.365	1.19E-01	0
38.518	-8.331	1.19E-01	2
38.516	-8.297	1.42E-01	0
38.514	-8.264	1.24E-01	2
38.616	-9.235	6.50E-02	0
38.614	-9.195	1.12E-01	2
38.612	-9.157	1.22E-01	0
38.610	-9.120	1.27E-01	2
38.607	-9.082	2.09E-01	0
38.605	-9.045	3.49E-01	2
38.603	-9.007	2.42E-01	0
38.601	-8.970	1.55E-01	2
38.599	-8.933	2.36E-01	0
38.596	-8.896	1.87E-01	2
38.594	-8.860	1.89E-01	0
38.592	-8.824	1.73E-01	2
38.590	-8.788	1.63E-01	0
38.588	-8.752	1.63E-01	2
38.585	-8.716	2.68E-01	0
38.583	-8.681	1.10E-01	2
38.581	-8.645	1.36E-01	0
38.579	-8.610	1.03E-01	2
38.577	-8.575	9.00E-02	0
38.574	-8.540	1.56E-01	2
38.572	-8.505	2.00E-01	0
38.570	-8.470	2.25E-01	2
38.568	-8.436	2.32E-01	0
38.566	-8.401	1.50E-01	2
38.563	-8.366	1.72E-01	0
38.561	-8.332	1.35E-01	2
38.559	-8.299	9.80E-02	0
38.557	-8.265	1.21E-01	2
38.601	-9.236	4.30E-02	0
38.598	-9.196	7.80E-02	2
38.596	-9.158	1.10E-01	0
38.594	-9.121	1.03E-01	2
38.592	-9.083	1.80E-01	0
38.590	-9.046	3.17E-01	2
38.588	-9.008	2.91E-01	0
38.585	-8.971	1.75E-01	2
38.583	-8.934	1.41E-01	0
38.581	-8.897	2.11E-01	3
38.579	-8.861	1.97E-01	0
38.577	-8.825	1.77E-01	3
38.575	-8.789	1.85E-01	0
38.573	-8.753	1.16E-01	2
38.570	-8.718	1.11E-01	0
38.568	-8.682	1.42E-01	2
38.566	-8.646	1.54E-01	0
38.564	-8.611	1.10E-01	2
38.562	-8.575	1.45E-01	0
38.559	-8.541	1.22E-01	2
38.557	-8.506	1.64E-01	0
38.555	-8.472	2.43E-01	3
38.553	-8.437	1.78E-01	0
38.551	-8.402	1.80E-01	3
38.549	-8.368	1.37E-01	0
38.546	-8.334	1.63E-01	3
38.544	-8.300	9.70E-02	0
38.542	-8.267	9.00E-02	3
38.585	-9.237	1.20E-02	0
38.583	-9.198	5.40E-02	2
38.581	-9.159	9.20E-02	0
38.579	-9.121	9.90E-02	2
38.577	-9.084	1.50E-01	0
38.574	-9.047	2.20E-01	2
38.572	-9.009	3.52E-01	0
38.570	-8.972	2.25E-01	2
38.568	-8.934	1.94E-01	0
38.566	-8.897	2.04E-01	2
38.564	-8.862	1.53E-01	0
38.562	-8.827	2.18E-01	2
38.560	-8.790	2.08E-01	0
38.557	-8.755	1.52E-01	2
38.555	-8.719	2.19E-01	0
38.553	-8.683	1.61E-01	2
38.551	-8.647	9.80E-02	0
38.549	-8.612	1.05E-01	2
38.547	-8.577	7.60E-02	0
38.545	-8.542	1.34E-01	2
38.542	-8.507	1.71E-01	0
38.540	-8.473	2.38E-01	2
38.538	-8.438	1.96E-01	0
38.536	-8.404	1.51E-01	2
38.534	-8.369	1.19E-01	0
38.532	-8.335	1.71E-01	2
38.530	-8.302	1.03E-01	0
38.528	-8.269	1.11E-01	2
38.570	-9.238	1.50E-02	0
38.567	-9.199	4.20E-02	2
38.565	-9.160	8.20E-02	0
38.563	-9.122	8.60E-02	2
38.561	-9.085	1.41E-01	0
38.559	-9.048	1.61E-01	2
38.557	-9.010	2.32E-01	0
38.555	-8.972	3.14E-01	2
38.553	-8.935	2.03E-01	0
38.551	-8.899	1.73E-01	3
38.549	-8.864	1.42E-01	0
38.547	-8.828	2.19E-01	2
38.544	-8.792	1.20E-01	0
38.542	-8.756	1.12E-01	2
38.540	-8.720	1.76E-01	0
38.538	-8.684	1.06E-01	2
38.536	-8.648	1.07E-01	0
38.534	-8.613	1.06E-01	2
38.532	-8.578	7.90E-02	0
38.530	-8.544	1.26E-01	3
38.528	-8.509	1.80E-01	0
38.526	-8.475	1.15E-01	3
38.523	-8.440	1.16E-01	0
38.521	-8.405	1.73E-01	3
38.519	-8.371	9.80E-02	0
38.517	-8.336	1.17E-01	3
38.515	-8.303	1.36E-01	0
38.513	-8.270	1.30E-01	3
38.554	-9.239	1.60E-02	0
38.552	-9.200	2.80E-02	2
38.550	-9.162	5.40E-02	0
38.548	-9.124	7.10E-02	2
38.546	-9.086	9.80E-02	0
38.544	-9.049	1.60E-01	2
38.542	-9.011	2.74E-01	0
38.539	-8.973	2.34E-01	3
38.537	-8.935	1.47E-01	0
38.535	-8.901	1.42E-01	2
38.533	-8.865	1.42E-01	0
38.531	-8.829	1.16E-01	2
38.529	-8.793	1.06E-01	0
38.527	-8.757	9.50E-02	2
38.525	-8.721	7.30E-02	0
38.523	-8.686	9.60E-02	2
38.521	-8.650	8.30E-02	0
38.519	-8.614	1.14E-01	2
38.517	-8.579	8.70E-02	0
38.515	-8.545	1.21E-01	2
38.513	-8.511	1.68E-01	0
38.511	-8.476	1.66E-01	2
38.509	-8.441	1.06E-01	0
38.507	-8.407	1.91E-01	2
38.504	-8.373	1.52E-01	0
38.502	-8.338	1.05E-01	2
38.500	-8.305	1.31E-01	0
38.498	-8.271	1.01E-01	2
38.538	-9.240	1.60E-02	0
38.536	-9.202	2.20E-02	2
38.534	-9.163	5.60E-02	0
38.532	-9.125	7.40E-02	2
38.530	-9.087	8.10E-02	0
38.528	-9.050	1.12E-01	2
38.526	-9.012	1.88E-01	0
38.524	-8.975	2.02E-01	2
38.522	-8.938	1.34E-01	0
38.520	-8.902	1.07E-01	2
38.518	-8.866	1.25E-01	0
38.516	-8.830	1.15E-01	2
38.514	-8.794	1.04E-01	0
38.512	-8.758	9.10E-02	2
38.510	-8.723	7.30E-02	0
38.508	-8.687	7.70E-02	2
38.506	-8.651	1.06E-01	0
38.504	-8.615	8.50E-02	2
38.502	-8.581	1.11E-01	0
38.500	-8.546	9.20E-02	3
38.498	-8.511	2.19E-01	0
38.496	-8.477	1.12E-01	3
38.494	-8.442	1.07E-01	0
38.492	-8.408	1.57E-01	3
38.490	-8.374	1.06E-01	0
38.488	-8.340	1.04E-01	3
38.486	-8.306	2.01E-01	0
38.484	-8.273	1.21E-01	3
38.523	-9.241	1.60E-02	0
38.521	-9.203	3.30E-02	2
38.519	-9.165	7.40E-02	0
38.517	-9.126	6.80E-02	2
38.515	-9.088	9.80E-02	0
38.513	-9.051	1.07E-01	2
38.511	-9.012	1.41E-01	0
38.509	-8.976	1.30E-01	2
38.507	-8.940	8.00E-02	0
38.505	-8.904	4.90E-02	2
38.503	-8.868	1.60E-02	0
38.501	-8.831	1.01E-01	2
38.499	-8.795	1.09E-01	0
38.497	-8.760	8.30E-02	2
38.495	-8.724	7.70E-02	0
38.493	-8.688	9.90E-02	2
38.491	-8.652	9.10E-02	0
38.489	-8.617	1.23E-01	2
38.487	-8.583	1.01E-01	0
38.485	-8.547	1.09E-01	2
38.483	-8.512	1.58E-01	0
38.481	-8.478	1.13E-01	2
38.479	-8.443	1.70E-01	0
38.477	-8.409	1.26E-01	2
38.475	-8.375	1.28E-01	0
38.473	-8.342	1.16E-01	2
38.471	-8.307	1.20E-01	0
38.469	-8.274	1.12E-01	2
38.507	-9.243	4.00E-03	0
38.505	-9.204	1.16E-01	2
38.503	-9.166	1.55E-01	0
38.501	-9.127	6.90E-02	2
38.499	-9.089	7.90E-02	0
38.497	-9.051	1.02E-01	2
38.495	-9.014	1.49E-01	0
38.493	-8.975	1.58E-01	2
38.492	-8.940	1.02E-01	0
38.490	-8.906	7.50E-02	2
38.488	-8.869	4.70E-02	0
38.486	-8.833	7.40E-02	2
38.484	-8.797	8.80E-02	0
38.482	-8.761	7.00E-02	2
38.480	-8.725	7.50E-02	0
38.478	-8.689	1.07E-01	3
38.476	-8.654	1.37E-01	0
38.474	-8.619	1.16E-01	3
38.472	-8.584	1.09E-01	0
38.470	-8.548	1.19E-01	3
38.468	-8.514	1.13E-01	0
38.466	-8.479	1.58E-01	3
38.464	-8.445	1.63E-01	0
38.462	-8.411	9.40E-02	3
38.460	-8.377	1.25E-01	0
38.458	-8.343	9.30E-02	3
38.456	-8.309	1.76E-01	0
38.454	-8.275	1.69E-01	3
38.492	-9.244	4.90E-02	0
38.490	-9.205	1.30E-01	2
38.488	-9.167	1.46E-01	0
38.486	-9.128	1.02E-01	2
38.484	-9.090	9.70E-02	0
38.482	-9.052	1.10E-01	2
38.480	-9.013	2.34E-01	0
38.478	-8.978	1.43E-01	2
38.476	-8.943	6.90E-02	0
38.475	-8.907	7.80E-02	2
38.473	-8.870	6.10E-02	0
38.471	-8.834	3.10E-02	2
38.469	-8.798	6.80E-02	0
38.467	-8.762	6.50E-02	2
38.465	-8.726	7.00E-02	0
38.463	-8.690	1.06E-01	2
38.461	-8.655	1.41E-01	0
38.459	-8.620	1.56E-01	2
38.457	-8.585	1.96E-01	0
38.455	-8.550	1.58E-01	2
38.453	-8.515	1.56E-01	0
38.451	-8.481	1.35E-01	2
38.449	-8.447	1.17E-01	0
38.448	-8.413	1.26E-01	2
38.446	-8.379	1.38E-01	0
38.444	-8.345	1.20E-01	2
38.442	-8.311	1.58E-01	0
38.440	-8.277	1.34E-01	2
38.476	-9.245	1.40E-02	0
38.474	-9.207	1.68E-01	2
38.472	-9.168	1.64E-01	0
38.470	-9.129	1.03E-01	2
38.469	-9.091	1.14E-01	0
38.467	-9.053	1.17E-01	3
38.465	-9.014	1.58E-01	0
38.463	-8.981	1.07E-01	2
38.461	-8.945	2.70E-02	0
38.459	-8.908	3.70E-02	2
38.457	-8.872	6.20E-02	0
38.456	-8.835	4.20E-02	3
38.454	-8.799	3.40E-02	0
38.452	-8.763	3.10E-02	3
38.450	-8.728	6.80E-02	0
38.448	-8.692	7.00E-02	3
38.446	-8.656	9.50E-02	0
38.444	-8.622	1.21E-01	3
38.442	-8.586	1.38E-01	0
38.440	-8.551	1.47E-01	3
38.438	-8.517	1.36E-01	0
38.437	-8.482	9.70E-02	3
38.435	-8.448	1.06E-01	0
38.433	-8.414	1.13E-01	3
38.431	-8.380	7.60E-02	0
38.429	-8.346	1.05E-01	3
38.427	-8.313	9.40E-02	0
38.425	-8.279	8.10E-02	3
